29-12-2020 20:21:37.432,10999808,13-09-2021 18:06:24.413,8191,
29-12-2020 20:21:37.432,10999808,13-09-2021 18:06:24.413,8191,
29-12-2020 20:21:37.432,10999808,13-09-2021 18:06:24.413,8191,
29-12-2020 20:21:37.432,10999808,13-09-2021 18:06:24.413,8191,
29-12-2020 20:21:37.432,10999808,13-09-2021 18:06:24.413,8191,
29-12-2020 20:21:37.432,10999808,13-09-2021 18:06:24.413,8191,
29-12-2020 20:21:37.432,10999808,13-09-2021 18:06:24.413,8191,
29-12-2020 20:21:37.432,10999808,13-09-2021 18:06:24.413,8191,
29-12-2020 20:21:37.432,10999808,13-09-2021 18:06:24.413,8191,
29-12-2020 20:21:37.432,10999808,13-09-2021 18:06:24.413,8191,
29-12-2020 20:21:37.432,10999808,13-09-2021 18:06:24.413,8191,
29-12-2020 20:21:37.432,10999808,13-09-2021 18:06:24.413,8191,
29-12-2020 20:21:37.432,10999808,13-09-2021 18:06:24.413,8191,
29-12-2020 20:21:37.432,10999808,13-09-2021 18:06:24.413,8191,
29-12-2020 20:21:37.432,10999808,13-09-2021 18:06:24.413,8191,
29-12-2020 20:21:37.432,10999808,13-09-2021 18:06:24.413,8191,
29-12-2020 20:21:37.432,10999808,13-09-2021 18:06:24.413,8191,
29-12-2020 20:21:37.432,10999808,13-09-2021 18:06:24.413,8191,
29-12-2020 20:21:37.432,10999808,13-09-2021 18:06:24.413,8191,
29-12-2020 20:21:37.432,10999808,13-09-2021 18:06:24.413,8191,
29-12-2020 20:21:37.432,10999808,13-09-2021 18:06:24.413,8191,
29-12-2020 20:21:37.432,10999808,13-09-2021 18:06:24.413,8191,
29-12-2020 20:21:37.432,10999808,13-09-2021 18:06:24.413,8191,
29-12-2020 20:21:37.432,10999808,13-09-2021 18:06:24.413,8191,
29-12-2020 20:21:37.432,10999808,13-09-2021 18:06:24.413,8191,
29-12-2020 20:21:37.432,10999808,13-09-2021 18:06:24.413,8191,
29-12-2020 20:21:37.432,10999808,13-09-2021 18:06:24.413,8191,
29-12-2020 20:21:37.432,10999808,13-09-2021 18:06:24.413,8191,
29-12-2020 20:21:37.432,10999808,13-09-2021 18:06:24.413,8191,
29-12-2020 20:21:37.432,10999808,13-09-2021 18:06:24.413,8191,
29-12-2020 20:21:37.432,10999808,13-09-2021 18:06:24.413,8191,
29-12-2020 20:21:37.432,10999808,13-09-2021 18:06:24.413,8191,
29-12-2020 20:21:37.432,10999808,13-09-2021 18:06:24.413,8191,
29-12-2020 20:21:37.432,10999808,13-09-2021 18:06:24.413,8191,
29-12-2020 20:21:37.432,10999808,13-09-2021 18:06:24.413,8191,
29-12-2020 20:21:37.432,10999808,13-09-2021 18:06:24.413,8191,
29-12-2020 20:21:37.432,10999808,13-09-2021 18:06:24.413,8191,
29-12-2020 20:21:37.432,10999808,13-09-2021 18:06:24.413,8191,
29-12-2020 20:21:37.432,10999808,13-09-2021 18:06:24.413,8191,
29-12-2020 20:21:37.432,10999808,13-09-2021 18:06:24.413,8191,
29-12-2020 20:21:37.432,10999808,13-09-2021 18:06:24.413,8191,
29-12-2020 20:21:37.432,10999808,13-09-2021 18:06:24.413,8191,
29-12-2020 20:21:37.432,10999808,13-09-2021 18:06:24.413,8191,
29-12-2020 20:21:37.432,10999808,13-09-2021 18:06:24.413,8191,
29-12-2020 20:21:37.432,10999808,13-09-2021 18:06:24.413,8191,
29-12-2020 20:21:37.432,10999808,13-09-2021 18:06:24.413,8191,
29-12-2020 20:21:37.432,10999808,13-09-2021 18:06:24.413,8191,
29-12-2020 20:21:37.432,10999808,13-09-2021 18:06:24.413,8191,
29-12-2020 20:21:37.432,10999808,13-09-2021 18:06:24.413,8191,
29-12-2020 20:21:37.432,10999808,13-09-2021 18:06:24.413,8191,
29-12-2020 20:21:37.432,10999808,13-09-2021 18:06:24.413,8191,
29-12-2020 20:21:37.432,10999808,13-09-2021 18:06:24.413,8191,
29-12-2020 20:21:37.432,10999808,13-09-2021 18:06:24.413,8191,
29-12-2020 20:21:37.432,10999808,13-09-2021 18:06:24.413,8191,
29-12-2020 20:21:37.432,10999808,13-09-2021 18:06:24.413,8191,
29-12-2020 20:21:37.432,10999808,13-09-2021 18:06:24.413,8191,
29-12-2020 20:21:37.432,10999808,13-09-2021 18:06:24.413,8191,
29-12-2020 20:21:37.432,10999808,13-09-2021 18:06:24.413,8191,
29-12-2020 20:21:37.432,10999808,13-09-2021 18:06:24.413,8191,
29-12-2020 20:21:37.432,10999808,13-09-2021 18:06:24.413,8191,
29-12-2020 20:21:37.432,10999808,13-09-2021 18:06:24.413,8191,
29-12-2020 20:21:37.432,10999808,13-09-2021 18:06:24.413,8191,
29-12-2020 20:21:37.432,10999808,13-09-2021 18:06:24.413,8191,
29-12-2020 20:21:37.432,10999808,13-09-2021 18:06:24.413,8191,
29-12-2020 20:21:37.432,10999808,13-09-2021 18:06:24.413,8191,
29-12-2020 20:21:37.432,10999808,13-09-2021 18:06:24.413,8191,
29-12-2020 20:21:37.432,10999808,13-09-2021 18:06:24.413,8191,
29-12-2020 20:21:37.432,10999808,13-09-2021 18:06:24.413,8191,
29-12-2020 20:21:37.432,10999808,13-09-2021 18:06:24.413,8191,
29-12-2020 20:21:37.432,10999808,13-09-2021 18:06:24.413,8191,
29-12-2020 20:21:37.432,10999808,13-09-2021 18:06:24.413,8191,
29-12-2020 20:21:37.432,10999808,13-09-2021 18:06:24.413,8191,
29-12-2020 20:21:37.432,10999808,13-09-2021 18:06:24.413,8191,
29-12-2020 20:21:37.432,10999808,13-09-2021 18:06:24.413,8191,
29-12-2020 20:21:37.432,10999808,13-09-2021 18:06:24.413,8191,
29-12-2020 20:21:37.432,10999808,13-09-2021 18:06:24.413,8191,
29-12-2020 20:21:37.432,10999808,13-09-2021 18:06:24.413,8191,
29-12-2020 20:21:37.432,10999808,13-09-2021 18:06:24.413,8191,
29-12-2020 20:21:37.432,10999808,13-09-2021 18:06:24.413,8191,
29-12-2020 20:21:37.432,10999808,13-09-2021 18:06:24.413,8191,
29-12-2020 20:21:37.432,10999808,13-09-2021 18:06:24.413,8191,
29-12-2020 20:21:37.432,10999808,13-09-2021 18:06:24.413,8191,
29-12-2020 20:21:37.432,10999808,13-09-2021 18:06:24.413,8191,
29-12-2020 20:21:37.432,10999808,13-09-2021 18:06:24.413,8191,
29-12-2020 20:21:37.432,10999808,13-09-2021 18:06:24.413,8191,
29-12-2020 20:21:37.432,10999808,13-09-2021 18:06:24.413,8191,
29-12-2020 20:21:37.432,10999808,13-09-2021 18:06:24.413,8191,
29-12-2020 20:21:37.432,10999808,13-09-2021 18:06:24.413,8191,
29-12-2020 20:21:37.432,10999808,13-09-2021 18:06:24.413,8191,
29-12-2020 20:21:37.432,10999808,13-09-2021 18:06:24.413,8191,
29-12-2020 20:21:37.432,10999808,13-09-2021 18:06:24.413,8191,
29-12-2020 20:21:37.432,10999808,13-09-2021 18:06:24.413,8191,
29-12-2020 20:21:37.432,10999808,13-09-2021 18:06:24.413,8191,
29-12-2020 20:21:37.432,10999808,13-09-2021 18:06:24.413,8191,
29-12-2020 20:21:37.432,10999808,13-09-2021 18:06:24.413,8191,
29-12-2020 20:21:37.432,10999808,13-09-2021 18:06:24.413,8191,
29-12-2020 20:21:37.432,10999808,13-09-2021 18:06:24.413,8191,
29-12-2020 20:21:37.432,10999808,13-09-2021 18:06:24.413,8191,
29-12-2020 20:21:37.432,10999808,13-09-2021 18:06:24.413,8191,
29-12-2020 20:21:37.432,10999808,13-09-2021 18:06:24.413,8191,
29-12-2020 20:21:37.432,10999808,13-09-2021 18:06:24.413,8191,
29-12-2020 20:21:37.432,10999808,13-09-2021 18:06:24.413,8191,
29-12-2020 20:21:37.432,10999808,13-09-2021 18:06:24.413,8191,
29-12-2020 20:21:37.432,10999808,13-09-2021 18:06:24.413,8191,
29-12-2020 20:21:37.432,10999808,13-09-2021 18:06:24.413,8191,
29-12-2020 20:21:37.432,10999808,13-09-2021 18:06:24.413,8191,
29-12-2020 20:21:37.432,10999808,13-09-2021 18:06:24.413,8191,
29-12-2020 20:21:37.432,10999808,13-09-2021 18:06:24.413,8191,
29-12-2020 20:21:37.432,10999808,13-09-2021 18:06:24.413,8191,
29-12-2020 20:21:37.432,10999808,13-09-2021 18:06:24.413,8191,
29-12-2020 20:21:37.432,10999808,13-09-2021 18:06:24.413,8191,
29-12-2020 20:21:37.432,10999808,13-09-2021 18:06:24.413,8191,
29-12-2020 20:21:37.432,10999808,13-09-2021 18:06:24.413,8191,
29-12-2020 20:21:37.432,10999808,13-09-2021 18:06:24.413,8191,
29-12-2020 20:21:37.432,10999808,13-09-2021 18:06:24.413,8191,
29-12-2020 20:21:37.432,10999808,13-09-2021 18:06:24.413,8191,
29-12-2020 20:21:37.432,10999808,13-09-2021 18:06:24.413,8191,
29-12-2020 20:21:37.432,10999808,13-09-2021 18:06:24.413,8191,
29-12-2020 20:21:37.432,10999808,13-09-2021 18:06:24.413,8191,
29-12-2020 20:21:37.432,10999808,13-09-2021 18:06:24.413,8191,
29-12-2020 20:21:37.432,10999808,13-09-2021 18:06:24.413,8191,
29-12-2020 20:21:37.432,10999808,13-09-2021 18:06:24.413,8191,
29-12-2020 20:21:37.432,10999808,13-09-2021 18:06:24.413,8191,
29-12-2020 20:21:37.432,10999808,13-09-2021 18:06:24.413,8191,
29-12-2020 20:21:37.432,10999808,13-09-2021 18:06:24.413,8191,
29-12-2020 20:21:37.432,10999808,13-09-2021 18:06:24.413,8191,
29-12-2020 20:21:37.432,10999808,13-09-2021 18:06:24.413,8191,
29-12-2020 20:21:37.432,10999808,13-09-2021 18:06:24.413,8191,
29-12-2020 20:21:37.688,11001856,13-09-2021 18:06:24.413,8191,
29-12-2020 20:21:37.688,11001856,13-09-2021 18:06:24.413,8191,
29-12-2020 20:21:37.688,11001856,13-09-2021 18:06:24.413,8191,
29-12-2020 20:21:37.688,11001856,13-09-2021 18:06:24.413,8191,
29-12-2020 20:21:37.688,11001856,13-09-2021 18:06:24.413,8191,
29-12-2020 20:21:37.688,11001856,13-09-2021 18:06:24.413,8191,
29-12-2020 20:21:37.688,11001856,13-09-2021 18:06:24.413,8191,
29-12-2020 20:21:37.688,11001856,13-09-2021 18:06:24.413,8191,
29-12-2020 20:21:37.688,11001856,13-09-2021 18:06:24.413,8191,
29-12-2020 20:21:37.688,11001856,13-09-2021 18:06:24.413,8191,
29-12-2020 20:21:37.688,11001856,13-09-2021 18:06:24.413,8191,
29-12-2020 20:21:37.688,11001856,13-09-2021 18:06:24.413,8191,
29-12-2020 20:21:37.688,11001856,13-09-2021 18:06:24.413,8191,
29-12-2020 20:21:37.688,11001856,13-09-2021 18:06:24.413,8191,
29-12-2020 20:21:37.688,11001856,13-09-2021 18:06:24.413,8191,
29-12-2020 20:21:37.688,11001856,13-09-2021 18:06:24.413,8191,
29-12-2020 20:21:37.688,11001856,13-09-2021 18:06:24.413,8191,
29-12-2020 20:21:37.688,11001856,13-09-2021 18:06:24.413,8191,
29-12-2020 20:21:37.688,11001856,13-09-2021 18:06:24.413,8191,
29-12-2020 20:21:37.688,11001856,13-09-2021 18:06:24.413,8191,
29-12-2020 20:21:37.688,11001856,13-09-2021 18:06:24.413,8191,
29-12-2020 20:21:37.688,11001856,13-09-2021 18:06:24.413,8191,
29-12-2020 20:21:37.688,11001856,13-09-2021 18:06:24.413,8191,
29-12-2020 20:21:37.688,11001856,13-09-2021 18:06:24.413,8191,
29-12-2020 20:21:37.688,11001856,13-09-2021 18:06:24.413,8191,
29-12-2020 20:21:37.688,11001856,13-09-2021 18:06:24.413,8191,
29-12-2020 20:21:37.688,11001856,13-09-2021 18:06:24.413,8191,
29-12-2020 20:21:37.688,11001856,13-09-2021 18:06:24.413,8191,
29-12-2020 20:21:37.688,11001856,13-09-2021 18:06:24.413,8191,
29-12-2020 20:21:37.688,11001856,13-09-2021 18:06:24.413,8191,
29-12-2020 20:21:37.688,11001856,13-09-2021 18:06:24.413,8191,
29-12-2020 20:21:37.688,11001856,13-09-2021 18:06:24.413,8191,
29-12-2020 20:21:37.688,11001856,13-09-2021 18:06:24.413,8191,
29-12-2020 20:21:37.688,11001856,13-09-2021 18:06:24.413,8191,
29-12-2020 20:21:37.688,11001856,13-09-2021 18:06:24.413,8191,
29-12-2020 20:21:37.688,11001856,13-09-2021 18:06:24.413,8191,
29-12-2020 20:21:37.688,11001856,13-09-2021 18:06:24.413,8191,
29-12-2020 20:21:37.688,11001856,13-09-2021 18:06:24.413,8191,
29-12-2020 20:21:37.688,11001856,13-09-2021 18:06:24.413,8191,
29-12-2020 20:21:37.688,11001856,13-09-2021 18:06:24.413,8191,
29-12-2020 20:21:37.688,11001856,13-09-2021 18:06:24.413,8191,
29-12-2020 20:21:37.688,11001856,13-09-2021 18:06:24.413,8191,
29-12-2020 20:21:37.688,11001856,13-09-2021 18:06:24.413,8191,
29-12-2020 20:21:37.688,11001856,13-09-2021 18:06:24.413,8191,
29-12-2020 20:21:37.688,11001856,13-09-2021 18:06:24.413,8191,
29-12-2020 20:21:37.688,11001856,13-09-2021 18:06:24.413,8191,
29-12-2020 20:21:37.688,11001856,13-09-2021 18:06:24.413,8191,
29-12-2020 20:21:37.688,11001856,13-09-2021 18:06:24.413,8191,
29-12-2020 20:21:37.688,11001856,13-09-2021 18:06:24.413,8191,
29-12-2020 20:21:37.688,11001856,13-09-2021 18:06:24.413,8191,
29-12-2020 20:21:37.688,11001856,13-09-2021 18:06:24.413,8191,
29-12-2020 20:21:37.688,11001856,13-09-2021 18:06:24.413,8191,
29-12-2020 20:21:37.688,11001856,13-09-2021 18:06:24.413,8191,
29-12-2020 20:21:37.688,11001856,13-09-2021 18:06:24.413,8191,
29-12-2020 20:21:37.688,11001856,13-09-2021 18:06:24.413,8191,
29-12-2020 20:21:37.688,11001856,13-09-2021 18:06:24.413,8191,
29-12-2020 20:21:37.688,11001856,13-09-2021 18:06:24.413,8191,
29-12-2020 20:21:37.688,11001856,13-09-2021 18:06:24.413,8191,
29-12-2020 20:21:37.688,11001856,13-09-2021 18:06:24.413,8191,
29-12-2020 20:21:37.688,11001856,13-09-2021 18:06:24.413,8191,
29-12-2020 20:21:37.688,11001856,13-09-2021 18:06:24.413,8191,
29-12-2020 20:21:37.688,11001856,13-09-2021 18:06:24.413,8191,
29-12-2020 20:21:37.688,11001856,13-09-2021 18:06:24.413,8191,
29-12-2020 20:21:37.688,11001856,13-09-2021 18:06:24.413,8191,
29-12-2020 20:21:37.688,11001856,13-09-2021 18:06:24.413,8191,
29-12-2020 20:21:37.688,11001856,13-09-2021 18:06:24.413,8191,
29-12-2020 20:21:37.688,11001856,13-09-2021 18:06:24.413,8191,
29-12-2020 20:21:37.688,11001856,13-09-2021 18:06:24.413,8191,
29-12-2020 20:21:37.688,11001856,13-09-2021 18:06:24.413,8191,
29-12-2020 20:21:37.688,11001856,13-09-2021 18:06:24.413,8191,
29-12-2020 20:21:37.688,11001856,13-09-2021 18:06:24.413,8191,
29-12-2020 20:21:37.688,11001856,13-09-2021 18:06:24.413,8191,
29-12-2020 20:21:37.688,11001856,13-09-2021 18:06:24.413,8191,
29-12-2020 20:21:37.688,11001856,13-09-2021 18:06:24.413,8191,
29-12-2020 20:21:37.688,11001856,13-09-2021 18:06:24.413,8191,
29-12-2020 20:21:37.688,11001856,13-09-2021 18:06:24.413,8191,
29-12-2020 20:21:37.688,11001856,13-09-2021 18:06:24.413,8191,
29-12-2020 20:21:37.688,11001856,13-09-2021 18:06:24.413,8191,
29-12-2020 20:21:37.688,11001856,13-09-2021 18:06:24.413,8191,
29-12-2020 20:21:37.688,11001856,13-09-2021 18:06:24.413,8191,
29-12-2020 20:21:37.688,11001856,13-09-2021 18:06:24.413,8191,
29-12-2020 20:21:37.688,11001856,13-09-2021 18:06:24.413,8191,
29-12-2020 20:21:37.688,11001856,13-09-2021 18:06:24.413,8191,
29-12-2020 20:21:37.688,11001856,13-09-2021 18:06:24.413,8191,
29-12-2020 20:21:37.688,11001856,13-09-2021 18:06:24.413,8191,
29-12-2020 20:21:37.688,11001856,13-09-2021 18:06:24.413,8191,
29-12-2020 20:21:37.688,11001856,13-09-2021 18:06:24.413,8191,
29-12-2020 20:21:37.688,11001856,13-09-2021 18:06:24.413,8191,
29-12-2020 20:21:37.688,11001856,13-09-2021 18:06:24.413,8191,
29-12-2020 20:21:37.688,11001856,13-09-2021 18:06:24.413,8191,
29-12-2020 20:21:37.688,11001856,13-09-2021 18:06:24.413,8191,
29-12-2020 20:21:37.688,11001856,13-09-2021 18:06:24.413,8191,
29-12-2020 20:21:37.688,11001856,13-09-2021 18:06:24.413,8191,
29-12-2020 20:21:37.688,11001856,13-09-2021 18:06:24.413,8191,
29-12-2020 20:21:37.688,11001856,13-09-2021 18:06:24.413,8191,
29-12-2020 20:21:37.688,11001856,13-09-2021 18:06:24.413,8191,
29-12-2020 20:21:37.688,11001856,13-09-2021 18:06:24.413,8191,
29-12-2020 20:21:37.688,11001856,13-09-2021 18:06:24.413,8191,
29-12-2020 20:21:37.688,11001856,13-09-2021 18:06:24.413,8191,
29-12-2020 20:21:37.688,11001856,13-09-2021 18:06:24.413,8191,
29-12-2020 20:21:37.688,11001856,13-09-2021 18:06:24.413,8191,
29-12-2020 20:21:37.688,11001856,13-09-2021 18:06:24.413,8191,
29-12-2020 20:21:37.688,11001856,13-09-2021 18:06:24.413,8191,
29-12-2020 20:21:37.688,11001856,13-09-2021 18:06:24.413,8191,
29-12-2020 20:21:37.688,11001856,13-09-2021 18:06:24.413,8191,
29-12-2020 20:21:37.688,11001856,13-09-2021 18:06:24.413,8191,
29-12-2020 20:21:37.688,11001856,13-09-2021 18:06:24.413,8191,
29-12-2020 20:21:37.688,11001856,13-09-2021 18:06:24.413,8191,
29-12-2020 20:21:37.688,11001856,13-09-2021 18:06:24.413,8191,
29-12-2020 20:21:37.688,11001856,13-09-2021 18:06:24.413,8191,
29-12-2020 20:21:37.688,11001856,13-09-2021 18:06:24.413,8191,
29-12-2020 20:21:37.688,11001856,13-09-2021 18:06:24.413,8191,
29-12-2020 20:21:37.688,11001856,13-09-2021 18:06:24.413,8191,
29-12-2020 20:21:37.688,11001856,13-09-2021 18:06:24.413,8191,
29-12-2020 20:21:37.688,11001856,13-09-2021 18:06:24.413,8191,
29-12-2020 20:21:37.688,11001856,13-09-2021 18:06:24.413,8191,
29-12-2020 20:21:37.688,11001856,13-09-2021 18:06:24.413,8191,
29-12-2020 20:21:37.688,11001856,13-09-2021 18:06:24.413,8191,
29-12-2020 20:21:37.688,11001856,13-09-2021 18:06:24.413,8191,
29-12-2020 20:21:37.688,11001856,13-09-2021 18:06:24.413,8191,
29-12-2020 20:21:37.688,11001856,13-09-2021 18:06:24.413,8191,
29-12-2020 20:21:37.688,11001856,13-09-2021 18:06:24.413,8191,
29-12-2020 20:21:37.688,11001856,13-09-2021 18:06:24.413,8191,
29-12-2020 20:21:37.688,11001856,13-09-2021 18:06:24.413,8191,
29-12-2020 20:21:37.688,11001856,13-09-2021 18:06:24.413,8191,
29-12-2020 20:21:37.688,11001856,13-09-2021 18:06:24.413,8191,
29-12-2020 20:21:37.688,11001856,13-09-2021 18:06:24.413,8191,
29-12-2020 20:21:37.688,11001856,13-09-2021 18:06:24.413,8191,
29-12-2020 20:21:37.944,11003904,13-09-2021 18:06:24.429,8191,
29-12-2020 20:21:37.944,11003904,13-09-2021 18:06:24.429,8191,
29-12-2020 20:21:37.944,11003904,13-09-2021 18:06:24.429,8191,
29-12-2020 20:21:37.944,11003904,13-09-2021 18:06:24.429,8191,
29-12-2020 20:21:37.944,11003904,13-09-2021 18:06:24.429,8191,
29-12-2020 20:21:37.944,11003904,13-09-2021 18:06:24.429,8191,
29-12-2020 20:21:37.944,11003904,13-09-2021 18:06:24.429,8191,
29-12-2020 20:21:37.944,11003904,13-09-2021 18:06:24.429,8191,
29-12-2020 20:21:37.944,11003904,13-09-2021 18:06:24.429,8191,
29-12-2020 20:21:37.944,11003904,13-09-2021 18:06:24.429,8191,
29-12-2020 20:21:37.944,11003904,13-09-2021 18:06:24.429,8191,
29-12-2020 20:21:37.944,11003904,13-09-2021 18:06:24.429,8191,
29-12-2020 20:21:37.944,11003904,13-09-2021 18:06:24.429,8191,
29-12-2020 20:21:37.944,11003904,13-09-2021 18:06:24.429,8191,
29-12-2020 20:21:37.944,11003904,13-09-2021 18:06:24.429,8191,
29-12-2020 20:21:37.944,11003904,13-09-2021 18:06:24.429,8191,
29-12-2020 20:21:37.944,11003904,13-09-2021 18:06:24.429,8191,
29-12-2020 20:21:37.944,11003904,13-09-2021 18:06:24.429,8191,
29-12-2020 20:21:37.944,11003904,13-09-2021 18:06:24.429,8191,
29-12-2020 20:21:37.944,11003904,13-09-2021 18:06:24.429,8191,
29-12-2020 20:21:37.944,11003904,13-09-2021 18:06:24.429,8191,
29-12-2020 20:21:37.944,11003904,13-09-2021 18:06:24.429,8191,
29-12-2020 20:21:37.944,11003904,13-09-2021 18:06:24.429,8191,
29-12-2020 20:21:37.944,11003904,13-09-2021 18:06:24.429,8191,
29-12-2020 20:21:37.944,11003904,13-09-2021 18:06:24.429,8191,
29-12-2020 20:21:37.944,11003904,13-09-2021 18:06:24.429,8191,
29-12-2020 20:21:37.944,11003904,13-09-2021 18:06:24.429,8191,
29-12-2020 20:21:37.944,11003904,13-09-2021 18:06:24.429,8191,
29-12-2020 20:21:37.944,11003904,13-09-2021 18:06:24.429,8191,
29-12-2020 20:21:37.944,11003904,13-09-2021 18:06:24.429,8191,
29-12-2020 20:21:37.944,11003904,13-09-2021 18:06:24.429,8191,
29-12-2020 20:21:37.944,11003904,13-09-2021 18:06:24.429,8191,
29-12-2020 20:21:37.944,11003904,13-09-2021 18:06:24.429,8191,
29-12-2020 20:21:37.944,11003904,13-09-2021 18:06:24.429,8191,
29-12-2020 20:21:37.944,11003904,13-09-2021 18:06:24.429,8191,
29-12-2020 20:21:37.944,11003904,13-09-2021 18:06:24.429,8191,
29-12-2020 20:21:37.944,11003904,13-09-2021 18:06:24.429,8191,
29-12-2020 20:21:37.944,11003904,13-09-2021 18:06:24.429,8191,
29-12-2020 20:21:37.944,11003904,13-09-2021 18:06:24.429,8191,
29-12-2020 20:21:37.944,11003904,13-09-2021 18:06:24.429,8191,
29-12-2020 20:21:37.944,11003904,13-09-2021 18:06:24.429,8191,
29-12-2020 20:21:37.944,11003904,13-09-2021 18:06:24.429,8191,
29-12-2020 20:21:37.944,11003904,13-09-2021 18:06:24.429,8191,
29-12-2020 20:21:37.944,11003904,13-09-2021 18:06:24.429,8191,
29-12-2020 20:21:37.944,11003904,13-09-2021 18:06:24.429,8191,
29-12-2020 20:21:37.944,11003904,13-09-2021 18:06:24.429,8191,
29-12-2020 20:21:37.944,11003904,13-09-2021 18:06:24.429,8191,
29-12-2020 20:21:37.944,11003904,13-09-2021 18:06:24.429,8191,
29-12-2020 20:21:37.944,11003904,13-09-2021 18:06:24.429,8191,
29-12-2020 20:21:37.944,11003904,13-09-2021 18:06:24.429,8191,
29-12-2020 20:21:37.944,11003904,13-09-2021 18:06:24.429,8191,
29-12-2020 20:21:37.944,11003904,13-09-2021 18:06:24.429,8191,
29-12-2020 20:21:37.944,11003904,13-09-2021 18:06:24.429,8191,
29-12-2020 20:21:37.944,11003904,13-09-2021 18:06:24.429,8191,
29-12-2020 20:21:37.944,11003904,13-09-2021 18:06:24.429,8191,
29-12-2020 20:21:37.944,11003904,13-09-2021 18:06:24.429,8191,
29-12-2020 20:21:37.944,11003904,13-09-2021 18:06:24.429,8191,
29-12-2020 20:21:37.944,11003904,13-09-2021 18:06:24.429,8191,
29-12-2020 20:21:37.944,11003904,13-09-2021 18:06:24.429,8191,
29-12-2020 20:21:37.944,11003904,13-09-2021 18:06:24.429,8191,
29-12-2020 20:21:37.944,11003904,13-09-2021 18:06:24.429,8191,
29-12-2020 20:21:37.944,11003904,13-09-2021 18:06:24.429,8191,
29-12-2020 20:21:37.944,11003904,13-09-2021 18:06:24.429,8191,
29-12-2020 20:21:37.944,11003904,13-09-2021 18:06:24.429,8191,
29-12-2020 20:21:37.944,11003904,13-09-2021 18:06:24.429,8191,
29-12-2020 20:21:37.944,11003904,13-09-2021 18:06:24.429,8191,
29-12-2020 20:21:37.944,11003904,13-09-2021 18:06:24.429,8191,
29-12-2020 20:21:37.944,11003904,13-09-2021 18:06:24.429,8191,
29-12-2020 20:21:37.944,11003904,13-09-2021 18:06:24.429,8191,
29-12-2020 20:21:37.944,11003904,13-09-2021 18:06:24.429,8191,
29-12-2020 20:21:37.944,11003904,13-09-2021 18:06:24.429,8191,
29-12-2020 20:21:37.944,11003904,13-09-2021 18:06:24.429,8191,
29-12-2020 20:21:37.944,11003904,13-09-2021 18:06:24.429,8191,
29-12-2020 20:21:37.944,11003904,13-09-2021 18:06:24.429,8191,
29-12-2020 20:21:37.944,11003904,13-09-2021 18:06:24.429,8191,
29-12-2020 20:21:37.944,11003904,13-09-2021 18:06:24.429,8191,
29-12-2020 20:21:37.944,11003904,13-09-2021 18:06:24.429,8191,
29-12-2020 20:21:37.944,11003904,13-09-2021 18:06:24.429,8191,
29-12-2020 20:21:37.944,11003904,13-09-2021 18:06:24.429,8191,
29-12-2020 20:21:37.944,11003904,13-09-2021 18:06:24.429,8191,
29-12-2020 20:21:37.944,11003904,13-09-2021 18:06:24.429,8191,
29-12-2020 20:21:37.944,11003904,13-09-2021 18:06:24.429,8191,
29-12-2020 20:21:37.944,11003904,13-09-2021 18:06:24.429,8191,
29-12-2020 20:21:37.944,11003904,13-09-2021 18:06:24.429,8191,
29-12-2020 20:21:37.944,11003904,13-09-2021 18:06:24.429,8191,
29-12-2020 20:21:37.944,11003904,13-09-2021 18:06:24.429,8191,
29-12-2020 20:21:37.944,11003904,13-09-2021 18:06:24.429,8191,
29-12-2020 20:21:37.944,11003904,13-09-2021 18:06:24.429,8191,
29-12-2020 20:21:37.944,11003904,13-09-2021 18:06:24.429,8191,
29-12-2020 20:21:37.944,11003904,13-09-2021 18:06:24.429,8191,
29-12-2020 20:21:37.944,11003904,13-09-2021 18:06:24.429,8191,
29-12-2020 20:21:37.944,11003904,13-09-2021 18:06:24.429,8191,
29-12-2020 20:21:37.944,11003904,13-09-2021 18:06:24.429,8191,
29-12-2020 20:21:37.944,11003904,13-09-2021 18:06:24.429,8191,
29-12-2020 20:21:37.944,11003904,13-09-2021 18:06:24.429,8191,
29-12-2020 20:21:37.944,11003904,13-09-2021 18:06:24.429,8191,
29-12-2020 20:21:37.944,11003904,13-09-2021 18:06:24.429,8191,
29-12-2020 20:21:37.944,11003904,13-09-2021 18:06:24.429,8191,
29-12-2020 20:21:37.944,11003904,13-09-2021 18:06:24.429,8191,
29-12-2020 20:21:37.944,11003904,13-09-2021 18:06:24.429,8191,
29-12-2020 20:21:37.944,11003904,13-09-2021 18:06:24.429,8191,
29-12-2020 20:21:37.944,11003904,13-09-2021 18:06:24.429,8191,
29-12-2020 20:21:37.944,11003904,13-09-2021 18:06:24.429,8191,
29-12-2020 20:21:37.944,11003904,13-09-2021 18:06:24.429,8191,
29-12-2020 20:21:37.944,11003904,13-09-2021 18:06:24.429,8191,
29-12-2020 20:21:37.944,11003904,13-09-2021 18:06:24.429,8191,
29-12-2020 20:21:37.944,11003904,13-09-2021 18:06:24.429,8191,
29-12-2020 20:21:37.944,11003904,13-09-2021 18:06:24.429,8191,
29-12-2020 20:21:37.944,11003904,13-09-2021 18:06:24.429,8191,
29-12-2020 20:21:37.944,11003904,13-09-2021 18:06:24.429,8191,
29-12-2020 20:21:37.944,11003904,13-09-2021 18:06:24.429,8191,
29-12-2020 20:21:37.944,11003904,13-09-2021 18:06:24.429,8191,
29-12-2020 20:21:37.944,11003904,13-09-2021 18:06:24.429,8191,
29-12-2020 20:21:37.944,11003904,13-09-2021 18:06:24.429,8191,
29-12-2020 20:21:37.944,11003904,13-09-2021 18:06:24.429,8191,
29-12-2020 20:21:37.944,11003904,13-09-2021 18:06:24.429,8191,
29-12-2020 20:21:37.944,11003904,13-09-2021 18:06:24.429,8191,
29-12-2020 20:21:37.944,11003904,13-09-2021 18:06:24.429,8191,
29-12-2020 20:21:37.944,11003904,13-09-2021 18:06:24.429,8191,
29-12-2020 20:21:37.944,11003904,13-09-2021 18:06:24.429,8191,
29-12-2020 20:21:37.944,11003904,13-09-2021 18:06:24.429,8191,
29-12-2020 20:21:37.944,11003904,13-09-2021 18:06:24.429,8191,
29-12-2020 20:21:37.944,11003904,13-09-2021 18:06:24.429,8191,
29-12-2020 20:21:37.944,11003904,13-09-2021 18:06:24.429,8191,
29-12-2020 20:21:37.944,11003904,13-09-2021 18:06:24.429,8191,
29-12-2020 20:21:37.944,11003904,13-09-2021 18:06:24.429,8191,
29-12-2020 20:21:37.944,11003904,13-09-2021 18:06:24.429,8191,
29-12-2020 20:21:37.944,11003904,13-09-2021 18:06:24.429,8191,
29-12-2020 20:21:38.200,11005952,13-09-2021 18:06:25.429,8191,
29-12-2020 20:21:38.200,11005952,13-09-2021 18:06:25.429,8191,
29-12-2020 20:21:38.200,11005952,13-09-2021 18:06:25.429,8191,
29-12-2020 20:21:38.200,11005952,13-09-2021 18:06:25.429,8191,
29-12-2020 20:21:38.200,11005952,13-09-2021 18:06:25.429,8191,
29-12-2020 20:21:38.200,11005952,13-09-2021 18:06:25.429,8191,
29-12-2020 20:21:38.200,11005952,13-09-2021 18:06:25.429,8191,
29-12-2020 20:21:38.200,11005952,13-09-2021 18:06:25.429,8191,
29-12-2020 20:21:38.200,11005952,13-09-2021 18:06:25.429,8191,
29-12-2020 20:21:38.200,11005952,13-09-2021 18:06:25.429,8191,
29-12-2020 20:21:38.200,11005952,13-09-2021 18:06:25.429,8191,
29-12-2020 20:21:38.200,11005952,13-09-2021 18:06:25.429,8191,
29-12-2020 20:21:38.200,11005952,13-09-2021 18:06:25.429,8191,
29-12-2020 20:21:38.200,11005952,13-09-2021 18:06:25.429,8191,
29-12-2020 20:21:38.200,11005952,13-09-2021 18:06:25.429,8191,
29-12-2020 20:21:38.200,11005952,13-09-2021 18:06:25.429,8191,
29-12-2020 20:21:38.200,11005952,13-09-2021 18:06:25.429,8191,
29-12-2020 20:21:38.200,11005952,13-09-2021 18:06:25.429,8191,
29-12-2020 20:21:38.200,11005952,13-09-2021 18:06:25.429,8191,
29-12-2020 20:21:38.200,11005952,13-09-2021 18:06:25.429,8191,
29-12-2020 20:21:38.200,11005952,13-09-2021 18:06:25.429,8191,
29-12-2020 20:21:38.200,11005952,13-09-2021 18:06:25.429,8191,
29-12-2020 20:21:38.200,11005952,13-09-2021 18:06:25.429,8191,
29-12-2020 20:21:38.200,11005952,13-09-2021 18:06:25.429,8191,
29-12-2020 20:21:38.200,11005952,13-09-2021 18:06:25.429,8191,
29-12-2020 20:21:38.200,11005952,13-09-2021 18:06:25.429,8191,
29-12-2020 20:21:38.200,11005952,13-09-2021 18:06:25.429,8191,
29-12-2020 20:21:38.200,11005952,13-09-2021 18:06:25.429,8191,
29-12-2020 20:21:38.200,11005952,13-09-2021 18:06:25.429,8191,
29-12-2020 20:21:38.200,11005952,13-09-2021 18:06:25.429,8191,
29-12-2020 20:21:38.200,11005952,13-09-2021 18:06:25.429,8191,
29-12-2020 20:21:38.200,11005952,13-09-2021 18:06:25.429,8191,
29-12-2020 20:21:38.200,11005952,13-09-2021 18:06:25.429,8191,
29-12-2020 20:21:38.200,11005952,13-09-2021 18:06:25.429,8191,
29-12-2020 20:21:38.200,11005952,13-09-2021 18:06:25.429,8191,
29-12-2020 20:21:38.200,11005952,13-09-2021 18:06:25.429,8191,
29-12-2020 20:21:38.200,11005952,13-09-2021 18:06:25.429,8191,
29-12-2020 20:21:38.200,11005952,13-09-2021 18:06:25.429,8191,
29-12-2020 20:21:38.200,11005952,13-09-2021 18:06:25.429,8191,
29-12-2020 20:21:38.200,11005952,13-09-2021 18:06:25.429,8191,
29-12-2020 20:21:38.200,11005952,13-09-2021 18:06:25.429,8191,
29-12-2020 20:21:38.200,11005952,13-09-2021 18:06:25.429,8191,
29-12-2020 20:21:38.200,11005952,13-09-2021 18:06:25.429,8191,
29-12-2020 20:21:38.200,11005952,13-09-2021 18:06:25.429,8191,
29-12-2020 20:21:38.200,11005952,13-09-2021 18:06:25.429,8191,
29-12-2020 20:21:38.200,11005952,13-09-2021 18:06:25.429,8191,
29-12-2020 20:21:38.200,11005952,13-09-2021 18:06:25.429,8191,
29-12-2020 20:21:38.200,11005952,13-09-2021 18:06:25.429,8191,
29-12-2020 20:21:38.200,11005952,13-09-2021 18:06:25.429,8191,
29-12-2020 20:21:38.200,11005952,13-09-2021 18:06:25.429,8191,
29-12-2020 20:21:38.200,11005952,13-09-2021 18:06:25.429,8191,
29-12-2020 20:21:38.200,11005952,13-09-2021 18:06:25.429,8191,
29-12-2020 20:21:38.200,11005952,13-09-2021 18:06:25.429,8191,
29-12-2020 20:21:38.200,11005952,13-09-2021 18:06:25.429,8191,
29-12-2020 20:21:38.200,11005952,13-09-2021 18:06:25.429,8191,
29-12-2020 20:21:38.200,11005952,13-09-2021 18:06:25.429,8191,
29-12-2020 20:21:38.200,11005952,13-09-2021 18:06:25.429,8191,
29-12-2020 20:21:38.200,11005952,13-09-2021 18:06:25.429,8191,
29-12-2020 20:21:38.200,11005952,13-09-2021 18:06:25.429,8191,
29-12-2020 20:21:38.200,11005952,13-09-2021 18:06:25.429,8191,
29-12-2020 20:21:38.200,11005952,13-09-2021 18:06:25.429,8191,
29-12-2020 20:21:38.200,11005952,13-09-2021 18:06:25.429,8191,
29-12-2020 20:21:38.200,11005952,13-09-2021 18:06:25.429,8191,
29-12-2020 20:21:38.200,11005952,13-09-2021 18:06:25.429,8191,
29-12-2020 20:21:38.200,11005952,13-09-2021 18:06:25.429,8191,
29-12-2020 20:21:38.200,11005952,13-09-2021 18:06:25.429,8191,
29-12-2020 20:21:38.200,11005952,13-09-2021 18:06:25.429,8191,
29-12-2020 20:21:38.200,11005952,13-09-2021 18:06:25.429,8191,
29-12-2020 20:21:38.200,11005952,13-09-2021 18:06:25.429,8191,
29-12-2020 20:21:38.200,11005952,13-09-2021 18:06:25.429,8191,
29-12-2020 20:21:38.200,11005952,13-09-2021 18:06:25.429,8191,
29-12-2020 20:21:38.200,11005952,13-09-2021 18:06:25.429,8191,
29-12-2020 20:21:38.200,11005952,13-09-2021 18:06:25.429,8191,
29-12-2020 20:21:38.200,11005952,13-09-2021 18:06:25.429,8191,
29-12-2020 20:21:38.200,11005952,13-09-2021 18:06:25.429,8191,
29-12-2020 20:21:38.200,11005952,13-09-2021 18:06:25.429,8191,
29-12-2020 20:21:38.200,11005952,13-09-2021 18:06:25.429,8191,
29-12-2020 20:21:38.200,11005952,13-09-2021 18:06:25.429,8191,
29-12-2020 20:21:38.200,11005952,13-09-2021 18:06:25.429,8191,
29-12-2020 20:21:38.200,11005952,13-09-2021 18:06:25.429,8191,
29-12-2020 20:21:38.200,11005952,13-09-2021 18:06:25.429,8191,
29-12-2020 20:21:38.200,11005952,13-09-2021 18:06:25.429,8191,
29-12-2020 20:21:38.200,11005952,13-09-2021 18:06:25.429,8191,
29-12-2020 20:21:38.200,11005952,13-09-2021 18:06:25.429,8191,
29-12-2020 20:21:38.200,11005952,13-09-2021 18:06:25.429,8191,
29-12-2020 20:21:38.200,11005952,13-09-2021 18:06:25.429,8191,
29-12-2020 20:21:38.200,11005952,13-09-2021 18:06:25.429,8191,
29-12-2020 20:21:38.200,11005952,13-09-2021 18:06:25.429,8191,
29-12-2020 20:21:38.200,11005952,13-09-2021 18:06:25.429,8191,
29-12-2020 20:21:38.200,11005952,13-09-2021 18:06:25.429,8191,
29-12-2020 20:21:38.200,11005952,13-09-2021 18:06:25.429,8191,
29-12-2020 20:21:38.200,11005952,13-09-2021 18:06:25.429,8191,
29-12-2020 20:21:38.200,11005952,13-09-2021 18:06:25.429,8191,
29-12-2020 20:21:38.200,11005952,13-09-2021 18:06:25.429,8191,
29-12-2020 20:21:38.200,11005952,13-09-2021 18:06:25.429,8191,
29-12-2020 20:21:38.200,11005952,13-09-2021 18:06:25.429,8191,
29-12-2020 20:21:38.200,11005952,13-09-2021 18:06:25.429,8191,
29-12-2020 20:21:38.200,11005952,13-09-2021 18:06:25.429,8191,
29-12-2020 20:21:38.200,11005952,13-09-2021 18:06:25.429,8191,
29-12-2020 20:21:38.200,11005952,13-09-2021 18:06:25.429,8191,
29-12-2020 20:21:38.200,11005952,13-09-2021 18:06:25.429,8191,
29-12-2020 20:21:38.200,11005952,13-09-2021 18:06:25.429,8191,
29-12-2020 20:21:38.200,11005952,13-09-2021 18:06:25.429,8191,
29-12-2020 20:21:38.200,11005952,13-09-2021 18:06:25.429,8191,
29-12-2020 20:21:38.200,11005952,13-09-2021 18:06:25.429,8191,
29-12-2020 20:21:38.200,11005952,13-09-2021 18:06:25.429,8191,
29-12-2020 20:21:38.200,11005952,13-09-2021 18:06:25.429,8191,
29-12-2020 20:21:38.200,11005952,13-09-2021 18:06:25.429,8191,
29-12-2020 20:21:38.200,11005952,13-09-2021 18:06:25.429,8191,
29-12-2020 20:21:38.200,11005952,13-09-2021 18:06:25.429,8191,
29-12-2020 20:21:38.200,11005952,13-09-2021 18:06:25.429,8191,
29-12-2020 20:21:38.200,11005952,13-09-2021 18:06:25.429,8191,
29-12-2020 20:21:38.200,11005952,13-09-2021 18:06:25.429,8191,
29-12-2020 20:21:38.200,11005952,13-09-2021 18:06:25.429,8191,
29-12-2020 20:21:38.200,11005952,13-09-2021 18:06:25.429,8191,
29-12-2020 20:21:38.200,11005952,13-09-2021 18:06:25.429,8191,
29-12-2020 20:21:38.200,11005952,13-09-2021 18:06:25.429,8191,
29-12-2020 20:21:38.200,11005952,13-09-2021 18:06:25.429,8191,
29-12-2020 20:21:38.200,11005952,13-09-2021 18:06:25.429,8191,
29-12-2020 20:21:38.200,11005952,13-09-2021 18:06:25.429,8191,
29-12-2020 20:21:38.200,11005952,13-09-2021 18:06:25.429,8191,
29-12-2020 20:21:38.200,11005952,13-09-2021 18:06:25.429,8191,
29-12-2020 20:21:38.200,11005952,13-09-2021 18:06:25.429,8191,
29-12-2020 20:21:38.200,11005952,13-09-2021 18:06:25.429,8191,
29-12-2020 20:21:38.200,11005952,13-09-2021 18:06:25.429,8191,
29-12-2020 20:21:38.200,11005952,13-09-2021 18:06:25.429,8191,
29-12-2020 20:21:38.200,11005952,13-09-2021 18:06:25.429,8191,
29-12-2020 20:21:38.200,11005952,13-09-2021 18:06:25.429,8191,
29-12-2020 20:21:38.456,11008000,13-09-2021 18:06:25.444,8191,
29-12-2020 20:21:38.456,11008000,13-09-2021 18:06:25.444,8191,
29-12-2020 20:21:38.456,11008000,13-09-2021 18:06:25.444,8191,
29-12-2020 20:21:38.456,11008000,13-09-2021 18:06:25.444,8191,
29-12-2020 20:21:38.456,11008000,13-09-2021 18:06:25.444,8191,
29-12-2020 20:21:38.456,11008000,13-09-2021 18:06:25.444,8191,
29-12-2020 20:21:38.456,11008000,13-09-2021 18:06:25.444,8191,
29-12-2020 20:21:38.456,11008000,13-09-2021 18:06:25.444,8191,
29-12-2020 20:21:38.456,11008000,13-09-2021 18:06:25.444,8191,
29-12-2020 20:21:38.456,11008000,13-09-2021 18:06:25.444,8191,
29-12-2020 20:21:38.456,11008000,13-09-2021 18:06:25.444,8191,
29-12-2020 20:21:38.456,11008000,13-09-2021 18:06:25.444,8191,
29-12-2020 20:21:38.456,11008000,13-09-2021 18:06:25.444,8191,
29-12-2020 20:21:38.456,11008000,13-09-2021 18:06:25.444,8191,
29-12-2020 20:21:38.456,11008000,13-09-2021 18:06:25.444,8191,
29-12-2020 20:21:38.456,11008000,13-09-2021 18:06:25.444,8191,
29-12-2020 20:21:38.456,11008000,13-09-2021 18:06:25.444,8191,
29-12-2020 20:21:38.456,11008000,13-09-2021 18:06:25.444,8191,
29-12-2020 20:21:38.456,11008000,13-09-2021 18:06:25.444,8191,
29-12-2020 20:21:38.456,11008000,13-09-2021 18:06:25.444,8191,
29-12-2020 20:21:38.456,11008000,13-09-2021 18:06:25.444,8191,
29-12-2020 20:21:38.456,11008000,13-09-2021 18:06:25.444,8191,
29-12-2020 20:21:38.456,11008000,13-09-2021 18:06:25.444,8191,
29-12-2020 20:21:38.456,11008000,13-09-2021 18:06:25.444,8191,
29-12-2020 20:21:38.456,11008000,13-09-2021 18:06:25.444,8191,
29-12-2020 20:21:38.456,11008000,13-09-2021 18:06:25.444,8191,
29-12-2020 20:21:38.456,11008000,13-09-2021 18:06:25.444,8191,
29-12-2020 20:21:38.456,11008000,13-09-2021 18:06:25.444,8191,
29-12-2020 20:21:38.456,11008000,13-09-2021 18:06:25.444,8191,
29-12-2020 20:21:38.456,11008000,13-09-2021 18:06:25.444,8191,
29-12-2020 20:21:38.456,11008000,13-09-2021 18:06:25.444,8191,
29-12-2020 20:21:38.456,11008000,13-09-2021 18:06:25.444,8191,
29-12-2020 20:21:38.456,11008000,13-09-2021 18:06:25.444,8191,
29-12-2020 20:21:38.456,11008000,13-09-2021 18:06:25.444,8191,
29-12-2020 20:21:38.456,11008000,13-09-2021 18:06:25.444,8191,
29-12-2020 20:21:38.456,11008000,13-09-2021 18:06:25.444,8191,
29-12-2020 20:21:38.456,11008000,13-09-2021 18:06:25.444,8191,
29-12-2020 20:21:38.456,11008000,13-09-2021 18:06:25.444,8191,
29-12-2020 20:21:38.456,11008000,13-09-2021 18:06:25.444,8191,
29-12-2020 20:21:38.456,11008000,13-09-2021 18:06:25.444,8191,
29-12-2020 20:21:38.456,11008000,13-09-2021 18:06:25.444,8191,
29-12-2020 20:21:38.456,11008000,13-09-2021 18:06:25.444,8191,
29-12-2020 20:21:38.456,11008000,13-09-2021 18:06:25.444,8191,
29-12-2020 20:21:38.456,11008000,13-09-2021 18:06:25.444,8191,
29-12-2020 20:21:38.456,11008000,13-09-2021 18:06:25.444,8191,
29-12-2020 20:21:38.456,11008000,13-09-2021 18:06:25.444,8191,
29-12-2020 20:21:38.456,11008000,13-09-2021 18:06:25.444,8191,
29-12-2020 20:21:38.456,11008000,13-09-2021 18:06:25.444,8191,
29-12-2020 20:21:38.456,11008000,13-09-2021 18:06:25.444,8191,
29-12-2020 20:21:38.456,11008000,13-09-2021 18:06:25.444,8191,
29-12-2020 20:21:38.456,11008000,13-09-2021 18:06:25.444,8191,
29-12-2020 20:21:38.456,11008000,13-09-2021 18:06:25.444,8191,
29-12-2020 20:21:38.456,11008000,13-09-2021 18:06:25.444,8191,
29-12-2020 20:21:38.456,11008000,13-09-2021 18:06:25.444,8191,
29-12-2020 20:21:38.456,11008000,13-09-2021 18:06:25.444,8191,
29-12-2020 20:21:38.456,11008000,13-09-2021 18:06:25.444,8191,
29-12-2020 20:21:38.456,11008000,13-09-2021 18:06:25.444,8191,
29-12-2020 20:21:38.456,11008000,13-09-2021 18:06:25.444,8191,
29-12-2020 20:21:38.456,11008000,13-09-2021 18:06:25.444,8191,
29-12-2020 20:21:38.456,11008000,13-09-2021 18:06:25.444,8191,
29-12-2020 20:21:38.456,11008000,13-09-2021 18:06:25.444,8191,
29-12-2020 20:21:38.456,11008000,13-09-2021 18:06:25.444,8191,
29-12-2020 20:21:38.456,11008000,13-09-2021 18:06:25.444,8191,
29-12-2020 20:21:38.456,11008000,13-09-2021 18:06:25.444,8191,
29-12-2020 20:21:38.456,11008000,13-09-2021 18:06:25.444,8191,
29-12-2020 20:21:38.456,11008000,13-09-2021 18:06:25.444,8191,
29-12-2020 20:21:38.456,11008000,13-09-2021 18:06:25.444,8191,
29-12-2020 20:21:38.456,11008000,13-09-2021 18:06:25.444,8191,
29-12-2020 20:21:38.456,11008000,13-09-2021 18:06:25.444,8191,
29-12-2020 20:21:38.456,11008000,13-09-2021 18:06:25.444,8191,
29-12-2020 20:21:38.456,11008000,13-09-2021 18:06:25.444,8191,
29-12-2020 20:21:38.456,11008000,13-09-2021 18:06:25.444,8191,
29-12-2020 20:21:38.456,11008000,13-09-2021 18:06:25.444,8191,
29-12-2020 20:21:38.456,11008000,13-09-2021 18:06:25.444,8191,
29-12-2020 20:21:38.456,11008000,13-09-2021 18:06:25.444,8191,
29-12-2020 20:21:38.456,11008000,13-09-2021 18:06:25.444,8191,
29-12-2020 20:21:38.456,11008000,13-09-2021 18:06:25.444,8191,
29-12-2020 20:21:38.456,11008000,13-09-2021 18:06:25.444,8191,
29-12-2020 20:21:38.456,11008000,13-09-2021 18:06:25.444,8191,
29-12-2020 20:21:38.456,11008000,13-09-2021 18:06:25.444,8191,
29-12-2020 20:21:38.456,11008000,13-09-2021 18:06:25.444,8191,
29-12-2020 20:21:38.456,11008000,13-09-2021 18:06:25.444,8191,
29-12-2020 20:21:38.456,11008000,13-09-2021 18:06:25.444,8191,
29-12-2020 20:21:38.456,11008000,13-09-2021 18:06:25.444,8191,
29-12-2020 20:21:38.456,11008000,13-09-2021 18:06:25.444,8191,
29-12-2020 20:21:38.456,11008000,13-09-2021 18:06:25.444,8191,
29-12-2020 20:21:38.456,11008000,13-09-2021 18:06:25.444,8191,
29-12-2020 20:21:38.456,11008000,13-09-2021 18:06:25.444,8191,
29-12-2020 20:21:38.456,11008000,13-09-2021 18:06:25.444,8191,
29-12-2020 20:21:38.456,11008000,13-09-2021 18:06:25.444,8191,
29-12-2020 20:21:38.456,11008000,13-09-2021 18:06:25.444,8191,
29-12-2020 20:21:38.456,11008000,13-09-2021 18:06:25.444,8191,
29-12-2020 20:21:38.456,11008000,13-09-2021 18:06:25.444,8191,
29-12-2020 20:21:38.456,11008000,13-09-2021 18:06:25.444,8191,
29-12-2020 20:21:38.456,11008000,13-09-2021 18:06:25.444,8191,
29-12-2020 20:21:38.456,11008000,13-09-2021 18:06:25.444,8191,
29-12-2020 20:21:38.456,11008000,13-09-2021 18:06:25.444,8191,
29-12-2020 20:21:38.456,11008000,13-09-2021 18:06:25.444,8191,
29-12-2020 20:21:38.456,11008000,13-09-2021 18:06:25.444,8191,
29-12-2020 20:21:38.456,11008000,13-09-2021 18:06:25.444,8191,
29-12-2020 20:21:38.456,11008000,13-09-2021 18:06:25.444,8191,
29-12-2020 20:21:38.456,11008000,13-09-2021 18:06:25.444,8191,
29-12-2020 20:21:38.456,11008000,13-09-2021 18:06:25.444,8191,
29-12-2020 20:21:38.456,11008000,13-09-2021 18:06:25.444,8191,
29-12-2020 20:21:38.456,11008000,13-09-2021 18:06:25.444,8191,
29-12-2020 20:21:38.456,11008000,13-09-2021 18:06:25.444,8191,
29-12-2020 20:21:38.456,11008000,13-09-2021 18:06:25.444,8191,
29-12-2020 20:21:38.456,11008000,13-09-2021 18:06:25.444,8191,
29-12-2020 20:21:38.456,11008000,13-09-2021 18:06:25.444,8191,
29-12-2020 20:21:38.456,11008000,13-09-2021 18:06:25.444,8191,
29-12-2020 20:21:38.456,11008000,13-09-2021 18:06:25.444,8191,
29-12-2020 20:21:38.456,11008000,13-09-2021 18:06:25.444,8191,
29-12-2020 20:21:38.456,11008000,13-09-2021 18:06:25.444,8191,
29-12-2020 20:21:38.456,11008000,13-09-2021 18:06:25.444,8191,
29-12-2020 20:21:38.456,11008000,13-09-2021 18:06:25.444,8191,
29-12-2020 20:21:38.456,11008000,13-09-2021 18:06:25.444,8191,
29-12-2020 20:21:38.456,11008000,13-09-2021 18:06:25.444,8191,
29-12-2020 20:21:38.456,11008000,13-09-2021 18:06:25.444,8191,
29-12-2020 20:21:38.456,11008000,13-09-2021 18:06:25.444,8191,
29-12-2020 20:21:38.456,11008000,13-09-2021 18:06:25.444,8191,
29-12-2020 20:21:38.456,11008000,13-09-2021 18:06:25.444,8191,
29-12-2020 20:21:38.456,11008000,13-09-2021 18:06:25.444,8191,
29-12-2020 20:21:38.456,11008000,13-09-2021 18:06:25.444,8191,
29-12-2020 20:21:38.456,11008000,13-09-2021 18:06:25.444,8191,
29-12-2020 20:21:38.456,11008000,13-09-2021 18:06:25.444,8191,
29-12-2020 20:21:38.456,11008000,13-09-2021 18:06:25.444,8191,
29-12-2020 20:21:38.456,11008000,13-09-2021 18:06:25.444,8191,
29-12-2020 20:21:38.456,11008000,13-09-2021 18:06:25.444,8191,
29-12-2020 20:21:38.712,11010048,13-09-2021 18:06:25.444,8191,
29-12-2020 20:21:38.712,11010048,13-09-2021 18:06:25.444,8191,
29-12-2020 20:21:38.712,11010048,13-09-2021 18:06:25.444,8191,
29-12-2020 20:21:38.712,11010048,13-09-2021 18:06:25.444,8191,
29-12-2020 20:21:38.712,11010048,13-09-2021 18:06:25.444,8191,
29-12-2020 20:21:38.712,11010048,13-09-2021 18:06:25.444,8191,
29-12-2020 20:21:38.712,11010048,13-09-2021 18:06:25.444,8191,
29-12-2020 20:21:38.712,11010048,13-09-2021 18:06:25.444,8191,
29-12-2020 20:21:38.712,11010048,13-09-2021 18:06:25.444,8191,
29-12-2020 20:21:38.712,11010048,13-09-2021 18:06:25.444,8191,
29-12-2020 20:21:38.712,11010048,13-09-2021 18:06:25.444,8191,
29-12-2020 20:21:38.712,11010048,13-09-2021 18:06:25.444,8191,
29-12-2020 20:21:38.712,11010048,13-09-2021 18:06:25.444,8191,
29-12-2020 20:21:38.712,11010048,13-09-2021 18:06:25.444,8191,
29-12-2020 20:21:38.712,11010048,13-09-2021 18:06:25.444,8191,
29-12-2020 20:21:38.712,11010048,13-09-2021 18:06:25.444,8191,
29-12-2020 20:21:38.712,11010048,13-09-2021 18:06:25.444,8191,
29-12-2020 20:21:38.712,11010048,13-09-2021 18:06:25.444,8191,
29-12-2020 20:21:38.712,11010048,13-09-2021 18:06:25.444,8191,
29-12-2020 20:21:38.712,11010048,13-09-2021 18:06:25.444,8191,
29-12-2020 20:21:38.712,11010048,13-09-2021 18:06:25.444,8191,
29-12-2020 20:21:38.712,11010048,13-09-2021 18:06:25.444,8191,
29-12-2020 20:21:38.712,11010048,13-09-2021 18:06:25.444,8191,
29-12-2020 20:21:38.712,11010048,13-09-2021 18:06:25.444,8191,
29-12-2020 20:21:38.712,11010048,13-09-2021 18:06:25.444,8191,
29-12-2020 20:21:38.712,11010048,13-09-2021 18:06:25.444,8191,
29-12-2020 20:21:38.712,11010048,13-09-2021 18:06:25.444,8191,
29-12-2020 20:21:38.712,11010048,13-09-2021 18:06:25.444,8191,
29-12-2020 20:21:38.712,11010048,13-09-2021 18:06:25.444,8191,
29-12-2020 20:21:38.712,11010048,13-09-2021 18:06:25.444,8191,
29-12-2020 20:21:38.712,11010048,13-09-2021 18:06:25.444,8191,
29-12-2020 20:21:38.712,11010048,13-09-2021 18:06:25.444,8191,
29-12-2020 20:21:38.712,11010048,13-09-2021 18:06:25.444,8191,
29-12-2020 20:21:38.712,11010048,13-09-2021 18:06:25.444,8191,
29-12-2020 20:21:38.712,11010048,13-09-2021 18:06:25.444,8191,
29-12-2020 20:21:38.712,11010048,13-09-2021 18:06:25.444,8191,
29-12-2020 20:21:38.712,11010048,13-09-2021 18:06:25.444,8191,
29-12-2020 20:21:38.712,11010048,13-09-2021 18:06:25.444,8191,
29-12-2020 20:21:38.712,11010048,13-09-2021 18:06:25.444,8191,
29-12-2020 20:21:38.712,11010048,13-09-2021 18:06:25.444,8191,
29-12-2020 20:21:38.712,11010048,13-09-2021 18:06:25.444,8191,
29-12-2020 20:21:38.712,11010048,13-09-2021 18:06:25.444,8191,
29-12-2020 20:21:38.712,11010048,13-09-2021 18:06:25.444,8191,
29-12-2020 20:21:38.712,11010048,13-09-2021 18:06:25.444,8191,
29-12-2020 20:21:38.712,11010048,13-09-2021 18:06:25.444,8191,
29-12-2020 20:21:38.712,11010048,13-09-2021 18:06:25.444,8191,
29-12-2020 20:21:38.712,11010048,13-09-2021 18:06:25.444,8191,
29-12-2020 20:21:38.712,11010048,13-09-2021 18:06:25.444,8191,
29-12-2020 20:21:38.712,11010048,13-09-2021 18:06:25.444,8191,
29-12-2020 20:21:38.712,11010048,13-09-2021 18:06:25.444,8191,
29-12-2020 20:21:38.712,11010048,13-09-2021 18:06:25.444,8191,
29-12-2020 20:21:38.712,11010048,13-09-2021 18:06:25.444,8191,
29-12-2020 20:21:38.712,11010048,13-09-2021 18:06:25.444,8191,
29-12-2020 20:21:38.712,11010048,13-09-2021 18:06:25.444,8191,
29-12-2020 20:21:38.712,11010048,13-09-2021 18:06:25.444,8191,
29-12-2020 20:21:38.712,11010048,13-09-2021 18:06:25.444,8191,
29-12-2020 20:21:38.712,11010048,13-09-2021 18:06:25.444,8191,
29-12-2020 20:21:38.712,11010048,13-09-2021 18:06:25.444,8191,
29-12-2020 20:21:38.712,11010048,13-09-2021 18:06:25.444,8191,
29-12-2020 20:21:38.712,11010048,13-09-2021 18:06:25.444,8191,
29-12-2020 20:21:38.712,11010048,13-09-2021 18:06:25.444,8191,
29-12-2020 20:21:38.712,11010048,13-09-2021 18:06:25.444,8191,
29-12-2020 20:21:38.712,11010048,13-09-2021 18:06:25.444,8191,
29-12-2020 20:21:38.712,11010048,13-09-2021 18:06:25.444,8191,
29-12-2020 20:21:38.712,11010048,13-09-2021 18:06:25.444,8191,
29-12-2020 20:21:38.712,11010048,13-09-2021 18:06:25.444,8191,
29-12-2020 20:21:38.712,11010048,13-09-2021 18:06:25.444,8191,
29-12-2020 20:21:38.712,11010048,13-09-2021 18:06:25.444,8191,
29-12-2020 20:21:38.712,11010048,13-09-2021 18:06:25.444,8191,
29-12-2020 20:21:38.712,11010048,13-09-2021 18:06:25.444,8191,
29-12-2020 20:21:38.712,11010048,13-09-2021 18:06:25.444,8191,
29-12-2020 20:21:38.712,11010048,13-09-2021 18:06:25.444,8191,
29-12-2020 20:21:38.712,11010048,13-09-2021 18:06:25.444,8191,
29-12-2020 20:21:38.712,11010048,13-09-2021 18:06:25.444,8191,
29-12-2020 20:21:38.712,11010048,13-09-2021 18:06:25.444,8191,
29-12-2020 20:21:38.712,11010048,13-09-2021 18:06:25.444,8191,
29-12-2020 20:21:38.712,11010048,13-09-2021 18:06:25.444,8191,
29-12-2020 20:21:38.712,11010048,13-09-2021 18:06:25.444,8191,
29-12-2020 20:21:38.712,11010048,13-09-2021 18:06:25.444,8191,
29-12-2020 20:21:38.712,11010048,13-09-2021 18:06:25.444,8191,
29-12-2020 20:21:38.712,11010048,13-09-2021 18:06:25.444,8191,
29-12-2020 20:21:38.712,11010048,13-09-2021 18:06:25.444,8191,
29-12-2020 20:21:38.712,11010048,13-09-2021 18:06:25.444,8191,
29-12-2020 20:21:38.712,11010048,13-09-2021 18:06:25.444,8191,
29-12-2020 20:21:38.712,11010048,13-09-2021 18:06:25.444,8191,
29-12-2020 20:21:38.712,11010048,13-09-2021 18:06:25.444,8191,
29-12-2020 20:21:38.712,11010048,13-09-2021 18:06:25.444,8191,
29-12-2020 20:21:38.712,11010048,13-09-2021 18:06:25.444,8191,
29-12-2020 20:21:38.712,11010048,13-09-2021 18:06:25.444,8191,
29-12-2020 20:21:38.712,11010048,13-09-2021 18:06:25.444,8191,
29-12-2020 20:21:38.712,11010048,13-09-2021 18:06:25.444,8191,
29-12-2020 20:21:38.712,11010048,13-09-2021 18:06:25.444,8191,
29-12-2020 20:21:38.712,11010048,13-09-2021 18:06:25.444,8191,
29-12-2020 20:21:38.712,11010048,13-09-2021 18:06:25.444,8191,
29-12-2020 20:21:38.712,11010048,13-09-2021 18:06:25.444,8191,
29-12-2020 20:21:38.712,11010048,13-09-2021 18:06:25.444,8191,
29-12-2020 20:21:38.712,11010048,13-09-2021 18:06:25.444,8191,
29-12-2020 20:21:38.712,11010048,13-09-2021 18:06:25.444,8191,
29-12-2020 20:21:38.712,11010048,13-09-2021 18:06:25.444,8191,
29-12-2020 20:21:38.712,11010048,13-09-2021 18:06:25.444,8191,
29-12-2020 20:21:38.712,11010048,13-09-2021 18:06:25.444,8191,
29-12-2020 20:21:38.712,11010048,13-09-2021 18:06:25.444,8191,
29-12-2020 20:21:38.712,11010048,13-09-2021 18:06:25.444,8191,
29-12-2020 20:21:38.712,11010048,13-09-2021 18:06:25.444,8191,
29-12-2020 20:21:38.712,11010048,13-09-2021 18:06:25.444,8191,
29-12-2020 20:21:38.712,11010048,13-09-2021 18:06:25.444,8191,
29-12-2020 20:21:38.712,11010048,13-09-2021 18:06:25.444,8191,
29-12-2020 20:21:38.712,11010048,13-09-2021 18:06:25.444,8191,
29-12-2020 20:21:38.712,11010048,13-09-2021 18:06:25.444,8191,
29-12-2020 20:21:38.712,11010048,13-09-2021 18:06:25.444,8191,
29-12-2020 20:21:38.712,11010048,13-09-2021 18:06:25.444,8191,
29-12-2020 20:21:38.712,11010048,13-09-2021 18:06:25.444,8191,
29-12-2020 20:21:38.712,11010048,13-09-2021 18:06:25.444,8191,
29-12-2020 20:21:38.712,11010048,13-09-2021 18:06:25.444,8191,
29-12-2020 20:21:38.712,11010048,13-09-2021 18:06:25.444,8191,
29-12-2020 20:21:38.712,11010048,13-09-2021 18:06:25.444,8191,
29-12-2020 20:21:38.712,11010048,13-09-2021 18:06:25.444,8191,
29-12-2020 20:21:38.712,11010048,13-09-2021 18:06:25.444,8191,
29-12-2020 20:21:38.712,11010048,13-09-2021 18:06:25.444,8191,
29-12-2020 20:21:38.712,11010048,13-09-2021 18:06:25.444,8191,
29-12-2020 20:21:38.712,11010048,13-09-2021 18:06:25.444,8191,
29-12-2020 20:21:38.712,11010048,13-09-2021 18:06:25.444,8191,
29-12-2020 20:21:38.712,11010048,13-09-2021 18:06:25.444,8191,
29-12-2020 20:21:38.712,11010048,13-09-2021 18:06:25.444,8191,
29-12-2020 20:21:38.712,11010048,13-09-2021 18:06:25.444,8191,
29-12-2020 20:21:38.712,11010048,13-09-2021 18:06:25.444,8191,
29-12-2020 20:21:38.712,11010048,13-09-2021 18:06:25.444,8191,
29-12-2020 20:21:38.712,11010048,13-09-2021 18:06:25.444,8191,
29-12-2020 20:21:38.968,11012096,13-09-2021 18:06:25.444,8191,
29-12-2020 20:21:38.968,11012096,13-09-2021 18:06:25.444,8191,
29-12-2020 20:21:38.968,11012096,13-09-2021 18:06:25.444,8191,
29-12-2020 20:21:38.968,11012096,13-09-2021 18:06:25.444,8191,
29-12-2020 20:21:38.968,11012096,13-09-2021 18:06:25.444,8191,
29-12-2020 20:21:38.968,11012096,13-09-2021 18:06:25.444,8191,
29-12-2020 20:21:38.968,11012096,13-09-2021 18:06:25.444,8191,
29-12-2020 20:21:38.968,11012096,13-09-2021 18:06:25.444,8191,
29-12-2020 20:21:38.968,11012096,13-09-2021 18:06:25.444,8191,
29-12-2020 20:21:38.968,11012096,13-09-2021 18:06:25.444,8191,
29-12-2020 20:21:38.968,11012096,13-09-2021 18:06:25.444,8191,
29-12-2020 20:21:38.968,11012096,13-09-2021 18:06:25.444,8191,
29-12-2020 20:21:38.968,11012096,13-09-2021 18:06:25.444,8191,
29-12-2020 20:21:38.968,11012096,13-09-2021 18:06:25.444,8191,
29-12-2020 20:21:38.968,11012096,13-09-2021 18:06:25.444,8191,
29-12-2020 20:21:38.968,11012096,13-09-2021 18:06:25.444,8191,
29-12-2020 20:21:38.968,11012096,13-09-2021 18:06:25.444,8191,
29-12-2020 20:21:38.968,11012096,13-09-2021 18:06:25.444,8191,
29-12-2020 20:21:38.968,11012096,13-09-2021 18:06:25.444,8191,
29-12-2020 20:21:38.968,11012096,13-09-2021 18:06:25.444,8191,
29-12-2020 20:21:38.968,11012096,13-09-2021 18:06:25.444,8191,
29-12-2020 20:21:38.968,11012096,13-09-2021 18:06:25.444,8191,
29-12-2020 20:21:38.968,11012096,13-09-2021 18:06:25.444,8191,
29-12-2020 20:21:38.968,11012096,13-09-2021 18:06:25.444,8191,
29-12-2020 20:21:38.968,11012096,13-09-2021 18:06:25.444,8191,
29-12-2020 20:21:38.968,11012096,13-09-2021 18:06:25.444,8191,
29-12-2020 20:21:38.968,11012096,13-09-2021 18:06:25.444,8191,
29-12-2020 20:21:38.968,11012096,13-09-2021 18:06:25.444,8191,
29-12-2020 20:21:38.968,11012096,13-09-2021 18:06:25.444,8191,
29-12-2020 20:21:38.968,11012096,13-09-2021 18:06:25.444,8191,
29-12-2020 20:21:38.968,11012096,13-09-2021 18:06:25.444,8191,
29-12-2020 20:21:38.968,11012096,13-09-2021 18:06:25.444,8191,
29-12-2020 20:21:38.968,11012096,13-09-2021 18:06:25.444,8191,
29-12-2020 20:21:38.968,11012096,13-09-2021 18:06:25.444,8191,
29-12-2020 20:21:38.968,11012096,13-09-2021 18:06:25.444,8191,
29-12-2020 20:21:38.968,11012096,13-09-2021 18:06:25.444,8191,
29-12-2020 20:21:38.968,11012096,13-09-2021 18:06:25.444,8191,
29-12-2020 20:21:38.968,11012096,13-09-2021 18:06:25.444,8191,
29-12-2020 20:21:38.968,11012096,13-09-2021 18:06:25.444,8191,
29-12-2020 20:21:38.968,11012096,13-09-2021 18:06:25.444,8191,
29-12-2020 20:21:38.968,11012096,13-09-2021 18:06:25.444,8191,
29-12-2020 20:21:38.968,11012096,13-09-2021 18:06:25.444,8191,
29-12-2020 20:21:38.968,11012096,13-09-2021 18:06:25.444,8191,
29-12-2020 20:21:38.968,11012096,13-09-2021 18:06:25.444,8191,
29-12-2020 20:21:38.968,11012096,13-09-2021 18:06:25.444,8191,
29-12-2020 20:21:38.968,11012096,13-09-2021 18:06:25.444,8191,
29-12-2020 20:21:38.968,11012096,13-09-2021 18:06:25.444,8191,
29-12-2020 20:21:38.968,11012096,13-09-2021 18:06:25.444,8191,
29-12-2020 20:21:38.968,11012096,13-09-2021 18:06:25.444,8191,
29-12-2020 20:21:38.968,11012096,13-09-2021 18:06:25.444,8191,
29-12-2020 20:21:38.968,11012096,13-09-2021 18:06:25.444,8191,
29-12-2020 20:21:38.968,11012096,13-09-2021 18:06:25.444,8191,
29-12-2020 20:21:38.968,11012096,13-09-2021 18:06:25.444,8191,
29-12-2020 20:21:38.968,11012096,13-09-2021 18:06:25.444,8191,
29-12-2020 20:21:38.968,11012096,13-09-2021 18:06:25.444,8191,
29-12-2020 20:21:38.968,11012096,13-09-2021 18:06:25.444,8191,
29-12-2020 20:21:38.968,11012096,13-09-2021 18:06:25.444,8191,
29-12-2020 20:21:38.968,11012096,13-09-2021 18:06:25.444,8191,
29-12-2020 20:21:38.968,11012096,13-09-2021 18:06:25.444,8191,
29-12-2020 20:21:38.968,11012096,13-09-2021 18:06:25.444,8191,
29-12-2020 20:21:38.968,11012096,13-09-2021 18:06:25.444,8191,
29-12-2020 20:21:38.968,11012096,13-09-2021 18:06:25.444,8191,
29-12-2020 20:21:38.968,11012096,13-09-2021 18:06:25.444,8191,
29-12-2020 20:21:38.968,11012096,13-09-2021 18:06:25.444,8191,
29-12-2020 20:21:38.968,11012096,13-09-2021 18:06:25.444,8191,
29-12-2020 20:21:38.968,11012096,13-09-2021 18:06:25.444,8191,
29-12-2020 20:21:38.968,11012096,13-09-2021 18:06:25.444,8191,
29-12-2020 20:21:38.968,11012096,13-09-2021 18:06:25.444,8191,
29-12-2020 20:21:38.968,11012096,13-09-2021 18:06:25.444,8191,
29-12-2020 20:21:38.968,11012096,13-09-2021 18:06:25.444,8191,
29-12-2020 20:21:38.968,11012096,13-09-2021 18:06:25.444,8191,
29-12-2020 20:21:38.968,11012096,13-09-2021 18:06:25.444,8191,
29-12-2020 20:21:38.968,11012096,13-09-2021 18:06:25.444,8191,
29-12-2020 20:21:38.968,11012096,13-09-2021 18:06:25.444,8191,
29-12-2020 20:21:38.968,11012096,13-09-2021 18:06:25.444,8191,
29-12-2020 20:21:38.968,11012096,13-09-2021 18:06:25.444,8191,
29-12-2020 20:21:38.968,11012096,13-09-2021 18:06:25.444,8191,
29-12-2020 20:21:38.968,11012096,13-09-2021 18:06:25.444,8191,
29-12-2020 20:21:38.968,11012096,13-09-2021 18:06:25.444,8191,
29-12-2020 20:21:38.968,11012096,13-09-2021 18:06:25.444,8191,
29-12-2020 20:21:38.968,11012096,13-09-2021 18:06:25.444,8191,
29-12-2020 20:21:38.968,11012096,13-09-2021 18:06:25.444,8191,
29-12-2020 20:21:38.968,11012096,13-09-2021 18:06:25.444,8191,
29-12-2020 20:21:38.968,11012096,13-09-2021 18:06:25.444,8191,
29-12-2020 20:21:38.968,11012096,13-09-2021 18:06:25.444,8191,
29-12-2020 20:21:38.968,11012096,13-09-2021 18:06:25.444,8191,
29-12-2020 20:21:38.968,11012096,13-09-2021 18:06:25.444,8191,
29-12-2020 20:21:38.968,11012096,13-09-2021 18:06:25.444,8191,
29-12-2020 20:21:38.968,11012096,13-09-2021 18:06:25.444,8191,
29-12-2020 20:21:38.968,11012096,13-09-2021 18:06:25.444,8191,
29-12-2020 20:21:38.968,11012096,13-09-2021 18:06:25.444,8191,
29-12-2020 20:21:38.968,11012096,13-09-2021 18:06:25.444,8191,
29-12-2020 20:21:38.968,11012096,13-09-2021 18:06:25.444,8191,
29-12-2020 20:21:38.968,11012096,13-09-2021 18:06:25.444,8191,
29-12-2020 20:21:38.968,11012096,13-09-2021 18:06:25.444,8191,
29-12-2020 20:21:38.968,11012096,13-09-2021 18:06:25.444,8191,
29-12-2020 20:21:38.968,11012096,13-09-2021 18:06:25.444,8191,
29-12-2020 20:21:38.968,11012096,13-09-2021 18:06:25.444,8191,
29-12-2020 20:21:38.968,11012096,13-09-2021 18:06:25.444,8191,
29-12-2020 20:21:38.968,11012096,13-09-2021 18:06:25.444,8191,
29-12-2020 20:21:38.968,11012096,13-09-2021 18:06:25.444,8191,
29-12-2020 20:21:38.968,11012096,13-09-2021 18:06:25.444,8191,
29-12-2020 20:21:38.968,11012096,13-09-2021 18:06:25.444,8191,
29-12-2020 20:21:38.968,11012096,13-09-2021 18:06:25.444,8191,
29-12-2020 20:21:38.968,11012096,13-09-2021 18:06:25.444,8191,
29-12-2020 20:21:38.968,11012096,13-09-2021 18:06:25.444,8191,
29-12-2020 20:21:38.968,11012096,13-09-2021 18:06:25.444,8191,
29-12-2020 20:21:38.968,11012096,13-09-2021 18:06:25.444,8191,
29-12-2020 20:21:38.968,11012096,13-09-2021 18:06:25.444,8191,
29-12-2020 20:21:38.968,11012096,13-09-2021 18:06:25.444,8191,
29-12-2020 20:21:38.968,11012096,13-09-2021 18:06:25.444,8191,
29-12-2020 20:21:38.968,11012096,13-09-2021 18:06:25.444,8191,
29-12-2020 20:21:38.968,11012096,13-09-2021 18:06:25.444,8191,
29-12-2020 20:21:38.968,11012096,13-09-2021 18:06:25.444,8191,
29-12-2020 20:21:38.968,11012096,13-09-2021 18:06:25.444,8191,
29-12-2020 20:21:38.968,11012096,13-09-2021 18:06:25.444,8191,
29-12-2020 20:21:38.968,11012096,13-09-2021 18:06:25.444,8191,
29-12-2020 20:21:38.968,11012096,13-09-2021 18:06:25.444,8191,
29-12-2020 20:21:38.968,11012096,13-09-2021 18:06:25.444,8191,
29-12-2020 20:21:38.968,11012096,13-09-2021 18:06:25.444,8191,
29-12-2020 20:21:38.968,11012096,13-09-2021 18:06:25.444,8191,
29-12-2020 20:21:38.968,11012096,13-09-2021 18:06:25.444,8191,
29-12-2020 20:21:38.968,11012096,13-09-2021 18:06:25.444,8191,
29-12-2020 20:21:38.968,11012096,13-09-2021 18:06:25.444,8191,
29-12-2020 20:21:38.968,11012096,13-09-2021 18:06:25.444,8191,
29-12-2020 20:21:38.968,11012096,13-09-2021 18:06:25.444,8191,
29-12-2020 20:21:38.968,11012096,13-09-2021 18:06:25.444,8191,
29-12-2020 20:21:38.968,11012096,13-09-2021 18:06:25.444,8191,
29-12-2020 20:21:39.224,11014144,13-09-2021 18:06:26.460,8191,
29-12-2020 20:21:39.224,11014144,13-09-2021 18:06:26.460,8191,
29-12-2020 20:21:39.224,11014144,13-09-2021 18:06:26.460,8191,
29-12-2020 20:21:39.224,11014144,13-09-2021 18:06:26.460,8191,
29-12-2020 20:21:39.224,11014144,13-09-2021 18:06:26.460,8191,
29-12-2020 20:21:39.224,11014144,13-09-2021 18:06:26.460,8191,
29-12-2020 20:21:39.224,11014144,13-09-2021 18:06:26.460,8191,
29-12-2020 20:21:39.224,11014144,13-09-2021 18:06:26.460,8191,
29-12-2020 20:21:39.224,11014144,13-09-2021 18:06:26.460,8191,
29-12-2020 20:21:39.224,11014144,13-09-2021 18:06:26.460,8191,
29-12-2020 20:21:39.224,11014144,13-09-2021 18:06:26.460,8191,
29-12-2020 20:21:39.224,11014144,13-09-2021 18:06:26.460,8191,
29-12-2020 20:21:39.224,11014144,13-09-2021 18:06:26.460,8191,
29-12-2020 20:21:39.224,11014144,13-09-2021 18:06:26.460,8191,
29-12-2020 20:21:39.224,11014144,13-09-2021 18:06:26.460,8191,
29-12-2020 20:21:39.224,11014144,13-09-2021 18:06:26.460,8191,
29-12-2020 20:21:39.224,11014144,13-09-2021 18:06:26.460,8191,
29-12-2020 20:21:39.224,11014144,13-09-2021 18:06:26.460,8191,
29-12-2020 20:21:39.224,11014144,13-09-2021 18:06:26.460,8191,
29-12-2020 20:21:39.224,11014144,13-09-2021 18:06:26.460,8191,
29-12-2020 20:21:39.224,11014144,13-09-2021 18:06:26.460,8191,
29-12-2020 20:21:39.224,11014144,13-09-2021 18:06:26.460,8191,
29-12-2020 20:21:39.224,11014144,13-09-2021 18:06:26.460,8191,
29-12-2020 20:21:39.224,11014144,13-09-2021 18:06:26.460,8191,
29-12-2020 20:21:39.224,11014144,13-09-2021 18:06:26.460,8191,
29-12-2020 20:21:39.224,11014144,13-09-2021 18:06:26.460,8191,
29-12-2020 20:21:39.224,11014144,13-09-2021 18:06:26.460,8191,
29-12-2020 20:21:39.224,11014144,13-09-2021 18:06:26.460,8191,
29-12-2020 20:21:39.224,11014144,13-09-2021 18:06:26.460,8191,
29-12-2020 20:21:39.224,11014144,13-09-2021 18:06:26.460,8191,
29-12-2020 20:21:39.224,11014144,13-09-2021 18:06:26.460,8191,
29-12-2020 20:21:39.224,11014144,13-09-2021 18:06:26.460,8191,
29-12-2020 20:21:39.224,11014144,13-09-2021 18:06:26.460,8191,
29-12-2020 20:21:39.224,11014144,13-09-2021 18:06:26.460,8191,
29-12-2020 20:21:39.224,11014144,13-09-2021 18:06:26.460,8191,
29-12-2020 20:21:39.224,11014144,13-09-2021 18:06:26.460,8191,
29-12-2020 20:21:39.224,11014144,13-09-2021 18:06:26.460,8191,
29-12-2020 20:21:39.224,11014144,13-09-2021 18:06:26.460,8191,
29-12-2020 20:21:39.224,11014144,13-09-2021 18:06:26.460,8191,
29-12-2020 20:21:39.224,11014144,13-09-2021 18:06:26.460,8191,
29-12-2020 20:21:39.224,11014144,13-09-2021 18:06:26.460,8191,
29-12-2020 20:21:39.224,11014144,13-09-2021 18:06:26.460,8191,
29-12-2020 20:21:39.224,11014144,13-09-2021 18:06:26.460,8191,
29-12-2020 20:21:39.224,11014144,13-09-2021 18:06:26.460,8191,
29-12-2020 20:21:39.224,11014144,13-09-2021 18:06:26.460,8191,
29-12-2020 20:21:39.224,11014144,13-09-2021 18:06:26.460,8191,
29-12-2020 20:21:39.224,11014144,13-09-2021 18:06:26.460,8191,
29-12-2020 20:21:39.224,11014144,13-09-2021 18:06:26.460,8191,
29-12-2020 20:21:39.224,11014144,13-09-2021 18:06:26.460,8191,
29-12-2020 20:21:39.224,11014144,13-09-2021 18:06:26.460,8191,
29-12-2020 20:21:39.224,11014144,13-09-2021 18:06:26.460,8191,
29-12-2020 20:21:39.224,11014144,13-09-2021 18:06:26.460,8191,
29-12-2020 20:21:39.224,11014144,13-09-2021 18:06:26.460,8191,
29-12-2020 20:21:39.224,11014144,13-09-2021 18:06:26.460,8191,
29-12-2020 20:21:39.224,11014144,13-09-2021 18:06:26.460,8191,
29-12-2020 20:21:39.224,11014144,13-09-2021 18:06:26.460,8191,
29-12-2020 20:21:39.224,11014144,13-09-2021 18:06:26.460,8191,
29-12-2020 20:21:39.224,11014144,13-09-2021 18:06:26.460,8191,
29-12-2020 20:21:39.224,11014144,13-09-2021 18:06:26.460,8191,
29-12-2020 20:21:39.224,11014144,13-09-2021 18:06:26.460,8191,
29-12-2020 20:21:39.224,11014144,13-09-2021 18:06:26.460,8191,
29-12-2020 20:21:39.224,11014144,13-09-2021 18:06:26.460,8191,
29-12-2020 20:21:39.224,11014144,13-09-2021 18:06:26.460,8191,
29-12-2020 20:21:39.224,11014144,13-09-2021 18:06:26.460,8191,
29-12-2020 20:21:39.224,11014144,13-09-2021 18:06:26.460,8191,
29-12-2020 20:21:39.224,11014144,13-09-2021 18:06:26.460,8191,
29-12-2020 20:21:39.224,11014144,13-09-2021 18:06:26.460,8191,
29-12-2020 20:21:39.224,11014144,13-09-2021 18:06:26.460,8191,
29-12-2020 20:21:39.224,11014144,13-09-2021 18:06:26.460,8191,
29-12-2020 20:21:39.224,11014144,13-09-2021 18:06:26.460,8191,
29-12-2020 20:21:39.224,11014144,13-09-2021 18:06:26.460,8191,
29-12-2020 20:21:39.224,11014144,13-09-2021 18:06:26.460,8191,
29-12-2020 20:21:39.224,11014144,13-09-2021 18:06:26.460,8191,
29-12-2020 20:21:39.224,11014144,13-09-2021 18:06:26.460,8191,
29-12-2020 20:21:39.224,11014144,13-09-2021 18:06:26.460,8191,
29-12-2020 20:21:39.224,11014144,13-09-2021 18:06:26.460,8191,
29-12-2020 20:21:39.224,11014144,13-09-2021 18:06:26.460,8191,
29-12-2020 20:21:39.224,11014144,13-09-2021 18:06:26.460,8191,
29-12-2020 20:21:39.224,11014144,13-09-2021 18:06:26.460,8191,
29-12-2020 20:21:39.224,11014144,13-09-2021 18:06:26.460,8191,
29-12-2020 20:21:39.224,11014144,13-09-2021 18:06:26.460,8191,
29-12-2020 20:21:39.224,11014144,13-09-2021 18:06:26.460,8191,
29-12-2020 20:21:39.224,11014144,13-09-2021 18:06:26.460,8191,
29-12-2020 20:21:39.224,11014144,13-09-2021 18:06:26.460,8191,
29-12-2020 20:21:39.224,11014144,13-09-2021 18:06:26.460,8191,
29-12-2020 20:21:39.224,11014144,13-09-2021 18:06:26.460,8191,
29-12-2020 20:21:39.224,11014144,13-09-2021 18:06:26.460,8191,
29-12-2020 20:21:39.224,11014144,13-09-2021 18:06:26.460,8191,
29-12-2020 20:21:39.224,11014144,13-09-2021 18:06:26.460,8191,
29-12-2020 20:21:39.224,11014144,13-09-2021 18:06:26.460,8191,
29-12-2020 20:21:39.224,11014144,13-09-2021 18:06:26.460,8191,
29-12-2020 20:21:39.224,11014144,13-09-2021 18:06:26.460,8191,
29-12-2020 20:21:39.224,11014144,13-09-2021 18:06:26.460,8191,
29-12-2020 20:21:39.224,11014144,13-09-2021 18:06:26.460,8191,
29-12-2020 20:21:39.224,11014144,13-09-2021 18:06:26.460,8191,
29-12-2020 20:21:39.224,11014144,13-09-2021 18:06:26.460,8191,
29-12-2020 20:21:39.224,11014144,13-09-2021 18:06:26.460,8191,
29-12-2020 20:21:39.224,11014144,13-09-2021 18:06:26.460,8191,
29-12-2020 20:21:39.224,11014144,13-09-2021 18:06:26.460,8191,
29-12-2020 20:21:39.224,11014144,13-09-2021 18:06:26.460,8191,
29-12-2020 20:21:39.224,11014144,13-09-2021 18:06:26.460,8191,
29-12-2020 20:21:39.224,11014144,13-09-2021 18:06:26.460,8191,
29-12-2020 20:21:39.224,11014144,13-09-2021 18:06:26.460,8191,
29-12-2020 20:21:39.224,11014144,13-09-2021 18:06:26.460,8191,
29-12-2020 20:21:39.224,11014144,13-09-2021 18:06:26.460,8191,
29-12-2020 20:21:39.224,11014144,13-09-2021 18:06:26.460,8191,
29-12-2020 20:21:39.224,11014144,13-09-2021 18:06:26.460,8191,
29-12-2020 20:21:39.224,11014144,13-09-2021 18:06:26.460,8191,
29-12-2020 20:21:39.224,11014144,13-09-2021 18:06:26.460,8191,
29-12-2020 20:21:39.224,11014144,13-09-2021 18:06:26.460,8191,
29-12-2020 20:21:39.224,11014144,13-09-2021 18:06:26.460,8191,
29-12-2020 20:21:39.224,11014144,13-09-2021 18:06:26.460,8191,
29-12-2020 20:21:39.224,11014144,13-09-2021 18:06:26.460,8191,
29-12-2020 20:21:39.224,11014144,13-09-2021 18:06:26.460,8191,
29-12-2020 20:21:39.224,11014144,13-09-2021 18:06:26.460,8191,
29-12-2020 20:21:39.224,11014144,13-09-2021 18:06:26.460,8191,
29-12-2020 20:21:39.224,11014144,13-09-2021 18:06:26.460,8191,
29-12-2020 20:21:39.224,11014144,13-09-2021 18:06:26.460,8191,
29-12-2020 20:21:39.224,11014144,13-09-2021 18:06:26.460,8191,
29-12-2020 20:21:39.224,11014144,13-09-2021 18:06:26.460,8191,
29-12-2020 20:21:39.224,11014144,13-09-2021 18:06:26.460,8191,
29-12-2020 20:21:39.224,11014144,13-09-2021 18:06:26.460,8191,
29-12-2020 20:21:39.224,11014144,13-09-2021 18:06:26.460,8191,
29-12-2020 20:21:39.224,11014144,13-09-2021 18:06:26.460,8191,
29-12-2020 20:21:39.224,11014144,13-09-2021 18:06:26.460,8191,
29-12-2020 20:21:39.224,11014144,13-09-2021 18:06:26.460,8191,
29-12-2020 20:21:39.224,11014144,13-09-2021 18:06:26.460,8191,
29-12-2020 20:21:39.224,11014144,13-09-2021 18:06:26.460,8191,
29-12-2020 20:21:39.480,11016192,13-09-2021 18:06:26.460,8191,
29-12-2020 20:21:39.480,11016192,13-09-2021 18:06:26.460,8191,
29-12-2020 20:21:39.480,11016192,13-09-2021 18:06:26.460,8191,
29-12-2020 20:21:39.480,11016192,13-09-2021 18:06:26.460,8191,
29-12-2020 20:21:39.480,11016192,13-09-2021 18:06:26.460,8191,
29-12-2020 20:21:39.480,11016192,13-09-2021 18:06:26.460,8191,
29-12-2020 20:21:39.480,11016192,13-09-2021 18:06:26.460,8191,
29-12-2020 20:21:39.480,11016192,13-09-2021 18:06:26.460,8191,
29-12-2020 20:21:39.480,11016192,13-09-2021 18:06:26.460,8191,
29-12-2020 20:21:39.480,11016192,13-09-2021 18:06:26.460,8191,
29-12-2020 20:21:39.480,11016192,13-09-2021 18:06:26.460,8191,
29-12-2020 20:21:39.480,11016192,13-09-2021 18:06:26.460,8191,
29-12-2020 20:21:39.480,11016192,13-09-2021 18:06:26.460,8191,
29-12-2020 20:21:39.480,11016192,13-09-2021 18:06:26.460,8191,
29-12-2020 20:21:39.480,11016192,13-09-2021 18:06:26.460,8191,
29-12-2020 20:21:39.480,11016192,13-09-2021 18:06:26.460,8191,
29-12-2020 20:21:39.480,11016192,13-09-2021 18:06:26.460,8191,
29-12-2020 20:21:39.480,11016192,13-09-2021 18:06:26.460,8191,
29-12-2020 20:21:39.480,11016192,13-09-2021 18:06:26.460,8191,
29-12-2020 20:21:39.480,11016192,13-09-2021 18:06:26.460,8191,
29-12-2020 20:21:39.480,11016192,13-09-2021 18:06:26.460,8191,
29-12-2020 20:21:39.480,11016192,13-09-2021 18:06:26.460,8191,
29-12-2020 20:21:39.480,11016192,13-09-2021 18:06:26.460,8191,
29-12-2020 20:21:39.480,11016192,13-09-2021 18:06:26.460,8191,
29-12-2020 20:21:39.480,11016192,13-09-2021 18:06:26.460,8191,
29-12-2020 20:21:39.480,11016192,13-09-2021 18:06:26.460,8191,
29-12-2020 20:21:39.480,11016192,13-09-2021 18:06:26.460,8191,
29-12-2020 20:21:39.480,11016192,13-09-2021 18:06:26.460,8191,
29-12-2020 20:21:39.480,11016192,13-09-2021 18:06:26.460,8191,
29-12-2020 20:21:39.480,11016192,13-09-2021 18:06:26.460,8191,
29-12-2020 20:21:39.480,11016192,13-09-2021 18:06:26.460,8191,
29-12-2020 20:21:39.480,11016192,13-09-2021 18:06:26.460,8191,
29-12-2020 20:21:39.480,11016192,13-09-2021 18:06:26.460,8191,
29-12-2020 20:21:39.480,11016192,13-09-2021 18:06:26.460,8191,
29-12-2020 20:21:39.480,11016192,13-09-2021 18:06:26.460,8191,
29-12-2020 20:21:39.480,11016192,13-09-2021 18:06:26.460,8191,
29-12-2020 20:21:39.480,11016192,13-09-2021 18:06:26.460,8191,
29-12-2020 20:21:39.480,11016192,13-09-2021 18:06:26.460,8191,
29-12-2020 20:21:39.480,11016192,13-09-2021 18:06:26.460,8191,
29-12-2020 20:21:39.480,11016192,13-09-2021 18:06:26.460,8191,
29-12-2020 20:21:39.480,11016192,13-09-2021 18:06:26.460,8191,
29-12-2020 20:21:39.480,11016192,13-09-2021 18:06:26.460,8191,
29-12-2020 20:21:39.480,11016192,13-09-2021 18:06:26.460,8191,
29-12-2020 20:21:39.480,11016192,13-09-2021 18:06:26.460,8191,
29-12-2020 20:21:39.480,11016192,13-09-2021 18:06:26.460,8191,
29-12-2020 20:21:39.480,11016192,13-09-2021 18:06:26.460,8191,
29-12-2020 20:21:39.480,11016192,13-09-2021 18:06:26.460,8191,
29-12-2020 20:21:39.480,11016192,13-09-2021 18:06:26.460,8191,
29-12-2020 20:21:39.480,11016192,13-09-2021 18:06:26.460,8191,
29-12-2020 20:21:39.480,11016192,13-09-2021 18:06:26.460,8191,
29-12-2020 20:21:39.480,11016192,13-09-2021 18:06:26.460,8191,
29-12-2020 20:21:39.480,11016192,13-09-2021 18:06:26.460,8191,
29-12-2020 20:21:39.480,11016192,13-09-2021 18:06:26.460,8191,
29-12-2020 20:21:39.480,11016192,13-09-2021 18:06:26.460,8191,
29-12-2020 20:21:39.480,11016192,13-09-2021 18:06:26.460,8191,
29-12-2020 20:21:39.480,11016192,13-09-2021 18:06:26.460,8191,
29-12-2020 20:21:39.480,11016192,13-09-2021 18:06:26.460,8191,
29-12-2020 20:21:39.480,11016192,13-09-2021 18:06:26.460,8191,
29-12-2020 20:21:39.480,11016192,13-09-2021 18:06:26.460,8191,
29-12-2020 20:21:39.480,11016192,13-09-2021 18:06:26.460,8191,
29-12-2020 20:21:39.480,11016192,13-09-2021 18:06:26.460,8191,
29-12-2020 20:21:39.480,11016192,13-09-2021 18:06:26.460,8191,
29-12-2020 20:21:39.480,11016192,13-09-2021 18:06:26.460,8191,
29-12-2020 20:21:39.480,11016192,13-09-2021 18:06:26.460,8191,
29-12-2020 20:21:39.480,11016192,13-09-2021 18:06:26.460,8191,
29-12-2020 20:21:39.480,11016192,13-09-2021 18:06:26.460,8191,
29-12-2020 20:21:39.480,11016192,13-09-2021 18:06:26.460,8191,
29-12-2020 20:21:39.480,11016192,13-09-2021 18:06:26.460,8191,
29-12-2020 20:21:39.480,11016192,13-09-2021 18:06:26.460,8191,
29-12-2020 20:21:39.480,11016192,13-09-2021 18:06:26.460,8191,
29-12-2020 20:21:39.480,11016192,13-09-2021 18:06:26.460,8191,
29-12-2020 20:21:39.480,11016192,13-09-2021 18:06:26.460,8191,
29-12-2020 20:21:39.480,11016192,13-09-2021 18:06:26.460,8191,
29-12-2020 20:21:39.480,11016192,13-09-2021 18:06:26.460,8191,
29-12-2020 20:21:39.480,11016192,13-09-2021 18:06:26.460,8191,
29-12-2020 20:21:39.480,11016192,13-09-2021 18:06:26.460,8191,
29-12-2020 20:21:39.480,11016192,13-09-2021 18:06:26.460,8191,
29-12-2020 20:21:39.480,11016192,13-09-2021 18:06:26.460,8191,
29-12-2020 20:21:39.480,11016192,13-09-2021 18:06:26.460,8191,
29-12-2020 20:21:39.480,11016192,13-09-2021 18:06:26.460,8191,
29-12-2020 20:21:39.480,11016192,13-09-2021 18:06:26.460,8191,
29-12-2020 20:21:39.480,11016192,13-09-2021 18:06:26.460,8191,
29-12-2020 20:21:39.480,11016192,13-09-2021 18:06:26.460,8191,
29-12-2020 20:21:39.480,11016192,13-09-2021 18:06:26.460,8191,
29-12-2020 20:21:39.480,11016192,13-09-2021 18:06:26.460,8191,
29-12-2020 20:21:39.480,11016192,13-09-2021 18:06:26.460,8191,
29-12-2020 20:21:39.480,11016192,13-09-2021 18:06:26.460,8191,
29-12-2020 20:21:39.480,11016192,13-09-2021 18:06:26.460,8191,
29-12-2020 20:21:39.480,11016192,13-09-2021 18:06:26.460,8191,
29-12-2020 20:21:39.480,11016192,13-09-2021 18:06:26.460,8191,
29-12-2020 20:21:39.480,11016192,13-09-2021 18:06:26.460,8191,
29-12-2020 20:21:39.480,11016192,13-09-2021 18:06:26.460,8191,
29-12-2020 20:21:39.480,11016192,13-09-2021 18:06:26.460,8191,
29-12-2020 20:21:39.480,11016192,13-09-2021 18:06:26.460,8191,
29-12-2020 20:21:39.480,11016192,13-09-2021 18:06:26.460,8191,
29-12-2020 20:21:39.480,11016192,13-09-2021 18:06:26.460,8191,
29-12-2020 20:21:39.480,11016192,13-09-2021 18:06:26.460,8191,
29-12-2020 20:21:39.480,11016192,13-09-2021 18:06:26.460,8191,
29-12-2020 20:21:39.480,11016192,13-09-2021 18:06:26.460,8191,
29-12-2020 20:21:39.480,11016192,13-09-2021 18:06:26.460,8191,
29-12-2020 20:21:39.480,11016192,13-09-2021 18:06:26.460,8191,
29-12-2020 20:21:39.480,11016192,13-09-2021 18:06:26.460,8191,
29-12-2020 20:21:39.480,11016192,13-09-2021 18:06:26.460,8191,
29-12-2020 20:21:39.480,11016192,13-09-2021 18:06:26.460,8191,
29-12-2020 20:21:39.480,11016192,13-09-2021 18:06:26.460,8191,
29-12-2020 20:21:39.480,11016192,13-09-2021 18:06:26.460,8191,
29-12-2020 20:21:39.480,11016192,13-09-2021 18:06:26.460,8191,
29-12-2020 20:21:39.480,11016192,13-09-2021 18:06:26.460,8191,
29-12-2020 20:21:39.480,11016192,13-09-2021 18:06:26.460,8191,
29-12-2020 20:21:39.480,11016192,13-09-2021 18:06:26.460,8191,
29-12-2020 20:21:39.480,11016192,13-09-2021 18:06:26.460,8191,
29-12-2020 20:21:39.480,11016192,13-09-2021 18:06:26.460,8191,
29-12-2020 20:21:39.480,11016192,13-09-2021 18:06:26.460,8191,
29-12-2020 20:21:39.480,11016192,13-09-2021 18:06:26.460,8191,
29-12-2020 20:21:39.480,11016192,13-09-2021 18:06:26.460,8191,
29-12-2020 20:21:39.480,11016192,13-09-2021 18:06:26.460,8191,
29-12-2020 20:21:39.480,11016192,13-09-2021 18:06:26.460,8191,
29-12-2020 20:21:39.480,11016192,13-09-2021 18:06:26.460,8191,
29-12-2020 20:21:39.480,11016192,13-09-2021 18:06:26.460,8191,
29-12-2020 20:21:39.480,11016192,13-09-2021 18:06:26.460,8191,
29-12-2020 20:21:39.480,11016192,13-09-2021 18:06:26.460,8191,
29-12-2020 20:21:39.480,11016192,13-09-2021 18:06:26.460,8191,
29-12-2020 20:21:39.480,11016192,13-09-2021 18:06:26.460,8191,
29-12-2020 20:21:39.480,11016192,13-09-2021 18:06:26.460,8191,
29-12-2020 20:21:39.480,11016192,13-09-2021 18:06:26.460,8191,
29-12-2020 20:21:39.480,11016192,13-09-2021 18:06:26.460,8191,
29-12-2020 20:21:39.480,11016192,13-09-2021 18:06:26.460,8191,
29-12-2020 20:21:39.480,11016192,13-09-2021 18:06:26.460,8191,
29-12-2020 20:21:39.736,11018240,13-09-2021 18:06:26.460,8191,
29-12-2020 20:21:39.736,11018240,13-09-2021 18:06:26.460,8191,
29-12-2020 20:21:39.736,11018240,13-09-2021 18:06:26.460,8191,
29-12-2020 20:21:39.736,11018240,13-09-2021 18:06:26.460,8191,
29-12-2020 20:21:39.736,11018240,13-09-2021 18:06:26.460,8191,
29-12-2020 20:21:39.736,11018240,13-09-2021 18:06:26.460,8191,
29-12-2020 20:21:39.736,11018240,13-09-2021 18:06:26.460,8191,
29-12-2020 20:21:39.736,11018240,13-09-2021 18:06:26.460,8191,
29-12-2020 20:21:39.736,11018240,13-09-2021 18:06:26.460,8191,
29-12-2020 20:21:39.736,11018240,13-09-2021 18:06:26.460,8191,
29-12-2020 20:21:39.736,11018240,13-09-2021 18:06:26.460,8191,
29-12-2020 20:21:39.736,11018240,13-09-2021 18:06:26.460,8191,
29-12-2020 20:21:39.736,11018240,13-09-2021 18:06:26.460,8191,
29-12-2020 20:21:39.736,11018240,13-09-2021 18:06:26.460,8191,
29-12-2020 20:21:39.736,11018240,13-09-2021 18:06:26.460,8191,
29-12-2020 20:21:39.736,11018240,13-09-2021 18:06:26.460,8191,
29-12-2020 20:21:39.736,11018240,13-09-2021 18:06:26.460,8191,
29-12-2020 20:21:39.736,11018240,13-09-2021 18:06:26.460,8191,
29-12-2020 20:21:39.736,11018240,13-09-2021 18:06:26.460,8191,
29-12-2020 20:21:39.736,11018240,13-09-2021 18:06:26.460,8191,
29-12-2020 20:21:39.736,11018240,13-09-2021 18:06:26.460,8191,
29-12-2020 20:21:39.736,11018240,13-09-2021 18:06:26.460,8191,
29-12-2020 20:21:39.736,11018240,13-09-2021 18:06:26.460,8191,
29-12-2020 20:21:39.736,11018240,13-09-2021 18:06:26.460,8191,
29-12-2020 20:21:39.736,11018240,13-09-2021 18:06:26.460,8191,
29-12-2020 20:21:39.736,11018240,13-09-2021 18:06:26.460,8191,
29-12-2020 20:21:39.736,11018240,13-09-2021 18:06:26.460,8191,
29-12-2020 20:21:39.736,11018240,13-09-2021 18:06:26.460,8191,
29-12-2020 20:21:39.736,11018240,13-09-2021 18:06:26.460,8191,
29-12-2020 20:21:39.736,11018240,13-09-2021 18:06:26.460,8191,
29-12-2020 20:21:39.736,11018240,13-09-2021 18:06:26.460,8191,
29-12-2020 20:21:39.736,11018240,13-09-2021 18:06:26.460,8191,
29-12-2020 20:21:39.736,11018240,13-09-2021 18:06:26.460,8191,
29-12-2020 20:21:39.736,11018240,13-09-2021 18:06:26.460,8191,
29-12-2020 20:21:39.736,11018240,13-09-2021 18:06:26.460,8191,
29-12-2020 20:21:39.736,11018240,13-09-2021 18:06:26.460,8191,
29-12-2020 20:21:39.736,11018240,13-09-2021 18:06:26.460,8191,
29-12-2020 20:21:39.736,11018240,13-09-2021 18:06:26.460,8191,
29-12-2020 20:21:39.736,11018240,13-09-2021 18:06:26.460,8191,
29-12-2020 20:21:39.736,11018240,13-09-2021 18:06:26.460,8191,
29-12-2020 20:21:39.736,11018240,13-09-2021 18:06:26.460,8191,
29-12-2020 20:21:39.736,11018240,13-09-2021 18:06:26.460,8191,
29-12-2020 20:21:39.736,11018240,13-09-2021 18:06:26.460,8191,
29-12-2020 20:21:39.736,11018240,13-09-2021 18:06:26.460,8191,
29-12-2020 20:21:39.736,11018240,13-09-2021 18:06:26.460,8191,
29-12-2020 20:21:39.736,11018240,13-09-2021 18:06:26.460,8191,
29-12-2020 20:21:39.736,11018240,13-09-2021 18:06:26.460,8191,
29-12-2020 20:21:39.736,11018240,13-09-2021 18:06:26.460,8191,
29-12-2020 20:21:39.736,11018240,13-09-2021 18:06:26.460,8191,
29-12-2020 20:21:39.736,11018240,13-09-2021 18:06:26.460,8191,
29-12-2020 20:21:39.736,11018240,13-09-2021 18:06:26.460,8191,
29-12-2020 20:21:39.736,11018240,13-09-2021 18:06:26.460,8191,
29-12-2020 20:21:39.736,11018240,13-09-2021 18:06:26.460,8191,
29-12-2020 20:21:39.736,11018240,13-09-2021 18:06:26.460,8191,
29-12-2020 20:21:39.736,11018240,13-09-2021 18:06:26.460,8191,
29-12-2020 20:21:39.736,11018240,13-09-2021 18:06:26.460,8191,
29-12-2020 20:21:39.736,11018240,13-09-2021 18:06:26.460,8191,
29-12-2020 20:21:39.736,11018240,13-09-2021 18:06:26.460,8191,
29-12-2020 20:21:39.736,11018240,13-09-2021 18:06:26.460,8191,
29-12-2020 20:21:39.736,11018240,13-09-2021 18:06:26.460,8191,
29-12-2020 20:21:39.736,11018240,13-09-2021 18:06:26.460,8191,
29-12-2020 20:21:39.736,11018240,13-09-2021 18:06:26.460,8191,
29-12-2020 20:21:39.736,11018240,13-09-2021 18:06:26.460,8191,
29-12-2020 20:21:39.736,11018240,13-09-2021 18:06:26.460,8191,
29-12-2020 20:21:39.736,11018240,13-09-2021 18:06:26.460,8191,
29-12-2020 20:21:39.736,11018240,13-09-2021 18:06:26.460,8191,
29-12-2020 20:21:39.736,11018240,13-09-2021 18:06:26.460,8191,
29-12-2020 20:21:39.736,11018240,13-09-2021 18:06:26.460,8191,
29-12-2020 20:21:39.736,11018240,13-09-2021 18:06:26.460,8191,
29-12-2020 20:21:39.736,11018240,13-09-2021 18:06:26.460,8191,
29-12-2020 20:21:39.736,11018240,13-09-2021 18:06:26.460,8191,
29-12-2020 20:21:39.736,11018240,13-09-2021 18:06:26.460,8191,
29-12-2020 20:21:39.736,11018240,13-09-2021 18:06:26.460,8191,
29-12-2020 20:21:39.736,11018240,13-09-2021 18:06:26.460,8191,
29-12-2020 20:21:39.736,11018240,13-09-2021 18:06:26.460,8191,
29-12-2020 20:21:39.736,11018240,13-09-2021 18:06:26.460,8191,
29-12-2020 20:21:39.736,11018240,13-09-2021 18:06:26.460,8191,
29-12-2020 20:21:39.736,11018240,13-09-2021 18:06:26.460,8191,
29-12-2020 20:21:39.736,11018240,13-09-2021 18:06:26.460,8191,
29-12-2020 20:21:39.736,11018240,13-09-2021 18:06:26.460,8191,
29-12-2020 20:21:39.736,11018240,13-09-2021 18:06:26.460,8191,
29-12-2020 20:21:39.736,11018240,13-09-2021 18:06:26.460,8191,
29-12-2020 20:21:39.736,11018240,13-09-2021 18:06:26.460,8191,
29-12-2020 20:21:39.736,11018240,13-09-2021 18:06:26.460,8191,
29-12-2020 20:21:39.736,11018240,13-09-2021 18:06:26.460,8191,
29-12-2020 20:21:39.736,11018240,13-09-2021 18:06:26.460,8191,
29-12-2020 20:21:39.736,11018240,13-09-2021 18:06:26.460,8191,
29-12-2020 20:21:39.736,11018240,13-09-2021 18:06:26.460,8191,
29-12-2020 20:21:39.736,11018240,13-09-2021 18:06:26.460,8191,
29-12-2020 20:21:39.736,11018240,13-09-2021 18:06:26.460,8191,
29-12-2020 20:21:39.736,11018240,13-09-2021 18:06:26.460,8191,
29-12-2020 20:21:39.736,11018240,13-09-2021 18:06:26.460,8191,
29-12-2020 20:21:39.736,11018240,13-09-2021 18:06:26.460,8191,
29-12-2020 20:21:39.736,11018240,13-09-2021 18:06:26.460,8191,
29-12-2020 20:21:39.736,11018240,13-09-2021 18:06:26.460,8191,
29-12-2020 20:21:39.736,11018240,13-09-2021 18:06:26.460,8191,
29-12-2020 20:21:39.736,11018240,13-09-2021 18:06:26.460,8191,
29-12-2020 20:21:39.736,11018240,13-09-2021 18:06:26.460,8191,
29-12-2020 20:21:39.736,11018240,13-09-2021 18:06:26.460,8191,
29-12-2020 20:21:39.736,11018240,13-09-2021 18:06:26.460,8191,
29-12-2020 20:21:39.736,11018240,13-09-2021 18:06:26.460,8191,
29-12-2020 20:21:39.736,11018240,13-09-2021 18:06:26.460,8191,
29-12-2020 20:21:39.736,11018240,13-09-2021 18:06:26.460,8191,
29-12-2020 20:21:39.736,11018240,13-09-2021 18:06:26.460,8191,
29-12-2020 20:21:39.736,11018240,13-09-2021 18:06:26.460,8191,
29-12-2020 20:21:39.736,11018240,13-09-2021 18:06:26.460,8191,
29-12-2020 20:21:39.736,11018240,13-09-2021 18:06:26.460,8191,
29-12-2020 20:21:39.736,11018240,13-09-2021 18:06:26.460,8191,
29-12-2020 20:21:39.736,11018240,13-09-2021 18:06:26.460,8191,
29-12-2020 20:21:39.736,11018240,13-09-2021 18:06:26.460,8191,
29-12-2020 20:21:39.736,11018240,13-09-2021 18:06:26.460,8191,
29-12-2020 20:21:39.736,11018240,13-09-2021 18:06:26.460,8191,
29-12-2020 20:21:39.736,11018240,13-09-2021 18:06:26.460,8191,
29-12-2020 20:21:39.736,11018240,13-09-2021 18:06:26.460,8191,
29-12-2020 20:21:39.736,11018240,13-09-2021 18:06:26.460,8191,
29-12-2020 20:21:39.736,11018240,13-09-2021 18:06:26.460,8191,
29-12-2020 20:21:39.736,11018240,13-09-2021 18:06:26.460,8191,
29-12-2020 20:21:39.736,11018240,13-09-2021 18:06:26.460,8191,
29-12-2020 20:21:39.736,11018240,13-09-2021 18:06:26.460,8191,
29-12-2020 20:21:39.736,11018240,13-09-2021 18:06:26.460,8191,
29-12-2020 20:21:39.736,11018240,13-09-2021 18:06:26.460,8191,
29-12-2020 20:21:39.736,11018240,13-09-2021 18:06:26.460,8191,
29-12-2020 20:21:39.736,11018240,13-09-2021 18:06:26.460,8191,
29-12-2020 20:21:39.736,11018240,13-09-2021 18:06:26.460,8191,
29-12-2020 20:21:39.736,11018240,13-09-2021 18:06:26.460,8191,
29-12-2020 20:21:39.736,11018240,13-09-2021 18:06:26.460,8191,
29-12-2020 20:21:39.736,11018240,13-09-2021 18:06:26.460,8191,
29-12-2020 20:21:39.736,11018240,13-09-2021 18:06:26.460,8191,
29-12-2020 20:21:39.992,11020288,13-09-2021 18:06:26.476,8191,
29-12-2020 20:21:39.992,11020288,13-09-2021 18:06:26.476,8191,
29-12-2020 20:21:39.992,11020288,13-09-2021 18:06:26.476,8191,
29-12-2020 20:21:39.992,11020288,13-09-2021 18:06:26.476,8191,
29-12-2020 20:21:39.992,11020288,13-09-2021 18:06:26.476,8191,
29-12-2020 20:21:39.992,11020288,13-09-2021 18:06:26.476,8191,
29-12-2020 20:21:39.992,11020288,13-09-2021 18:06:26.476,8191,
29-12-2020 20:21:39.992,11020288,13-09-2021 18:06:26.476,8191,
29-12-2020 20:21:39.992,11020288,13-09-2021 18:06:26.476,8191,
29-12-2020 20:21:39.992,11020288,13-09-2021 18:06:26.476,8191,
29-12-2020 20:21:39.992,11020288,13-09-2021 18:06:26.476,8191,
29-12-2020 20:21:39.992,11020288,13-09-2021 18:06:26.476,8191,
29-12-2020 20:21:39.992,11020288,13-09-2021 18:06:26.476,8191,
29-12-2020 20:21:39.992,11020288,13-09-2021 18:06:26.476,8191,
29-12-2020 20:21:39.992,11020288,13-09-2021 18:06:26.476,8191,
29-12-2020 20:21:39.992,11020288,13-09-2021 18:06:26.476,8191,
29-12-2020 20:21:39.992,11020288,13-09-2021 18:06:26.476,8191,
29-12-2020 20:21:39.992,11020288,13-09-2021 18:06:26.476,8191,
29-12-2020 20:21:39.992,11020288,13-09-2021 18:06:26.476,8191,
29-12-2020 20:21:39.992,11020288,13-09-2021 18:06:26.476,8191,
29-12-2020 20:21:39.992,11020288,13-09-2021 18:06:26.476,8191,
29-12-2020 20:21:39.992,11020288,13-09-2021 18:06:26.476,8191,
29-12-2020 20:21:39.992,11020288,13-09-2021 18:06:26.476,8191,
29-12-2020 20:21:39.992,11020288,13-09-2021 18:06:26.476,8191,
29-12-2020 20:21:39.992,11020288,13-09-2021 18:06:26.476,8191,
29-12-2020 20:21:39.992,11020288,13-09-2021 18:06:26.476,8191,
29-12-2020 20:21:39.992,11020288,13-09-2021 18:06:26.476,8191,
29-12-2020 20:21:39.992,11020288,13-09-2021 18:06:26.476,8191,
29-12-2020 20:21:39.992,11020288,13-09-2021 18:06:26.476,8191,
29-12-2020 20:21:39.992,11020288,13-09-2021 18:06:26.476,8191,
29-12-2020 20:21:39.992,11020288,13-09-2021 18:06:26.476,8191,
29-12-2020 20:21:39.992,11020288,13-09-2021 18:06:26.476,8191,
29-12-2020 20:21:39.992,11020288,13-09-2021 18:06:26.476,8191,
29-12-2020 20:21:39.992,11020288,13-09-2021 18:06:26.476,8191,
29-12-2020 20:21:39.992,11020288,13-09-2021 18:06:26.476,8191,
29-12-2020 20:21:39.992,11020288,13-09-2021 18:06:26.476,8191,
29-12-2020 20:21:39.992,11020288,13-09-2021 18:06:26.476,8191,
29-12-2020 20:21:39.992,11020288,13-09-2021 18:06:26.476,8191,
29-12-2020 20:21:39.992,11020288,13-09-2021 18:06:26.476,8191,
29-12-2020 20:21:39.992,11020288,13-09-2021 18:06:26.476,8191,
29-12-2020 20:21:39.992,11020288,13-09-2021 18:06:26.476,8191,
29-12-2020 20:21:39.992,11020288,13-09-2021 18:06:26.476,8191,
29-12-2020 20:21:39.992,11020288,13-09-2021 18:06:26.476,8191,
29-12-2020 20:21:39.992,11020288,13-09-2021 18:06:26.476,8191,
29-12-2020 20:21:39.992,11020288,13-09-2021 18:06:26.476,8191,
29-12-2020 20:21:39.992,11020288,13-09-2021 18:06:26.476,8191,
29-12-2020 20:21:39.992,11020288,13-09-2021 18:06:26.476,8191,
29-12-2020 20:21:39.992,11020288,13-09-2021 18:06:26.476,8191,
29-12-2020 20:21:39.992,11020288,13-09-2021 18:06:26.476,8191,
29-12-2020 20:21:39.992,11020288,13-09-2021 18:06:26.476,8191,
29-12-2020 20:21:39.992,11020288,13-09-2021 18:06:26.476,8191,
29-12-2020 20:21:39.992,11020288,13-09-2021 18:06:26.476,8191,
29-12-2020 20:21:39.992,11020288,13-09-2021 18:06:26.476,8191,
29-12-2020 20:21:39.992,11020288,13-09-2021 18:06:26.476,8191,
29-12-2020 20:21:39.992,11020288,13-09-2021 18:06:26.476,8191,
29-12-2020 20:21:39.992,11020288,13-09-2021 18:06:26.476,8191,
29-12-2020 20:21:39.992,11020288,13-09-2021 18:06:26.476,8191,
29-12-2020 20:21:39.992,11020288,13-09-2021 18:06:26.476,8191,
29-12-2020 20:21:39.992,11020288,13-09-2021 18:06:26.476,8191,
29-12-2020 20:21:39.992,11020288,13-09-2021 18:06:26.476,8191,
29-12-2020 20:21:39.992,11020288,13-09-2021 18:06:26.476,8191,
29-12-2020 20:21:39.992,11020288,13-09-2021 18:06:26.476,8191,
29-12-2020 20:21:39.992,11020288,13-09-2021 18:06:26.476,8191,
29-12-2020 20:21:39.992,11020288,13-09-2021 18:06:26.476,8191,
29-12-2020 20:21:39.992,11020288,13-09-2021 18:06:26.476,8191,
29-12-2020 20:21:39.992,11020288,13-09-2021 18:06:26.476,8191,
29-12-2020 20:21:39.992,11020288,13-09-2021 18:06:26.476,8191,
29-12-2020 20:21:39.992,11020288,13-09-2021 18:06:26.476,8191,
29-12-2020 20:21:39.992,11020288,13-09-2021 18:06:26.476,8191,
29-12-2020 20:21:39.992,11020288,13-09-2021 18:06:26.476,8191,
29-12-2020 20:21:39.992,11020288,13-09-2021 18:06:26.476,8191,
29-12-2020 20:21:39.992,11020288,13-09-2021 18:06:26.476,8191,
29-12-2020 20:21:39.992,11020288,13-09-2021 18:06:26.476,8191,
29-12-2020 20:21:39.992,11020288,13-09-2021 18:06:26.476,8191,
29-12-2020 20:21:39.992,11020288,13-09-2021 18:06:26.476,8191,
29-12-2020 20:21:39.992,11020288,13-09-2021 18:06:26.476,8191,
29-12-2020 20:21:39.992,11020288,13-09-2021 18:06:26.476,8191,
29-12-2020 20:21:39.992,11020288,13-09-2021 18:06:26.476,8191,
29-12-2020 20:21:39.992,11020288,13-09-2021 18:06:26.476,8191,
29-12-2020 20:21:39.992,11020288,13-09-2021 18:06:26.476,8191,
29-12-2020 20:21:39.992,11020288,13-09-2021 18:06:26.476,8191,
29-12-2020 20:21:39.992,11020288,13-09-2021 18:06:26.476,8191,
29-12-2020 20:21:39.992,11020288,13-09-2021 18:06:26.476,8191,
29-12-2020 20:21:39.992,11020288,13-09-2021 18:06:26.476,8191,
29-12-2020 20:21:39.992,11020288,13-09-2021 18:06:26.476,8191,
29-12-2020 20:21:39.992,11020288,13-09-2021 18:06:26.476,8191,
29-12-2020 20:21:39.992,11020288,13-09-2021 18:06:26.476,8191,
29-12-2020 20:21:39.992,11020288,13-09-2021 18:06:26.476,8191,
29-12-2020 20:21:39.992,11020288,13-09-2021 18:06:26.476,8191,
29-12-2020 20:21:39.992,11020288,13-09-2021 18:06:26.476,8191,
29-12-2020 20:21:39.992,11020288,13-09-2021 18:06:26.476,8191,
29-12-2020 20:21:39.992,11020288,13-09-2021 18:06:26.476,8191,
29-12-2020 20:21:39.992,11020288,13-09-2021 18:06:26.476,8191,
29-12-2020 20:21:39.992,11020288,13-09-2021 18:06:26.476,8191,
29-12-2020 20:21:39.992,11020288,13-09-2021 18:06:26.476,8191,
29-12-2020 20:21:39.992,11020288,13-09-2021 18:06:26.476,8191,
29-12-2020 20:21:39.992,11020288,13-09-2021 18:06:26.476,8191,
29-12-2020 20:21:39.992,11020288,13-09-2021 18:06:26.476,8191,
29-12-2020 20:21:39.992,11020288,13-09-2021 18:06:26.476,8191,
29-12-2020 20:21:39.992,11020288,13-09-2021 18:06:26.476,8191,
29-12-2020 20:21:39.992,11020288,13-09-2021 18:06:26.476,8191,
29-12-2020 20:21:39.992,11020288,13-09-2021 18:06:26.476,8191,
29-12-2020 20:21:39.992,11020288,13-09-2021 18:06:26.476,8191,
29-12-2020 20:21:39.992,11020288,13-09-2021 18:06:26.476,8191,
29-12-2020 20:21:39.992,11020288,13-09-2021 18:06:26.476,8191,
29-12-2020 20:21:39.992,11020288,13-09-2021 18:06:26.476,8191,
29-12-2020 20:21:39.992,11020288,13-09-2021 18:06:26.476,8191,
29-12-2020 20:21:39.992,11020288,13-09-2021 18:06:26.476,8191,
29-12-2020 20:21:39.992,11020288,13-09-2021 18:06:26.476,8191,
29-12-2020 20:21:39.992,11020288,13-09-2021 18:06:26.476,8191,
29-12-2020 20:21:39.992,11020288,13-09-2021 18:06:26.476,8191,
29-12-2020 20:21:39.992,11020288,13-09-2021 18:06:26.476,8191,
29-12-2020 20:21:39.992,11020288,13-09-2021 18:06:26.476,8191,
29-12-2020 20:21:39.992,11020288,13-09-2021 18:06:26.476,8191,
29-12-2020 20:21:39.992,11020288,13-09-2021 18:06:26.476,8191,
29-12-2020 20:21:39.992,11020288,13-09-2021 18:06:26.476,8191,
29-12-2020 20:21:39.992,11020288,13-09-2021 18:06:26.476,8191,
29-12-2020 20:21:39.992,11020288,13-09-2021 18:06:26.476,8191,
29-12-2020 20:21:39.992,11020288,13-09-2021 18:06:26.476,8191,
29-12-2020 20:21:39.992,11020288,13-09-2021 18:06:26.476,8191,
29-12-2020 20:21:39.992,11020288,13-09-2021 18:06:26.476,8191,
29-12-2020 20:21:39.992,11020288,13-09-2021 18:06:26.476,8191,
29-12-2020 20:21:39.992,11020288,13-09-2021 18:06:26.476,8191,
29-12-2020 20:21:39.992,11020288,13-09-2021 18:06:26.476,8191,
29-12-2020 20:21:39.992,11020288,13-09-2021 18:06:26.476,8191,
29-12-2020 20:21:39.992,11020288,13-09-2021 18:06:26.476,8191,
29-12-2020 20:21:39.992,11020288,13-09-2021 18:06:26.476,8191,
29-12-2020 20:21:39.992,11020288,13-09-2021 18:06:26.476,8191,
29-12-2020 20:21:40.248,11022336,13-09-2021 18:06:27.491,8191,
29-12-2020 20:21:40.248,11022336,13-09-2021 18:06:27.491,8191,
29-12-2020 20:21:40.248,11022336,13-09-2021 18:06:27.491,8191,
29-12-2020 20:21:40.248,11022336,13-09-2021 18:06:27.491,8191,
29-12-2020 20:21:40.248,11022336,13-09-2021 18:06:27.491,8191,
29-12-2020 20:21:40.248,11022336,13-09-2021 18:06:27.491,8191,
29-12-2020 20:21:40.248,11022336,13-09-2021 18:06:27.491,8191,
29-12-2020 20:21:40.248,11022336,13-09-2021 18:06:27.491,8191,
29-12-2020 20:21:40.248,11022336,13-09-2021 18:06:27.491,8191,
29-12-2020 20:21:40.248,11022336,13-09-2021 18:06:27.491,8191,
29-12-2020 20:21:40.248,11022336,13-09-2021 18:06:27.491,8191,
29-12-2020 20:21:40.248,11022336,13-09-2021 18:06:27.491,8191,
29-12-2020 20:21:40.248,11022336,13-09-2021 18:06:27.491,8191,
29-12-2020 20:21:40.248,11022336,13-09-2021 18:06:27.491,8191,
29-12-2020 20:21:40.248,11022336,13-09-2021 18:06:27.491,8191,
29-12-2020 20:21:40.248,11022336,13-09-2021 18:06:27.491,8191,
29-12-2020 20:21:40.248,11022336,13-09-2021 18:06:27.491,8191,
29-12-2020 20:21:40.248,11022336,13-09-2021 18:06:27.491,8191,
29-12-2020 20:21:40.248,11022336,13-09-2021 18:06:27.491,8191,
29-12-2020 20:21:40.248,11022336,13-09-2021 18:06:27.491,8191,
29-12-2020 20:21:40.248,11022336,13-09-2021 18:06:27.491,8191,
29-12-2020 20:21:40.248,11022336,13-09-2021 18:06:27.491,8191,
29-12-2020 20:21:40.248,11022336,13-09-2021 18:06:27.491,8191,
29-12-2020 20:21:40.248,11022336,13-09-2021 18:06:27.491,8191,
29-12-2020 20:21:40.248,11022336,13-09-2021 18:06:27.491,8191,
29-12-2020 20:21:40.248,11022336,13-09-2021 18:06:27.491,8191,
29-12-2020 20:21:40.248,11022336,13-09-2021 18:06:27.491,8191,
29-12-2020 20:21:40.248,11022336,13-09-2021 18:06:27.491,8191,
29-12-2020 20:21:40.248,11022336,13-09-2021 18:06:27.491,8191,
29-12-2020 20:21:40.248,11022336,13-09-2021 18:06:27.491,8191,
29-12-2020 20:21:40.248,11022336,13-09-2021 18:06:27.491,8191,
29-12-2020 20:21:40.248,11022336,13-09-2021 18:06:27.491,8191,
29-12-2020 20:21:40.248,11022336,13-09-2021 18:06:27.491,8191,
29-12-2020 20:21:40.248,11022336,13-09-2021 18:06:27.491,8191,
29-12-2020 20:21:40.248,11022336,13-09-2021 18:06:27.491,8191,
29-12-2020 20:21:40.248,11022336,13-09-2021 18:06:27.491,8191,
29-12-2020 20:21:40.248,11022336,13-09-2021 18:06:27.491,8191,
29-12-2020 20:21:40.248,11022336,13-09-2021 18:06:27.491,8191,
29-12-2020 20:21:40.248,11022336,13-09-2021 18:06:27.491,8191,
29-12-2020 20:21:40.248,11022336,13-09-2021 18:06:27.491,8191,
29-12-2020 20:21:40.248,11022336,13-09-2021 18:06:27.491,8191,
29-12-2020 20:21:40.248,11022336,13-09-2021 18:06:27.491,8191,
29-12-2020 20:21:40.248,11022336,13-09-2021 18:06:27.491,8191,
29-12-2020 20:21:40.248,11022336,13-09-2021 18:06:27.491,8191,
29-12-2020 20:21:40.248,11022336,13-09-2021 18:06:27.491,8191,
29-12-2020 20:21:40.248,11022336,13-09-2021 18:06:27.491,8191,
29-12-2020 20:21:40.248,11022336,13-09-2021 18:06:27.491,8191,
29-12-2020 20:21:40.248,11022336,13-09-2021 18:06:27.491,8191,
29-12-2020 20:21:40.248,11022336,13-09-2021 18:06:27.491,8191,
29-12-2020 20:21:40.248,11022336,13-09-2021 18:06:27.491,8191,
29-12-2020 20:21:40.248,11022336,13-09-2021 18:06:27.491,8191,
29-12-2020 20:21:40.248,11022336,13-09-2021 18:06:27.491,8191,
29-12-2020 20:21:40.248,11022336,13-09-2021 18:06:27.491,8191,
29-12-2020 20:21:40.248,11022336,13-09-2021 18:06:27.491,8191,
29-12-2020 20:21:40.248,11022336,13-09-2021 18:06:27.491,8191,
29-12-2020 20:21:40.248,11022336,13-09-2021 18:06:27.491,8191,
29-12-2020 20:21:40.248,11022336,13-09-2021 18:06:27.491,8191,
29-12-2020 20:21:40.248,11022336,13-09-2021 18:06:27.491,8191,
29-12-2020 20:21:40.248,11022336,13-09-2021 18:06:27.491,8191,
29-12-2020 20:21:40.248,11022336,13-09-2021 18:06:27.491,8191,
29-12-2020 20:21:40.248,11022336,13-09-2021 18:06:27.491,8191,
29-12-2020 20:21:40.248,11022336,13-09-2021 18:06:27.491,8191,
29-12-2020 20:21:40.248,11022336,13-09-2021 18:06:27.491,8191,
29-12-2020 20:21:40.248,11022336,13-09-2021 18:06:27.491,8191,
29-12-2020 20:21:40.248,11022336,13-09-2021 18:06:27.491,8191,
29-12-2020 20:21:40.248,11022336,13-09-2021 18:06:27.491,8191,
29-12-2020 20:21:40.248,11022336,13-09-2021 18:06:27.491,8191,
29-12-2020 20:21:40.248,11022336,13-09-2021 18:06:27.491,8191,
29-12-2020 20:21:40.248,11022336,13-09-2021 18:06:27.491,8191,
29-12-2020 20:21:40.248,11022336,13-09-2021 18:06:27.491,8191,
29-12-2020 20:21:40.248,11022336,13-09-2021 18:06:27.491,8191,
29-12-2020 20:21:40.248,11022336,13-09-2021 18:06:27.491,8191,
29-12-2020 20:21:40.248,11022336,13-09-2021 18:06:27.491,8191,
29-12-2020 20:21:40.248,11022336,13-09-2021 18:06:27.491,8191,
29-12-2020 20:21:40.248,11022336,13-09-2021 18:06:27.491,8191,
29-12-2020 20:21:40.248,11022336,13-09-2021 18:06:27.491,8191,
29-12-2020 20:21:40.248,11022336,13-09-2021 18:06:27.491,8191,
29-12-2020 20:21:40.248,11022336,13-09-2021 18:06:27.491,8191,
29-12-2020 20:21:40.248,11022336,13-09-2021 18:06:27.491,8191,
29-12-2020 20:21:40.248,11022336,13-09-2021 18:06:27.491,8191,
29-12-2020 20:21:40.248,11022336,13-09-2021 18:06:27.491,8191,
29-12-2020 20:21:40.248,11022336,13-09-2021 18:06:27.491,8191,
29-12-2020 20:21:40.248,11022336,13-09-2021 18:06:27.491,8191,
29-12-2020 20:21:40.248,11022336,13-09-2021 18:06:27.491,8191,
29-12-2020 20:21:40.248,11022336,13-09-2021 18:06:27.491,8191,
29-12-2020 20:21:40.248,11022336,13-09-2021 18:06:27.491,8191,
29-12-2020 20:21:40.248,11022336,13-09-2021 18:06:27.491,8191,
29-12-2020 20:21:40.248,11022336,13-09-2021 18:06:27.491,8191,
29-12-2020 20:21:40.248,11022336,13-09-2021 18:06:27.491,8191,
29-12-2020 20:21:40.248,11022336,13-09-2021 18:06:27.491,8191,
29-12-2020 20:21:40.248,11022336,13-09-2021 18:06:27.491,8191,
29-12-2020 20:21:40.248,11022336,13-09-2021 18:06:27.491,8191,
29-12-2020 20:21:40.248,11022336,13-09-2021 18:06:27.491,8191,
29-12-2020 20:21:40.248,11022336,13-09-2021 18:06:27.491,8191,
29-12-2020 20:21:40.248,11022336,13-09-2021 18:06:27.491,8191,
29-12-2020 20:21:40.248,11022336,13-09-2021 18:06:27.491,8191,
29-12-2020 20:21:40.248,11022336,13-09-2021 18:06:27.491,8191,
29-12-2020 20:21:40.248,11022336,13-09-2021 18:06:27.491,8191,
29-12-2020 20:21:40.248,11022336,13-09-2021 18:06:27.491,8191,
29-12-2020 20:21:40.248,11022336,13-09-2021 18:06:27.491,8191,
29-12-2020 20:21:40.248,11022336,13-09-2021 18:06:27.491,8191,
29-12-2020 20:21:40.248,11022336,13-09-2021 18:06:27.491,8191,
29-12-2020 20:21:40.248,11022336,13-09-2021 18:06:27.491,8191,
29-12-2020 20:21:40.248,11022336,13-09-2021 18:06:27.491,8191,
29-12-2020 20:21:40.248,11022336,13-09-2021 18:06:27.491,8191,
29-12-2020 20:21:40.248,11022336,13-09-2021 18:06:27.491,8191,
29-12-2020 20:21:40.248,11022336,13-09-2021 18:06:27.491,8191,
29-12-2020 20:21:40.248,11022336,13-09-2021 18:06:27.491,8191,
29-12-2020 20:21:40.248,11022336,13-09-2021 18:06:27.491,8191,
29-12-2020 20:21:40.248,11022336,13-09-2021 18:06:27.491,8191,
29-12-2020 20:21:40.248,11022336,13-09-2021 18:06:27.491,8191,
29-12-2020 20:21:40.248,11022336,13-09-2021 18:06:27.491,8191,
29-12-2020 20:21:40.248,11022336,13-09-2021 18:06:27.491,8191,
29-12-2020 20:21:40.248,11022336,13-09-2021 18:06:27.491,8191,
29-12-2020 20:21:40.248,11022336,13-09-2021 18:06:27.491,8191,
29-12-2020 20:21:40.248,11022336,13-09-2021 18:06:27.491,8191,
29-12-2020 20:21:40.248,11022336,13-09-2021 18:06:27.491,8191,
29-12-2020 20:21:40.248,11022336,13-09-2021 18:06:27.491,8191,
29-12-2020 20:21:40.248,11022336,13-09-2021 18:06:27.491,8191,
29-12-2020 20:21:40.248,11022336,13-09-2021 18:06:27.491,8191,
29-12-2020 20:21:40.248,11022336,13-09-2021 18:06:27.491,8191,
29-12-2020 20:21:40.248,11022336,13-09-2021 18:06:27.491,8191,
29-12-2020 20:21:40.248,11022336,13-09-2021 18:06:27.491,8191,
29-12-2020 20:21:40.248,11022336,13-09-2021 18:06:27.491,8191,
29-12-2020 20:21:40.248,11022336,13-09-2021 18:06:27.491,8191,
29-12-2020 20:21:40.248,11022336,13-09-2021 18:06:27.491,8191,
29-12-2020 20:21:40.248,11022336,13-09-2021 18:06:27.491,8191,
29-12-2020 20:21:40.248,11022336,13-09-2021 18:06:27.491,8191,
29-12-2020 20:21:40.504,11024384,13-09-2021 18:06:27.491,8191,
29-12-2020 20:21:40.504,11024384,13-09-2021 18:06:27.491,8191,
29-12-2020 20:21:40.504,11024384,13-09-2021 18:06:27.491,8191,
29-12-2020 20:21:40.504,11024384,13-09-2021 18:06:27.491,8191,
29-12-2020 20:21:40.504,11024384,13-09-2021 18:06:27.491,8191,
29-12-2020 20:21:40.504,11024384,13-09-2021 18:06:27.491,8191,
29-12-2020 20:21:40.504,11024384,13-09-2021 18:06:27.491,8191,
29-12-2020 20:21:40.504,11024384,13-09-2021 18:06:27.491,8191,
29-12-2020 20:21:40.504,11024384,13-09-2021 18:06:27.491,8191,
29-12-2020 20:21:40.504,11024384,13-09-2021 18:06:27.491,8191,
29-12-2020 20:21:40.504,11024384,13-09-2021 18:06:27.491,8191,
29-12-2020 20:21:40.504,11024384,13-09-2021 18:06:27.491,8191,
29-12-2020 20:21:40.504,11024384,13-09-2021 18:06:27.491,8191,
29-12-2020 20:21:40.504,11024384,13-09-2021 18:06:27.491,8191,
29-12-2020 20:21:40.504,11024384,13-09-2021 18:06:27.491,8191,
29-12-2020 20:21:40.504,11024384,13-09-2021 18:06:27.491,8191,
29-12-2020 20:21:40.504,11024384,13-09-2021 18:06:27.491,8191,
29-12-2020 20:21:40.504,11024384,13-09-2021 18:06:27.491,8191,
29-12-2020 20:21:40.504,11024384,13-09-2021 18:06:27.491,8191,
29-12-2020 20:21:40.504,11024384,13-09-2021 18:06:27.491,8191,
29-12-2020 20:21:40.504,11024384,13-09-2021 18:06:27.491,8191,
29-12-2020 20:21:40.504,11024384,13-09-2021 18:06:27.491,8191,
29-12-2020 20:21:40.504,11024384,13-09-2021 18:06:27.491,8191,
29-12-2020 20:21:40.504,11024384,13-09-2021 18:06:27.491,8191,
29-12-2020 20:21:40.504,11024384,13-09-2021 18:06:27.491,8191,
29-12-2020 20:21:40.504,11024384,13-09-2021 18:06:27.491,8191,
29-12-2020 20:21:40.504,11024384,13-09-2021 18:06:27.491,8191,
29-12-2020 20:21:40.504,11024384,13-09-2021 18:06:27.491,8191,
29-12-2020 20:21:40.504,11024384,13-09-2021 18:06:27.491,8191,
29-12-2020 20:21:40.504,11024384,13-09-2021 18:06:27.491,8191,
29-12-2020 20:21:40.504,11024384,13-09-2021 18:06:27.491,8191,
29-12-2020 20:21:40.504,11024384,13-09-2021 18:06:27.491,8191,
29-12-2020 20:21:40.504,11024384,13-09-2021 18:06:27.491,8191,
29-12-2020 20:21:40.504,11024384,13-09-2021 18:06:27.491,8191,
29-12-2020 20:21:40.504,11024384,13-09-2021 18:06:27.491,8191,
29-12-2020 20:21:40.504,11024384,13-09-2021 18:06:27.491,8191,
29-12-2020 20:21:40.504,11024384,13-09-2021 18:06:27.491,8191,
29-12-2020 20:21:40.504,11024384,13-09-2021 18:06:27.491,8191,
29-12-2020 20:21:40.504,11024384,13-09-2021 18:06:27.491,8191,
29-12-2020 20:21:40.504,11024384,13-09-2021 18:06:27.491,8191,
29-12-2020 20:21:40.504,11024384,13-09-2021 18:06:27.491,8191,
29-12-2020 20:21:40.504,11024384,13-09-2021 18:06:27.491,8191,
29-12-2020 20:21:40.504,11024384,13-09-2021 18:06:27.491,8191,
29-12-2020 20:21:40.504,11024384,13-09-2021 18:06:27.491,8191,
29-12-2020 20:21:40.504,11024384,13-09-2021 18:06:27.491,8191,
29-12-2020 20:21:40.504,11024384,13-09-2021 18:06:27.491,8191,
29-12-2020 20:21:40.504,11024384,13-09-2021 18:06:27.491,8191,
29-12-2020 20:21:40.504,11024384,13-09-2021 18:06:27.491,8191,
29-12-2020 20:21:40.504,11024384,13-09-2021 18:06:27.491,8191,
29-12-2020 20:21:40.504,11024384,13-09-2021 18:06:27.491,8191,
29-12-2020 20:21:40.504,11024384,13-09-2021 18:06:27.491,8191,
29-12-2020 20:21:40.504,11024384,13-09-2021 18:06:27.491,8191,
29-12-2020 20:21:40.504,11024384,13-09-2021 18:06:27.491,8191,
29-12-2020 20:21:40.504,11024384,13-09-2021 18:06:27.491,8191,
29-12-2020 20:21:40.504,11024384,13-09-2021 18:06:27.491,8191,
29-12-2020 20:21:40.504,11024384,13-09-2021 18:06:27.491,8191,
29-12-2020 20:21:40.504,11024384,13-09-2021 18:06:27.491,8191,
29-12-2020 20:21:40.504,11024384,13-09-2021 18:06:27.491,8191,
29-12-2020 20:21:40.504,11024384,13-09-2021 18:06:27.491,8191,
29-12-2020 20:21:40.504,11024384,13-09-2021 18:06:27.491,8191,
29-12-2020 20:21:40.504,11024384,13-09-2021 18:06:27.491,8191,
29-12-2020 20:21:40.504,11024384,13-09-2021 18:06:27.491,8191,
29-12-2020 20:21:40.504,11024384,13-09-2021 18:06:27.491,8191,
29-12-2020 20:21:40.504,11024384,13-09-2021 18:06:27.491,8191,
29-12-2020 20:21:40.504,11024384,13-09-2021 18:06:27.491,8191,
29-12-2020 20:21:40.504,11024384,13-09-2021 18:06:27.491,8191,
29-12-2020 20:21:40.504,11024384,13-09-2021 18:06:27.491,8191,
29-12-2020 20:21:40.504,11024384,13-09-2021 18:06:27.491,8191,
29-12-2020 20:21:40.504,11024384,13-09-2021 18:06:27.491,8191,
29-12-2020 20:21:40.504,11024384,13-09-2021 18:06:27.491,8191,
29-12-2020 20:21:40.504,11024384,13-09-2021 18:06:27.491,8191,
29-12-2020 20:21:40.504,11024384,13-09-2021 18:06:27.491,8191,
29-12-2020 20:21:40.504,11024384,13-09-2021 18:06:27.491,8191,
29-12-2020 20:21:40.504,11024384,13-09-2021 18:06:27.491,8191,
29-12-2020 20:21:40.504,11024384,13-09-2021 18:06:27.491,8191,
29-12-2020 20:21:40.504,11024384,13-09-2021 18:06:27.491,8191,
29-12-2020 20:21:40.504,11024384,13-09-2021 18:06:27.491,8191,
29-12-2020 20:21:40.504,11024384,13-09-2021 18:06:27.491,8191,
29-12-2020 20:21:40.504,11024384,13-09-2021 18:06:27.491,8191,
29-12-2020 20:21:40.504,11024384,13-09-2021 18:06:27.491,8191,
29-12-2020 20:21:40.504,11024384,13-09-2021 18:06:27.491,8191,
29-12-2020 20:21:40.504,11024384,13-09-2021 18:06:27.491,8191,
29-12-2020 20:21:40.504,11024384,13-09-2021 18:06:27.491,8191,
29-12-2020 20:21:40.504,11024384,13-09-2021 18:06:27.491,8191,
29-12-2020 20:21:40.504,11024384,13-09-2021 18:06:27.491,8191,
29-12-2020 20:21:40.504,11024384,13-09-2021 18:06:27.491,8191,
29-12-2020 20:21:40.504,11024384,13-09-2021 18:06:27.491,8191,
29-12-2020 20:21:40.504,11024384,13-09-2021 18:06:27.491,8191,
29-12-2020 20:21:40.504,11024384,13-09-2021 18:06:27.491,8191,
29-12-2020 20:21:40.504,11024384,13-09-2021 18:06:27.491,8191,
29-12-2020 20:21:40.504,11024384,13-09-2021 18:06:27.491,8191,
29-12-2020 20:21:40.504,11024384,13-09-2021 18:06:27.491,8191,
29-12-2020 20:21:40.504,11024384,13-09-2021 18:06:27.491,8191,
29-12-2020 20:21:40.504,11024384,13-09-2021 18:06:27.491,8191,
29-12-2020 20:21:40.504,11024384,13-09-2021 18:06:27.491,8191,
29-12-2020 20:21:40.504,11024384,13-09-2021 18:06:27.491,8191,
29-12-2020 20:21:40.504,11024384,13-09-2021 18:06:27.491,8191,
29-12-2020 20:21:40.504,11024384,13-09-2021 18:06:27.491,8191,
29-12-2020 20:21:40.504,11024384,13-09-2021 18:06:27.491,8191,
29-12-2020 20:21:40.504,11024384,13-09-2021 18:06:27.491,8191,
29-12-2020 20:21:40.504,11024384,13-09-2021 18:06:27.491,8191,
29-12-2020 20:21:40.504,11024384,13-09-2021 18:06:27.491,8191,
29-12-2020 20:21:40.504,11024384,13-09-2021 18:06:27.491,8191,
29-12-2020 20:21:40.504,11024384,13-09-2021 18:06:27.491,8191,
29-12-2020 20:21:40.504,11024384,13-09-2021 18:06:27.491,8191,
29-12-2020 20:21:40.504,11024384,13-09-2021 18:06:27.491,8191,
29-12-2020 20:21:40.504,11024384,13-09-2021 18:06:27.491,8191,
29-12-2020 20:21:40.504,11024384,13-09-2021 18:06:27.491,8191,
29-12-2020 20:21:40.504,11024384,13-09-2021 18:06:27.491,8191,
29-12-2020 20:21:40.504,11024384,13-09-2021 18:06:27.491,8191,
29-12-2020 20:21:40.504,11024384,13-09-2021 18:06:27.491,8191,
29-12-2020 20:21:40.504,11024384,13-09-2021 18:06:27.491,8191,
29-12-2020 20:21:40.504,11024384,13-09-2021 18:06:27.491,8191,
29-12-2020 20:21:40.504,11024384,13-09-2021 18:06:27.491,8191,
29-12-2020 20:21:40.504,11024384,13-09-2021 18:06:27.491,8191,
29-12-2020 20:21:40.504,11024384,13-09-2021 18:06:27.491,8191,
29-12-2020 20:21:40.504,11024384,13-09-2021 18:06:27.491,8191,
29-12-2020 20:21:40.504,11024384,13-09-2021 18:06:27.491,8191,
29-12-2020 20:21:40.504,11024384,13-09-2021 18:06:27.491,8191,
29-12-2020 20:21:40.504,11024384,13-09-2021 18:06:27.491,8191,
29-12-2020 20:21:40.504,11024384,13-09-2021 18:06:27.491,8191,
29-12-2020 20:21:40.504,11024384,13-09-2021 18:06:27.491,8191,
29-12-2020 20:21:40.504,11024384,13-09-2021 18:06:27.491,8191,
29-12-2020 20:21:40.504,11024384,13-09-2021 18:06:27.491,8191,
29-12-2020 20:21:40.504,11024384,13-09-2021 18:06:27.491,8191,
29-12-2020 20:21:40.504,11024384,13-09-2021 18:06:27.491,8191,
29-12-2020 20:21:40.504,11024384,13-09-2021 18:06:27.491,8191,
29-12-2020 20:21:40.504,11024384,13-09-2021 18:06:27.491,8191,
29-12-2020 20:21:40.760,11026432,13-09-2021 18:06:27.491,8191,
29-12-2020 20:21:40.760,11026432,13-09-2021 18:06:27.491,8191,
29-12-2020 20:21:40.760,11026432,13-09-2021 18:06:27.491,8191,
29-12-2020 20:21:40.760,11026432,13-09-2021 18:06:27.491,8191,
29-12-2020 20:21:40.760,11026432,13-09-2021 18:06:27.491,8191,
29-12-2020 20:21:40.760,11026432,13-09-2021 18:06:27.491,8191,
29-12-2020 20:21:40.760,11026432,13-09-2021 18:06:27.491,8191,
29-12-2020 20:21:40.760,11026432,13-09-2021 18:06:27.491,8191,
29-12-2020 20:21:40.760,11026432,13-09-2021 18:06:27.491,8191,
29-12-2020 20:21:40.760,11026432,13-09-2021 18:06:27.491,8191,
29-12-2020 20:21:40.760,11026432,13-09-2021 18:06:27.491,8191,
29-12-2020 20:21:40.760,11026432,13-09-2021 18:06:27.491,8191,
29-12-2020 20:21:40.760,11026432,13-09-2021 18:06:27.491,8191,
29-12-2020 20:21:40.760,11026432,13-09-2021 18:06:27.491,8191,
29-12-2020 20:21:40.760,11026432,13-09-2021 18:06:27.491,8191,
29-12-2020 20:21:40.760,11026432,13-09-2021 18:06:27.491,8191,
29-12-2020 20:21:40.760,11026432,13-09-2021 18:06:27.491,8191,
29-12-2020 20:21:40.760,11026432,13-09-2021 18:06:27.491,8191,
29-12-2020 20:21:40.760,11026432,13-09-2021 18:06:27.491,8191,
29-12-2020 20:21:40.760,11026432,13-09-2021 18:06:27.491,8191,
29-12-2020 20:21:40.760,11026432,13-09-2021 18:06:27.491,8191,
29-12-2020 20:21:40.760,11026432,13-09-2021 18:06:27.491,8191,
29-12-2020 20:21:40.760,11026432,13-09-2021 18:06:27.491,8191,
29-12-2020 20:21:40.760,11026432,13-09-2021 18:06:27.491,8191,
29-12-2020 20:21:40.760,11026432,13-09-2021 18:06:27.491,8191,
29-12-2020 20:21:40.760,11026432,13-09-2021 18:06:27.491,8191,
29-12-2020 20:21:40.760,11026432,13-09-2021 18:06:27.491,8191,
29-12-2020 20:21:40.760,11026432,13-09-2021 18:06:27.491,8191,
29-12-2020 20:21:40.760,11026432,13-09-2021 18:06:27.491,8191,
29-12-2020 20:21:40.760,11026432,13-09-2021 18:06:27.491,8191,
29-12-2020 20:21:40.760,11026432,13-09-2021 18:06:27.491,8191,
29-12-2020 20:21:40.760,11026432,13-09-2021 18:06:27.491,8191,
29-12-2020 20:21:40.760,11026432,13-09-2021 18:06:27.491,8191,
29-12-2020 20:21:40.760,11026432,13-09-2021 18:06:27.491,8191,
29-12-2020 20:21:40.760,11026432,13-09-2021 18:06:27.491,8191,
29-12-2020 20:21:40.760,11026432,13-09-2021 18:06:27.491,8191,
29-12-2020 20:21:40.760,11026432,13-09-2021 18:06:27.491,8191,
29-12-2020 20:21:40.760,11026432,13-09-2021 18:06:27.491,8191,
29-12-2020 20:21:40.760,11026432,13-09-2021 18:06:27.491,8191,
29-12-2020 20:21:40.760,11026432,13-09-2021 18:06:27.491,8191,
29-12-2020 20:21:40.760,11026432,13-09-2021 18:06:27.491,8191,
29-12-2020 20:21:40.760,11026432,13-09-2021 18:06:27.491,8191,
29-12-2020 20:21:40.760,11026432,13-09-2021 18:06:27.491,8191,
29-12-2020 20:21:40.760,11026432,13-09-2021 18:06:27.491,8191,
29-12-2020 20:21:40.760,11026432,13-09-2021 18:06:27.491,8191,
29-12-2020 20:21:40.760,11026432,13-09-2021 18:06:27.491,8191,
29-12-2020 20:21:40.760,11026432,13-09-2021 18:06:27.491,8191,
29-12-2020 20:21:40.760,11026432,13-09-2021 18:06:27.491,8191,
29-12-2020 20:21:40.760,11026432,13-09-2021 18:06:27.491,8191,
29-12-2020 20:21:40.760,11026432,13-09-2021 18:06:27.491,8191,
29-12-2020 20:21:40.760,11026432,13-09-2021 18:06:27.491,8191,
29-12-2020 20:21:40.760,11026432,13-09-2021 18:06:27.491,8191,
29-12-2020 20:21:40.760,11026432,13-09-2021 18:06:27.491,8191,
29-12-2020 20:21:40.760,11026432,13-09-2021 18:06:27.491,8191,
29-12-2020 20:21:40.760,11026432,13-09-2021 18:06:27.491,8191,
29-12-2020 20:21:40.760,11026432,13-09-2021 18:06:27.491,8191,
29-12-2020 20:21:40.760,11026432,13-09-2021 18:06:27.491,8191,
29-12-2020 20:21:40.760,11026432,13-09-2021 18:06:27.491,8191,
29-12-2020 20:21:40.760,11026432,13-09-2021 18:06:27.491,8191,
29-12-2020 20:21:40.760,11026432,13-09-2021 18:06:27.491,8191,
29-12-2020 20:21:40.760,11026432,13-09-2021 18:06:27.491,8191,
29-12-2020 20:21:40.760,11026432,13-09-2021 18:06:27.491,8191,
29-12-2020 20:21:40.760,11026432,13-09-2021 18:06:27.491,8191,
29-12-2020 20:21:40.760,11026432,13-09-2021 18:06:27.491,8191,
29-12-2020 20:21:40.760,11026432,13-09-2021 18:06:27.491,8191,
29-12-2020 20:21:40.760,11026432,13-09-2021 18:06:27.491,8191,
29-12-2020 20:21:40.760,11026432,13-09-2021 18:06:27.491,8191,
29-12-2020 20:21:40.760,11026432,13-09-2021 18:06:27.491,8191,
29-12-2020 20:21:40.760,11026432,13-09-2021 18:06:27.491,8191,
29-12-2020 20:21:40.760,11026432,13-09-2021 18:06:27.491,8191,
29-12-2020 20:21:40.760,11026432,13-09-2021 18:06:27.491,8191,
29-12-2020 20:21:40.760,11026432,13-09-2021 18:06:27.491,8191,
29-12-2020 20:21:40.760,11026432,13-09-2021 18:06:27.491,8191,
29-12-2020 20:21:40.760,11026432,13-09-2021 18:06:27.491,8191,
29-12-2020 20:21:40.760,11026432,13-09-2021 18:06:27.491,8191,
29-12-2020 20:21:40.760,11026432,13-09-2021 18:06:27.491,8191,
29-12-2020 20:21:40.760,11026432,13-09-2021 18:06:27.491,8191,
29-12-2020 20:21:40.760,11026432,13-09-2021 18:06:27.491,8191,
29-12-2020 20:21:40.760,11026432,13-09-2021 18:06:27.491,8191,
29-12-2020 20:21:40.760,11026432,13-09-2021 18:06:27.491,8191,
29-12-2020 20:21:40.760,11026432,13-09-2021 18:06:27.491,8191,
29-12-2020 20:21:40.760,11026432,13-09-2021 18:06:27.491,8191,
29-12-2020 20:21:40.760,11026432,13-09-2021 18:06:27.491,8191,
29-12-2020 20:21:40.760,11026432,13-09-2021 18:06:27.491,8191,
29-12-2020 20:21:40.760,11026432,13-09-2021 18:06:27.491,8191,
29-12-2020 20:21:40.760,11026432,13-09-2021 18:06:27.491,8191,
29-12-2020 20:21:40.760,11026432,13-09-2021 18:06:27.491,8191,
29-12-2020 20:21:40.760,11026432,13-09-2021 18:06:27.491,8191,
29-12-2020 20:21:40.760,11026432,13-09-2021 18:06:27.491,8191,
29-12-2020 20:21:40.760,11026432,13-09-2021 18:06:27.491,8191,
29-12-2020 20:21:40.760,11026432,13-09-2021 18:06:27.491,8191,
29-12-2020 20:21:40.760,11026432,13-09-2021 18:06:27.491,8191,
29-12-2020 20:21:40.760,11026432,13-09-2021 18:06:27.491,8191,
29-12-2020 20:21:40.760,11026432,13-09-2021 18:06:27.491,8191,
29-12-2020 20:21:40.760,11026432,13-09-2021 18:06:27.491,8191,
29-12-2020 20:21:40.760,11026432,13-09-2021 18:06:27.491,8191,
29-12-2020 20:21:40.760,11026432,13-09-2021 18:06:27.491,8191,
29-12-2020 20:21:40.760,11026432,13-09-2021 18:06:27.491,8191,
29-12-2020 20:21:40.760,11026432,13-09-2021 18:06:27.491,8191,
29-12-2020 20:21:40.760,11026432,13-09-2021 18:06:27.491,8191,
29-12-2020 20:21:40.760,11026432,13-09-2021 18:06:27.491,8191,
29-12-2020 20:21:40.760,11026432,13-09-2021 18:06:27.491,8191,
29-12-2020 20:21:40.760,11026432,13-09-2021 18:06:27.491,8191,
29-12-2020 20:21:40.760,11026432,13-09-2021 18:06:27.491,8191,
29-12-2020 20:21:40.760,11026432,13-09-2021 18:06:27.491,8191,
29-12-2020 20:21:40.760,11026432,13-09-2021 18:06:27.491,8191,
29-12-2020 20:21:40.760,11026432,13-09-2021 18:06:27.491,8191,
29-12-2020 20:21:40.760,11026432,13-09-2021 18:06:27.491,8191,
29-12-2020 20:21:40.760,11026432,13-09-2021 18:06:27.491,8191,
29-12-2020 20:21:40.760,11026432,13-09-2021 18:06:27.491,8191,
29-12-2020 20:21:40.760,11026432,13-09-2021 18:06:27.491,8191,
29-12-2020 20:21:40.760,11026432,13-09-2021 18:06:27.491,8191,
29-12-2020 20:21:40.760,11026432,13-09-2021 18:06:27.491,8191,
29-12-2020 20:21:40.760,11026432,13-09-2021 18:06:27.491,8191,
29-12-2020 20:21:40.760,11026432,13-09-2021 18:06:27.491,8191,
29-12-2020 20:21:40.760,11026432,13-09-2021 18:06:27.491,8191,
29-12-2020 20:21:40.760,11026432,13-09-2021 18:06:27.491,8191,
29-12-2020 20:21:40.760,11026432,13-09-2021 18:06:27.491,8191,
29-12-2020 20:21:40.760,11026432,13-09-2021 18:06:27.491,8191,
29-12-2020 20:21:40.760,11026432,13-09-2021 18:06:27.491,8191,
29-12-2020 20:21:40.760,11026432,13-09-2021 18:06:27.491,8191,
29-12-2020 20:21:40.760,11026432,13-09-2021 18:06:27.491,8191,
29-12-2020 20:21:40.760,11026432,13-09-2021 18:06:27.491,8191,
29-12-2020 20:21:40.760,11026432,13-09-2021 18:06:27.491,8191,
29-12-2020 20:21:40.760,11026432,13-09-2021 18:06:27.491,8191,
29-12-2020 20:21:40.760,11026432,13-09-2021 18:06:27.491,8191,
29-12-2020 20:21:40.760,11026432,13-09-2021 18:06:27.491,8191,
29-12-2020 20:21:40.760,11026432,13-09-2021 18:06:27.491,8191,
29-12-2020 20:21:41.016,11028480,13-09-2021 18:06:27.491,8191,
29-12-2020 20:21:41.016,11028480,13-09-2021 18:06:27.491,8191,
29-12-2020 20:21:41.016,11028480,13-09-2021 18:06:27.491,8191,
29-12-2020 20:21:41.016,11028480,13-09-2021 18:06:27.491,8191,
29-12-2020 20:21:41.016,11028480,13-09-2021 18:06:27.491,8191,
29-12-2020 20:21:41.016,11028480,13-09-2021 18:06:27.491,8191,
29-12-2020 20:21:41.016,11028480,13-09-2021 18:06:27.491,8191,
29-12-2020 20:21:41.016,11028480,13-09-2021 18:06:27.491,8191,
29-12-2020 20:21:41.016,11028480,13-09-2021 18:06:27.491,8191,
29-12-2020 20:21:41.016,11028480,13-09-2021 18:06:27.491,8191,
29-12-2020 20:21:41.016,11028480,13-09-2021 18:06:27.491,8191,
29-12-2020 20:21:41.016,11028480,13-09-2021 18:06:27.491,8191,
29-12-2020 20:21:41.016,11028480,13-09-2021 18:06:27.491,8191,
29-12-2020 20:21:41.016,11028480,13-09-2021 18:06:27.491,8191,
29-12-2020 20:21:41.016,11028480,13-09-2021 18:06:27.491,8191,
29-12-2020 20:21:41.016,11028480,13-09-2021 18:06:27.491,8191,
29-12-2020 20:21:41.016,11028480,13-09-2021 18:06:27.491,8191,
29-12-2020 20:21:41.016,11028480,13-09-2021 18:06:27.491,8191,
29-12-2020 20:21:41.016,11028480,13-09-2021 18:06:27.491,8191,
29-12-2020 20:21:41.016,11028480,13-09-2021 18:06:27.491,8191,
29-12-2020 20:21:41.016,11028480,13-09-2021 18:06:27.491,8191,
29-12-2020 20:21:41.016,11028480,13-09-2021 18:06:27.491,8191,
29-12-2020 20:21:41.016,11028480,13-09-2021 18:06:27.491,8191,
29-12-2020 20:21:41.016,11028480,13-09-2021 18:06:27.491,8191,
29-12-2020 20:21:41.016,11028480,13-09-2021 18:06:27.491,8191,
29-12-2020 20:21:41.016,11028480,13-09-2021 18:06:27.491,8191,
29-12-2020 20:21:41.016,11028480,13-09-2021 18:06:27.491,8191,
29-12-2020 20:21:41.016,11028480,13-09-2021 18:06:27.491,8191,
29-12-2020 20:21:41.016,11028480,13-09-2021 18:06:27.491,8191,
29-12-2020 20:21:41.016,11028480,13-09-2021 18:06:27.491,8191,
29-12-2020 20:21:41.016,11028480,13-09-2021 18:06:27.491,8191,
29-12-2020 20:21:41.016,11028480,13-09-2021 18:06:27.491,8191,
29-12-2020 20:21:41.016,11028480,13-09-2021 18:06:27.491,8191,
29-12-2020 20:21:41.016,11028480,13-09-2021 18:06:27.491,8191,
29-12-2020 20:21:41.016,11028480,13-09-2021 18:06:27.491,8191,
29-12-2020 20:21:41.016,11028480,13-09-2021 18:06:27.491,8191,
29-12-2020 20:21:41.016,11028480,13-09-2021 18:06:27.491,8191,
29-12-2020 20:21:41.016,11028480,13-09-2021 18:06:27.491,8191,
29-12-2020 20:21:41.016,11028480,13-09-2021 18:06:27.491,8191,
29-12-2020 20:21:41.016,11028480,13-09-2021 18:06:27.491,8191,
29-12-2020 20:21:41.016,11028480,13-09-2021 18:06:27.491,8191,
29-12-2020 20:21:41.016,11028480,13-09-2021 18:06:27.491,8191,
29-12-2020 20:21:41.016,11028480,13-09-2021 18:06:27.491,8191,
29-12-2020 20:21:41.016,11028480,13-09-2021 18:06:27.491,8191,
29-12-2020 20:21:41.016,11028480,13-09-2021 18:06:27.491,8191,
29-12-2020 20:21:41.016,11028480,13-09-2021 18:06:27.491,8191,
29-12-2020 20:21:41.016,11028480,13-09-2021 18:06:27.491,8191,
29-12-2020 20:21:41.016,11028480,13-09-2021 18:06:27.491,8191,
29-12-2020 20:21:41.016,11028480,13-09-2021 18:06:27.491,8191,
29-12-2020 20:21:41.016,11028480,13-09-2021 18:06:27.491,8191,
29-12-2020 20:21:41.016,11028480,13-09-2021 18:06:27.491,8191,
29-12-2020 20:21:41.016,11028480,13-09-2021 18:06:27.491,8191,
29-12-2020 20:21:41.016,11028480,13-09-2021 18:06:27.491,8191,
29-12-2020 20:21:41.016,11028480,13-09-2021 18:06:27.491,8191,
29-12-2020 20:21:41.016,11028480,13-09-2021 18:06:27.491,8191,
29-12-2020 20:21:41.016,11028480,13-09-2021 18:06:27.491,8191,
29-12-2020 20:21:41.016,11028480,13-09-2021 18:06:27.491,8191,
29-12-2020 20:21:41.016,11028480,13-09-2021 18:06:27.491,8191,
29-12-2020 20:21:41.016,11028480,13-09-2021 18:06:27.491,8191,
29-12-2020 20:21:41.016,11028480,13-09-2021 18:06:27.491,8191,
29-12-2020 20:21:41.016,11028480,13-09-2021 18:06:27.491,8191,
29-12-2020 20:21:41.016,11028480,13-09-2021 18:06:27.491,8191,
29-12-2020 20:21:41.016,11028480,13-09-2021 18:06:27.491,8191,
29-12-2020 20:21:41.016,11028480,13-09-2021 18:06:27.491,8191,
29-12-2020 20:21:41.016,11028480,13-09-2021 18:06:27.491,8191,
29-12-2020 20:21:41.016,11028480,13-09-2021 18:06:27.491,8191,
29-12-2020 20:21:41.016,11028480,13-09-2021 18:06:27.491,8191,
29-12-2020 20:21:41.016,11028480,13-09-2021 18:06:27.491,8191,
29-12-2020 20:21:41.016,11028480,13-09-2021 18:06:27.491,8191,
29-12-2020 20:21:41.016,11028480,13-09-2021 18:06:27.491,8191,
29-12-2020 20:21:41.016,11028480,13-09-2021 18:06:27.491,8191,
29-12-2020 20:21:41.016,11028480,13-09-2021 18:06:27.491,8191,
29-12-2020 20:21:41.016,11028480,13-09-2021 18:06:27.491,8191,
29-12-2020 20:21:41.016,11028480,13-09-2021 18:06:27.491,8191,
29-12-2020 20:21:41.016,11028480,13-09-2021 18:06:27.491,8191,
29-12-2020 20:21:41.016,11028480,13-09-2021 18:06:27.491,8191,
29-12-2020 20:21:41.016,11028480,13-09-2021 18:06:27.491,8191,
29-12-2020 20:21:41.016,11028480,13-09-2021 18:06:27.491,8191,
29-12-2020 20:21:41.016,11028480,13-09-2021 18:06:27.491,8191,
29-12-2020 20:21:41.016,11028480,13-09-2021 18:06:27.491,8191,
29-12-2020 20:21:41.016,11028480,13-09-2021 18:06:27.491,8191,
29-12-2020 20:21:41.016,11028480,13-09-2021 18:06:27.491,8191,
29-12-2020 20:21:41.016,11028480,13-09-2021 18:06:27.491,8191,
29-12-2020 20:21:41.016,11028480,13-09-2021 18:06:27.491,8191,
29-12-2020 20:21:41.016,11028480,13-09-2021 18:06:27.491,8191,
29-12-2020 20:21:41.016,11028480,13-09-2021 18:06:27.491,8191,
29-12-2020 20:21:41.016,11028480,13-09-2021 18:06:27.491,8191,
29-12-2020 20:21:41.016,11028480,13-09-2021 18:06:27.491,8191,
29-12-2020 20:21:41.016,11028480,13-09-2021 18:06:27.491,8191,
29-12-2020 20:21:41.016,11028480,13-09-2021 18:06:27.491,8191,
29-12-2020 20:21:41.016,11028480,13-09-2021 18:06:27.491,8191,
29-12-2020 20:21:41.016,11028480,13-09-2021 18:06:27.491,8191,
29-12-2020 20:21:41.016,11028480,13-09-2021 18:06:27.491,8191,
29-12-2020 20:21:41.016,11028480,13-09-2021 18:06:27.491,8191,
29-12-2020 20:21:41.016,11028480,13-09-2021 18:06:27.491,8191,
29-12-2020 20:21:41.016,11028480,13-09-2021 18:06:27.491,8191,
29-12-2020 20:21:41.016,11028480,13-09-2021 18:06:27.491,8191,
29-12-2020 20:21:41.016,11028480,13-09-2021 18:06:27.491,8191,
29-12-2020 20:21:41.016,11028480,13-09-2021 18:06:27.491,8191,
29-12-2020 20:21:41.016,11028480,13-09-2021 18:06:27.491,8191,
29-12-2020 20:21:41.016,11028480,13-09-2021 18:06:27.491,8191,
29-12-2020 20:21:41.016,11028480,13-09-2021 18:06:27.491,8191,
29-12-2020 20:21:41.016,11028480,13-09-2021 18:06:27.491,8191,
29-12-2020 20:21:41.016,11028480,13-09-2021 18:06:27.491,8191,
29-12-2020 20:21:41.016,11028480,13-09-2021 18:06:27.491,8191,
29-12-2020 20:21:41.016,11028480,13-09-2021 18:06:27.491,8191,
29-12-2020 20:21:41.016,11028480,13-09-2021 18:06:27.491,8191,
29-12-2020 20:21:41.016,11028480,13-09-2021 18:06:27.491,8191,
29-12-2020 20:21:41.016,11028480,13-09-2021 18:06:27.491,8191,
29-12-2020 20:21:41.016,11028480,13-09-2021 18:06:27.491,8191,
29-12-2020 20:21:41.016,11028480,13-09-2021 18:06:27.491,8191,
29-12-2020 20:21:41.016,11028480,13-09-2021 18:06:27.491,8191,
29-12-2020 20:21:41.016,11028480,13-09-2021 18:06:27.491,8191,
29-12-2020 20:21:41.016,11028480,13-09-2021 18:06:27.491,8191,
29-12-2020 20:21:41.016,11028480,13-09-2021 18:06:27.491,8191,
29-12-2020 20:21:41.016,11028480,13-09-2021 18:06:27.491,8191,
29-12-2020 20:21:41.016,11028480,13-09-2021 18:06:27.491,8191,
29-12-2020 20:21:41.016,11028480,13-09-2021 18:06:27.491,8191,
29-12-2020 20:21:41.016,11028480,13-09-2021 18:06:27.491,8191,
29-12-2020 20:21:41.016,11028480,13-09-2021 18:06:27.491,8191,
29-12-2020 20:21:41.016,11028480,13-09-2021 18:06:27.491,8191,
29-12-2020 20:21:41.016,11028480,13-09-2021 18:06:27.491,8191,
29-12-2020 20:21:41.016,11028480,13-09-2021 18:06:27.491,8191,
29-12-2020 20:21:41.016,11028480,13-09-2021 18:06:27.491,8191,
29-12-2020 20:21:41.016,11028480,13-09-2021 18:06:27.491,8191,
29-12-2020 20:21:41.016,11028480,13-09-2021 18:06:27.491,8191,
29-12-2020 20:21:41.016,11028480,13-09-2021 18:06:27.491,8191,
29-12-2020 20:21:41.016,11028480,13-09-2021 18:06:27.491,8191,
29-12-2020 20:21:41.272,11030528,13-09-2021 18:06:28.507,8191,
29-12-2020 20:21:41.272,11030528,13-09-2021 18:06:28.507,8191,
29-12-2020 20:21:41.272,11030528,13-09-2021 18:06:28.507,8191,
29-12-2020 20:21:41.272,11030528,13-09-2021 18:06:28.507,8191,
29-12-2020 20:21:41.272,11030528,13-09-2021 18:06:28.507,8191,
29-12-2020 20:21:41.272,11030528,13-09-2021 18:06:28.507,8191,
29-12-2020 20:21:41.272,11030528,13-09-2021 18:06:28.507,8191,
29-12-2020 20:21:41.272,11030528,13-09-2021 18:06:28.507,8191,
29-12-2020 20:21:41.272,11030528,13-09-2021 18:06:28.507,8191,
29-12-2020 20:21:41.272,11030528,13-09-2021 18:06:28.507,8191,
29-12-2020 20:21:41.272,11030528,13-09-2021 18:06:28.507,8191,
29-12-2020 20:21:41.272,11030528,13-09-2021 18:06:28.507,8191,
29-12-2020 20:21:41.272,11030528,13-09-2021 18:06:28.507,8191,
29-12-2020 20:21:41.272,11030528,13-09-2021 18:06:28.507,8191,
29-12-2020 20:21:41.272,11030528,13-09-2021 18:06:28.507,8191,
29-12-2020 20:21:41.272,11030528,13-09-2021 18:06:28.507,8191,
29-12-2020 20:21:41.272,11030528,13-09-2021 18:06:28.507,8191,
29-12-2020 20:21:41.272,11030528,13-09-2021 18:06:28.507,8191,
29-12-2020 20:21:41.272,11030528,13-09-2021 18:06:28.507,8191,
29-12-2020 20:21:41.272,11030528,13-09-2021 18:06:28.507,8191,
29-12-2020 20:21:41.272,11030528,13-09-2021 18:06:28.507,8191,
29-12-2020 20:21:41.272,11030528,13-09-2021 18:06:28.507,8191,
29-12-2020 20:21:41.272,11030528,13-09-2021 18:06:28.507,8191,
29-12-2020 20:21:41.272,11030528,13-09-2021 18:06:28.507,8191,
29-12-2020 20:21:41.272,11030528,13-09-2021 18:06:28.507,8191,
29-12-2020 20:21:41.272,11030528,13-09-2021 18:06:28.507,8191,
29-12-2020 20:21:41.272,11030528,13-09-2021 18:06:28.507,8191,
29-12-2020 20:21:41.272,11030528,13-09-2021 18:06:28.507,8191,
29-12-2020 20:21:41.272,11030528,13-09-2021 18:06:28.507,8191,
29-12-2020 20:21:41.272,11030528,13-09-2021 18:06:28.507,8191,
29-12-2020 20:21:41.272,11030528,13-09-2021 18:06:28.507,8191,
29-12-2020 20:21:41.272,11030528,13-09-2021 18:06:28.507,8191,
29-12-2020 20:21:41.272,11030528,13-09-2021 18:06:28.507,8191,
29-12-2020 20:21:41.272,11030528,13-09-2021 18:06:28.507,8191,
29-12-2020 20:21:41.272,11030528,13-09-2021 18:06:28.507,8191,
29-12-2020 20:21:41.272,11030528,13-09-2021 18:06:28.507,8191,
29-12-2020 20:21:41.272,11030528,13-09-2021 18:06:28.507,8191,
29-12-2020 20:21:41.272,11030528,13-09-2021 18:06:28.507,8191,
29-12-2020 20:21:41.272,11030528,13-09-2021 18:06:28.507,8191,
29-12-2020 20:21:41.272,11030528,13-09-2021 18:06:28.507,8191,
29-12-2020 20:21:41.272,11030528,13-09-2021 18:06:28.507,8191,
29-12-2020 20:21:41.272,11030528,13-09-2021 18:06:28.507,8191,
29-12-2020 20:21:41.272,11030528,13-09-2021 18:06:28.507,8191,
29-12-2020 20:21:41.272,11030528,13-09-2021 18:06:28.507,8191,
29-12-2020 20:21:41.272,11030528,13-09-2021 18:06:28.507,8191,
29-12-2020 20:21:41.272,11030528,13-09-2021 18:06:28.507,8191,
29-12-2020 20:21:41.272,11030528,13-09-2021 18:06:28.507,8191,
29-12-2020 20:21:41.272,11030528,13-09-2021 18:06:28.507,8191,
29-12-2020 20:21:41.272,11030528,13-09-2021 18:06:28.507,8191,
29-12-2020 20:21:41.272,11030528,13-09-2021 18:06:28.507,8191,
29-12-2020 20:21:41.272,11030528,13-09-2021 18:06:28.507,8191,
29-12-2020 20:21:41.272,11030528,13-09-2021 18:06:28.507,8191,
29-12-2020 20:21:41.272,11030528,13-09-2021 18:06:28.507,8191,
29-12-2020 20:21:41.272,11030528,13-09-2021 18:06:28.507,8191,
29-12-2020 20:21:41.272,11030528,13-09-2021 18:06:28.507,8191,
29-12-2020 20:21:41.272,11030528,13-09-2021 18:06:28.507,8191,
29-12-2020 20:21:41.272,11030528,13-09-2021 18:06:28.507,8191,
29-12-2020 20:21:41.272,11030528,13-09-2021 18:06:28.507,8191,
29-12-2020 20:21:41.272,11030528,13-09-2021 18:06:28.507,8191,
29-12-2020 20:21:41.272,11030528,13-09-2021 18:06:28.507,8191,
29-12-2020 20:21:41.272,11030528,13-09-2021 18:06:28.507,8191,
29-12-2020 20:21:41.272,11030528,13-09-2021 18:06:28.507,8191,
29-12-2020 20:21:41.272,11030528,13-09-2021 18:06:28.507,8191,
29-12-2020 20:21:41.272,11030528,13-09-2021 18:06:28.507,8191,
29-12-2020 20:21:41.272,11030528,13-09-2021 18:06:28.507,8191,
29-12-2020 20:21:41.272,11030528,13-09-2021 18:06:28.507,8191,
29-12-2020 20:21:41.272,11030528,13-09-2021 18:06:28.507,8191,
29-12-2020 20:21:41.272,11030528,13-09-2021 18:06:28.507,8191,
29-12-2020 20:21:41.272,11030528,13-09-2021 18:06:28.507,8191,
29-12-2020 20:21:41.272,11030528,13-09-2021 18:06:28.507,8191,
29-12-2020 20:21:41.272,11030528,13-09-2021 18:06:28.507,8191,
29-12-2020 20:21:41.272,11030528,13-09-2021 18:06:28.507,8191,
29-12-2020 20:21:41.272,11030528,13-09-2021 18:06:28.507,8191,
29-12-2020 20:21:41.272,11030528,13-09-2021 18:06:28.507,8191,
29-12-2020 20:21:41.272,11030528,13-09-2021 18:06:28.507,8191,
29-12-2020 20:21:41.272,11030528,13-09-2021 18:06:28.507,8191,
29-12-2020 20:21:41.272,11030528,13-09-2021 18:06:28.507,8191,
29-12-2020 20:21:41.272,11030528,13-09-2021 18:06:28.507,8191,
29-12-2020 20:21:41.272,11030528,13-09-2021 18:06:28.507,8191,
29-12-2020 20:21:41.272,11030528,13-09-2021 18:06:28.507,8191,
29-12-2020 20:21:41.272,11030528,13-09-2021 18:06:28.507,8191,
29-12-2020 20:21:41.272,11030528,13-09-2021 18:06:28.507,8191,
29-12-2020 20:21:41.272,11030528,13-09-2021 18:06:28.507,8191,
29-12-2020 20:21:41.272,11030528,13-09-2021 18:06:28.507,8191,
29-12-2020 20:21:41.272,11030528,13-09-2021 18:06:28.507,8191,
29-12-2020 20:21:41.272,11030528,13-09-2021 18:06:28.507,8191,
29-12-2020 20:21:41.272,11030528,13-09-2021 18:06:28.507,8191,
29-12-2020 20:21:41.272,11030528,13-09-2021 18:06:28.507,8191,
29-12-2020 20:21:41.272,11030528,13-09-2021 18:06:28.507,8191,
29-12-2020 20:21:41.272,11030528,13-09-2021 18:06:28.507,8191,
29-12-2020 20:21:41.272,11030528,13-09-2021 18:06:28.507,8191,
29-12-2020 20:21:41.272,11030528,13-09-2021 18:06:28.507,8191,
29-12-2020 20:21:41.272,11030528,13-09-2021 18:06:28.507,8191,
29-12-2020 20:21:41.272,11030528,13-09-2021 18:06:28.507,8191,
29-12-2020 20:21:41.272,11030528,13-09-2021 18:06:28.507,8191,
29-12-2020 20:21:41.272,11030528,13-09-2021 18:06:28.507,8191,
29-12-2020 20:21:41.272,11030528,13-09-2021 18:06:28.507,8191,
29-12-2020 20:21:41.272,11030528,13-09-2021 18:06:28.507,8191,
29-12-2020 20:21:41.272,11030528,13-09-2021 18:06:28.507,8191,
29-12-2020 20:21:41.272,11030528,13-09-2021 18:06:28.507,8191,
29-12-2020 20:21:41.272,11030528,13-09-2021 18:06:28.507,8191,
29-12-2020 20:21:41.272,11030528,13-09-2021 18:06:28.507,8191,
29-12-2020 20:21:41.272,11030528,13-09-2021 18:06:28.507,8191,
29-12-2020 20:21:41.272,11030528,13-09-2021 18:06:28.507,8191,
29-12-2020 20:21:41.272,11030528,13-09-2021 18:06:28.507,8191,
29-12-2020 20:21:41.272,11030528,13-09-2021 18:06:28.507,8191,
29-12-2020 20:21:41.272,11030528,13-09-2021 18:06:28.507,8191,
29-12-2020 20:21:41.272,11030528,13-09-2021 18:06:28.507,8191,
29-12-2020 20:21:41.272,11030528,13-09-2021 18:06:28.507,8191,
29-12-2020 20:21:41.272,11030528,13-09-2021 18:06:28.507,8191,
29-12-2020 20:21:41.272,11030528,13-09-2021 18:06:28.507,8191,
29-12-2020 20:21:41.272,11030528,13-09-2021 18:06:28.507,8191,
29-12-2020 20:21:41.272,11030528,13-09-2021 18:06:28.507,8191,
29-12-2020 20:21:41.272,11030528,13-09-2021 18:06:28.507,8191,
29-12-2020 20:21:41.272,11030528,13-09-2021 18:06:28.507,8191,
29-12-2020 20:21:41.272,11030528,13-09-2021 18:06:28.507,8191,
29-12-2020 20:21:41.272,11030528,13-09-2021 18:06:28.507,8191,
29-12-2020 20:21:41.272,11030528,13-09-2021 18:06:28.507,8191,
29-12-2020 20:21:41.272,11030528,13-09-2021 18:06:28.507,8191,
29-12-2020 20:21:41.272,11030528,13-09-2021 18:06:28.507,8191,
29-12-2020 20:21:41.272,11030528,13-09-2021 18:06:28.507,8191,
29-12-2020 20:21:41.272,11030528,13-09-2021 18:06:28.507,8191,
29-12-2020 20:21:41.272,11030528,13-09-2021 18:06:28.507,8191,
29-12-2020 20:21:41.272,11030528,13-09-2021 18:06:28.507,8191,
29-12-2020 20:21:41.272,11030528,13-09-2021 18:06:28.507,8191,
29-12-2020 20:21:41.272,11030528,13-09-2021 18:06:28.507,8191,
29-12-2020 20:21:41.272,11030528,13-09-2021 18:06:28.507,8191,
29-12-2020 20:21:41.272,11030528,13-09-2021 18:06:28.507,8191,
29-12-2020 20:21:41.528,11032576,13-09-2021 18:06:28.507,8191,
29-12-2020 20:21:41.528,11032576,13-09-2021 18:06:28.507,8191,
29-12-2020 20:21:41.528,11032576,13-09-2021 18:06:28.507,8191,
29-12-2020 20:21:41.528,11032576,13-09-2021 18:06:28.507,8191,
29-12-2020 20:21:41.528,11032576,13-09-2021 18:06:28.507,8191,
29-12-2020 20:21:41.528,11032576,13-09-2021 18:06:28.507,8191,
29-12-2020 20:21:41.528,11032576,13-09-2021 18:06:28.507,8191,
29-12-2020 20:21:41.528,11032576,13-09-2021 18:06:28.507,8191,
29-12-2020 20:21:41.528,11032576,13-09-2021 18:06:28.507,8191,
29-12-2020 20:21:41.528,11032576,13-09-2021 18:06:28.507,8191,
29-12-2020 20:21:41.528,11032576,13-09-2021 18:06:28.507,8191,
29-12-2020 20:21:41.528,11032576,13-09-2021 18:06:28.507,8191,
29-12-2020 20:21:41.528,11032576,13-09-2021 18:06:28.507,8191,
29-12-2020 20:21:41.528,11032576,13-09-2021 18:06:28.507,8191,
29-12-2020 20:21:41.528,11032576,13-09-2021 18:06:28.507,8191,
29-12-2020 20:21:41.528,11032576,13-09-2021 18:06:28.507,8191,
29-12-2020 20:21:41.528,11032576,13-09-2021 18:06:28.507,8191,
29-12-2020 20:21:41.528,11032576,13-09-2021 18:06:28.507,8191,
29-12-2020 20:21:41.528,11032576,13-09-2021 18:06:28.507,8191,
29-12-2020 20:21:41.528,11032576,13-09-2021 18:06:28.507,8191,
29-12-2020 20:21:41.528,11032576,13-09-2021 18:06:28.507,8191,
29-12-2020 20:21:41.528,11032576,13-09-2021 18:06:28.507,8191,
29-12-2020 20:21:41.528,11032576,13-09-2021 18:06:28.507,8191,
29-12-2020 20:21:41.528,11032576,13-09-2021 18:06:28.507,8191,
29-12-2020 20:21:41.528,11032576,13-09-2021 18:06:28.507,8191,
29-12-2020 20:21:41.528,11032576,13-09-2021 18:06:28.507,8191,
29-12-2020 20:21:41.528,11032576,13-09-2021 18:06:28.507,8191,
29-12-2020 20:21:41.528,11032576,13-09-2021 18:06:28.507,8191,
29-12-2020 20:21:41.528,11032576,13-09-2021 18:06:28.507,8191,
29-12-2020 20:21:41.528,11032576,13-09-2021 18:06:28.507,8191,
29-12-2020 20:21:41.528,11032576,13-09-2021 18:06:28.507,8191,
29-12-2020 20:21:41.528,11032576,13-09-2021 18:06:28.507,8191,
29-12-2020 20:21:41.528,11032576,13-09-2021 18:06:28.507,8191,
29-12-2020 20:21:41.528,11032576,13-09-2021 18:06:28.507,8191,
29-12-2020 20:21:41.528,11032576,13-09-2021 18:06:28.507,8191,
29-12-2020 20:21:41.528,11032576,13-09-2021 18:06:28.507,8191,
29-12-2020 20:21:41.528,11032576,13-09-2021 18:06:28.507,8191,
29-12-2020 20:21:41.528,11032576,13-09-2021 18:06:28.507,8191,
29-12-2020 20:21:41.528,11032576,13-09-2021 18:06:28.507,8191,
29-12-2020 20:21:41.528,11032576,13-09-2021 18:06:28.507,8191,
29-12-2020 20:21:41.528,11032576,13-09-2021 18:06:28.507,8191,
29-12-2020 20:21:41.528,11032576,13-09-2021 18:06:28.507,8191,
29-12-2020 20:21:41.528,11032576,13-09-2021 18:06:28.507,8191,
29-12-2020 20:21:41.528,11032576,13-09-2021 18:06:28.507,8191,
29-12-2020 20:21:41.528,11032576,13-09-2021 18:06:28.507,8191,
29-12-2020 20:21:41.528,11032576,13-09-2021 18:06:28.507,8191,
29-12-2020 20:21:41.528,11032576,13-09-2021 18:06:28.507,8191,
29-12-2020 20:21:41.528,11032576,13-09-2021 18:06:28.507,8191,
29-12-2020 20:21:41.528,11032576,13-09-2021 18:06:28.507,8191,
29-12-2020 20:21:41.528,11032576,13-09-2021 18:06:28.507,8191,
29-12-2020 20:21:41.528,11032576,13-09-2021 18:06:28.507,8191,
29-12-2020 20:21:41.528,11032576,13-09-2021 18:06:28.507,8191,
29-12-2020 20:21:41.528,11032576,13-09-2021 18:06:28.507,8191,
29-12-2020 20:21:41.528,11032576,13-09-2021 18:06:28.507,8191,
29-12-2020 20:21:41.528,11032576,13-09-2021 18:06:28.507,8191,
29-12-2020 20:21:41.528,11032576,13-09-2021 18:06:28.507,8191,
29-12-2020 20:21:41.528,11032576,13-09-2021 18:06:28.507,8191,
29-12-2020 20:21:41.528,11032576,13-09-2021 18:06:28.507,8191,
29-12-2020 20:21:41.528,11032576,13-09-2021 18:06:28.507,8191,
29-12-2020 20:21:41.528,11032576,13-09-2021 18:06:28.507,8191,
29-12-2020 20:21:41.528,11032576,13-09-2021 18:06:28.507,8191,
29-12-2020 20:21:41.528,11032576,13-09-2021 18:06:28.507,8191,
29-12-2020 20:21:41.528,11032576,13-09-2021 18:06:28.507,8191,
29-12-2020 20:21:41.528,11032576,13-09-2021 18:06:28.507,8191,
29-12-2020 20:21:41.528,11032576,13-09-2021 18:06:28.507,8191,
29-12-2020 20:21:41.528,11032576,13-09-2021 18:06:28.507,8191,
29-12-2020 20:21:41.528,11032576,13-09-2021 18:06:28.507,8191,
29-12-2020 20:21:41.528,11032576,13-09-2021 18:06:28.507,8191,
29-12-2020 20:21:41.528,11032576,13-09-2021 18:06:28.507,8191,
29-12-2020 20:21:41.528,11032576,13-09-2021 18:06:28.507,8191,
29-12-2020 20:21:41.528,11032576,13-09-2021 18:06:28.507,8191,
29-12-2020 20:21:41.528,11032576,13-09-2021 18:06:28.507,8191,
29-12-2020 20:21:41.528,11032576,13-09-2021 18:06:28.507,8191,
29-12-2020 20:21:41.528,11032576,13-09-2021 18:06:28.507,8191,
29-12-2020 20:21:41.528,11032576,13-09-2021 18:06:28.507,8191,
29-12-2020 20:21:41.528,11032576,13-09-2021 18:06:28.507,8191,
29-12-2020 20:21:41.528,11032576,13-09-2021 18:06:28.507,8191,
29-12-2020 20:21:41.528,11032576,13-09-2021 18:06:28.507,8191,
29-12-2020 20:21:41.528,11032576,13-09-2021 18:06:28.507,8191,
29-12-2020 20:21:41.528,11032576,13-09-2021 18:06:28.507,8191,
29-12-2020 20:21:41.528,11032576,13-09-2021 18:06:28.507,8191,
29-12-2020 20:21:41.528,11032576,13-09-2021 18:06:28.507,8191,
29-12-2020 20:21:41.528,11032576,13-09-2021 18:06:28.507,8191,
29-12-2020 20:21:41.528,11032576,13-09-2021 18:06:28.507,8191,
29-12-2020 20:21:41.528,11032576,13-09-2021 18:06:28.507,8191,
29-12-2020 20:21:41.528,11032576,13-09-2021 18:06:28.507,8191,
29-12-2020 20:21:41.528,11032576,13-09-2021 18:06:28.507,8191,
29-12-2020 20:21:41.528,11032576,13-09-2021 18:06:28.507,8191,
29-12-2020 20:21:41.528,11032576,13-09-2021 18:06:28.507,8191,
29-12-2020 20:21:41.528,11032576,13-09-2021 18:06:28.507,8191,
29-12-2020 20:21:41.528,11032576,13-09-2021 18:06:28.507,8191,
29-12-2020 20:21:41.528,11032576,13-09-2021 18:06:28.507,8191,
29-12-2020 20:21:41.528,11032576,13-09-2021 18:06:28.507,8191,
29-12-2020 20:21:41.528,11032576,13-09-2021 18:06:28.507,8191,
29-12-2020 20:21:41.528,11032576,13-09-2021 18:06:28.507,8191,
29-12-2020 20:21:41.528,11032576,13-09-2021 18:06:28.507,8191,
29-12-2020 20:21:41.528,11032576,13-09-2021 18:06:28.507,8191,
29-12-2020 20:21:41.528,11032576,13-09-2021 18:06:28.507,8191,
29-12-2020 20:21:41.528,11032576,13-09-2021 18:06:28.507,8191,
29-12-2020 20:21:41.528,11032576,13-09-2021 18:06:28.507,8191,
29-12-2020 20:21:41.528,11032576,13-09-2021 18:06:28.507,8191,
29-12-2020 20:21:41.528,11032576,13-09-2021 18:06:28.507,8191,
29-12-2020 20:21:41.528,11032576,13-09-2021 18:06:28.507,8191,
29-12-2020 20:21:41.528,11032576,13-09-2021 18:06:28.507,8191,
29-12-2020 20:21:41.528,11032576,13-09-2021 18:06:28.507,8191,
29-12-2020 20:21:41.528,11032576,13-09-2021 18:06:28.507,8191,
29-12-2020 20:21:41.528,11032576,13-09-2021 18:06:28.507,8191,
29-12-2020 20:21:41.528,11032576,13-09-2021 18:06:28.507,8191,
29-12-2020 20:21:41.528,11032576,13-09-2021 18:06:28.507,8191,
29-12-2020 20:21:41.528,11032576,13-09-2021 18:06:28.507,8191,
29-12-2020 20:21:41.528,11032576,13-09-2021 18:06:28.507,8191,
29-12-2020 20:21:41.528,11032576,13-09-2021 18:06:28.507,8191,
29-12-2020 20:21:41.528,11032576,13-09-2021 18:06:28.507,8191,
29-12-2020 20:21:41.528,11032576,13-09-2021 18:06:28.507,8191,
29-12-2020 20:21:41.528,11032576,13-09-2021 18:06:28.507,8191,
29-12-2020 20:21:41.528,11032576,13-09-2021 18:06:28.507,8191,
29-12-2020 20:21:41.528,11032576,13-09-2021 18:06:28.507,8191,
29-12-2020 20:21:41.528,11032576,13-09-2021 18:06:28.507,8191,
29-12-2020 20:21:41.528,11032576,13-09-2021 18:06:28.507,8191,
29-12-2020 20:21:41.528,11032576,13-09-2021 18:06:28.507,8191,
29-12-2020 20:21:41.528,11032576,13-09-2021 18:06:28.507,8191,
29-12-2020 20:21:41.528,11032576,13-09-2021 18:06:28.507,8191,
29-12-2020 20:21:41.528,11032576,13-09-2021 18:06:28.507,8191,
29-12-2020 20:21:41.528,11032576,13-09-2021 18:06:28.507,8191,
29-12-2020 20:21:41.528,11032576,13-09-2021 18:06:28.507,8191,
29-12-2020 20:21:41.528,11032576,13-09-2021 18:06:28.507,8191,
29-12-2020 20:21:41.528,11032576,13-09-2021 18:06:28.507,8191,
29-12-2020 20:21:41.528,11032576,13-09-2021 18:06:28.507,8191,
29-12-2020 20:21:41.784,11034624,13-09-2021 18:06:28.522,8191,
29-12-2020 20:21:41.784,11034624,13-09-2021 18:06:28.522,8191,
29-12-2020 20:21:41.784,11034624,13-09-2021 18:06:28.522,8191,
29-12-2020 20:21:41.784,11034624,13-09-2021 18:06:28.522,8191,
29-12-2020 20:21:41.784,11034624,13-09-2021 18:06:28.522,8191,
29-12-2020 20:21:41.784,11034624,13-09-2021 18:06:28.522,8191,
29-12-2020 20:21:41.784,11034624,13-09-2021 18:06:28.522,8191,
29-12-2020 20:21:41.784,11034624,13-09-2021 18:06:28.522,8191,
29-12-2020 20:21:41.784,11034624,13-09-2021 18:06:28.522,8191,
29-12-2020 20:21:41.784,11034624,13-09-2021 18:06:28.522,8191,
29-12-2020 20:21:41.784,11034624,13-09-2021 18:06:28.522,8191,
29-12-2020 20:21:41.784,11034624,13-09-2021 18:06:28.522,8191,
29-12-2020 20:21:41.784,11034624,13-09-2021 18:06:28.522,8191,
29-12-2020 20:21:41.784,11034624,13-09-2021 18:06:28.522,8191,
29-12-2020 20:21:41.784,11034624,13-09-2021 18:06:28.522,8191,
29-12-2020 20:21:41.784,11034624,13-09-2021 18:06:28.522,8191,
29-12-2020 20:21:41.784,11034624,13-09-2021 18:06:28.522,8191,
29-12-2020 20:21:41.784,11034624,13-09-2021 18:06:28.522,8191,
29-12-2020 20:21:41.784,11034624,13-09-2021 18:06:28.522,8191,
29-12-2020 20:21:41.784,11034624,13-09-2021 18:06:28.522,8191,
29-12-2020 20:21:41.784,11034624,13-09-2021 18:06:28.522,8191,
29-12-2020 20:21:41.784,11034624,13-09-2021 18:06:28.522,8191,
29-12-2020 20:21:41.784,11034624,13-09-2021 18:06:28.522,8191,
29-12-2020 20:21:41.784,11034624,13-09-2021 18:06:28.522,8191,
29-12-2020 20:21:41.784,11034624,13-09-2021 18:06:28.522,8191,
29-12-2020 20:21:41.784,11034624,13-09-2021 18:06:28.522,8191,
29-12-2020 20:21:41.784,11034624,13-09-2021 18:06:28.522,8191,
29-12-2020 20:21:41.784,11034624,13-09-2021 18:06:28.522,8191,
29-12-2020 20:21:41.784,11034624,13-09-2021 18:06:28.522,8191,
29-12-2020 20:21:41.784,11034624,13-09-2021 18:06:28.522,8191,
29-12-2020 20:21:41.784,11034624,13-09-2021 18:06:28.522,8191,
29-12-2020 20:21:41.784,11034624,13-09-2021 18:06:28.522,8191,
29-12-2020 20:21:41.784,11034624,13-09-2021 18:06:28.522,8191,
29-12-2020 20:21:41.784,11034624,13-09-2021 18:06:28.522,8191,
29-12-2020 20:21:41.784,11034624,13-09-2021 18:06:28.522,8191,
29-12-2020 20:21:41.784,11034624,13-09-2021 18:06:28.522,8191,
29-12-2020 20:21:41.784,11034624,13-09-2021 18:06:28.522,8191,
29-12-2020 20:21:41.784,11034624,13-09-2021 18:06:28.522,8191,
29-12-2020 20:21:41.784,11034624,13-09-2021 18:06:28.522,8191,
29-12-2020 20:21:41.784,11034624,13-09-2021 18:06:28.522,8191,
29-12-2020 20:21:41.784,11034624,13-09-2021 18:06:28.522,8191,
29-12-2020 20:21:41.784,11034624,13-09-2021 18:06:28.522,8191,
29-12-2020 20:21:41.784,11034624,13-09-2021 18:06:28.522,8191,
29-12-2020 20:21:41.784,11034624,13-09-2021 18:06:28.522,8191,
29-12-2020 20:21:41.784,11034624,13-09-2021 18:06:28.522,8191,
29-12-2020 20:21:41.784,11034624,13-09-2021 18:06:28.522,8191,
29-12-2020 20:21:41.784,11034624,13-09-2021 18:06:28.522,8191,
29-12-2020 20:21:41.784,11034624,13-09-2021 18:06:28.522,8191,
29-12-2020 20:21:41.784,11034624,13-09-2021 18:06:28.522,8191,
29-12-2020 20:21:41.784,11034624,13-09-2021 18:06:28.522,8191,
29-12-2020 20:21:41.784,11034624,13-09-2021 18:06:28.522,8191,
29-12-2020 20:21:41.784,11034624,13-09-2021 18:06:28.522,8191,
29-12-2020 20:21:41.784,11034624,13-09-2021 18:06:28.522,8191,
29-12-2020 20:21:41.784,11034624,13-09-2021 18:06:28.522,8191,
29-12-2020 20:21:41.784,11034624,13-09-2021 18:06:28.522,8191,
29-12-2020 20:21:41.784,11034624,13-09-2021 18:06:28.522,8191,
29-12-2020 20:21:41.784,11034624,13-09-2021 18:06:28.522,8191,
29-12-2020 20:21:41.784,11034624,13-09-2021 18:06:28.522,8191,
29-12-2020 20:21:41.784,11034624,13-09-2021 18:06:28.522,8191,
29-12-2020 20:21:41.784,11034624,13-09-2021 18:06:28.522,8191,
29-12-2020 20:21:41.784,11034624,13-09-2021 18:06:28.522,8191,
29-12-2020 20:21:41.784,11034624,13-09-2021 18:06:28.522,8191,
29-12-2020 20:21:41.784,11034624,13-09-2021 18:06:28.522,8191,
29-12-2020 20:21:41.784,11034624,13-09-2021 18:06:28.522,8191,
29-12-2020 20:21:41.784,11034624,13-09-2021 18:06:28.522,8191,
29-12-2020 20:21:41.784,11034624,13-09-2021 18:06:28.522,8191,
29-12-2020 20:21:41.784,11034624,13-09-2021 18:06:28.522,8191,
29-12-2020 20:21:41.784,11034624,13-09-2021 18:06:28.522,8191,
29-12-2020 20:21:41.784,11034624,13-09-2021 18:06:28.522,8191,
29-12-2020 20:21:41.784,11034624,13-09-2021 18:06:28.522,8191,
29-12-2020 20:21:41.784,11034624,13-09-2021 18:06:28.522,8191,
29-12-2020 20:21:41.784,11034624,13-09-2021 18:06:28.522,8191,
29-12-2020 20:21:41.784,11034624,13-09-2021 18:06:28.522,8191,
29-12-2020 20:21:41.784,11034624,13-09-2021 18:06:28.522,8191,
29-12-2020 20:21:41.784,11034624,13-09-2021 18:06:28.522,8191,
29-12-2020 20:21:41.784,11034624,13-09-2021 18:06:28.522,8191,
29-12-2020 20:21:41.784,11034624,13-09-2021 18:06:28.522,8191,
29-12-2020 20:21:41.784,11034624,13-09-2021 18:06:28.522,8191,
29-12-2020 20:21:41.784,11034624,13-09-2021 18:06:28.522,8191,
29-12-2020 20:21:41.784,11034624,13-09-2021 18:06:28.522,8191,
29-12-2020 20:21:41.784,11034624,13-09-2021 18:06:28.522,8191,
29-12-2020 20:21:41.784,11034624,13-09-2021 18:06:28.522,8191,
29-12-2020 20:21:41.784,11034624,13-09-2021 18:06:28.522,8191,
29-12-2020 20:21:41.784,11034624,13-09-2021 18:06:28.522,8191,
29-12-2020 20:21:41.784,11034624,13-09-2021 18:06:28.522,8191,
29-12-2020 20:21:41.784,11034624,13-09-2021 18:06:28.522,8191,
29-12-2020 20:21:41.784,11034624,13-09-2021 18:06:28.522,8191,
29-12-2020 20:21:41.784,11034624,13-09-2021 18:06:28.522,8191,
29-12-2020 20:21:41.784,11034624,13-09-2021 18:06:28.522,8191,
29-12-2020 20:21:41.784,11034624,13-09-2021 18:06:28.522,8191,
29-12-2020 20:21:41.784,11034624,13-09-2021 18:06:28.522,8191,
29-12-2020 20:21:41.784,11034624,13-09-2021 18:06:28.522,8191,
29-12-2020 20:21:41.784,11034624,13-09-2021 18:06:28.522,8191,
29-12-2020 20:21:41.784,11034624,13-09-2021 18:06:28.522,8191,
29-12-2020 20:21:41.784,11034624,13-09-2021 18:06:28.522,8191,
29-12-2020 20:21:41.784,11034624,13-09-2021 18:06:28.522,8191,
29-12-2020 20:21:41.784,11034624,13-09-2021 18:06:28.522,8191,
29-12-2020 20:21:41.784,11034624,13-09-2021 18:06:28.522,8191,
29-12-2020 20:21:41.784,11034624,13-09-2021 18:06:28.522,8191,
29-12-2020 20:21:41.784,11034624,13-09-2021 18:06:28.522,8191,
29-12-2020 20:21:41.784,11034624,13-09-2021 18:06:28.522,8191,
29-12-2020 20:21:41.784,11034624,13-09-2021 18:06:28.522,8191,
29-12-2020 20:21:41.784,11034624,13-09-2021 18:06:28.522,8191,
29-12-2020 20:21:41.784,11034624,13-09-2021 18:06:28.522,8191,
29-12-2020 20:21:41.784,11034624,13-09-2021 18:06:28.522,8191,
29-12-2020 20:21:41.784,11034624,13-09-2021 18:06:28.522,8191,
29-12-2020 20:21:41.784,11034624,13-09-2021 18:06:28.522,8191,
29-12-2020 20:21:41.784,11034624,13-09-2021 18:06:28.522,8191,
29-12-2020 20:21:41.784,11034624,13-09-2021 18:06:28.522,8191,
29-12-2020 20:21:41.784,11034624,13-09-2021 18:06:28.522,8191,
29-12-2020 20:21:41.784,11034624,13-09-2021 18:06:28.522,8191,
29-12-2020 20:21:41.784,11034624,13-09-2021 18:06:28.522,8191,
29-12-2020 20:21:41.784,11034624,13-09-2021 18:06:28.522,8191,
29-12-2020 20:21:41.784,11034624,13-09-2021 18:06:28.522,8191,
29-12-2020 20:21:41.784,11034624,13-09-2021 18:06:28.522,8191,
29-12-2020 20:21:41.784,11034624,13-09-2021 18:06:28.522,8191,
29-12-2020 20:21:41.784,11034624,13-09-2021 18:06:28.522,8191,
29-12-2020 20:21:41.784,11034624,13-09-2021 18:06:28.522,8191,
29-12-2020 20:21:41.784,11034624,13-09-2021 18:06:28.522,8191,
29-12-2020 20:21:41.784,11034624,13-09-2021 18:06:28.522,8191,
29-12-2020 20:21:41.784,11034624,13-09-2021 18:06:28.522,8191,
29-12-2020 20:21:41.784,11034624,13-09-2021 18:06:28.522,8191,
29-12-2020 20:21:41.784,11034624,13-09-2021 18:06:28.522,8191,
29-12-2020 20:21:41.784,11034624,13-09-2021 18:06:28.522,8191,
29-12-2020 20:21:41.784,11034624,13-09-2021 18:06:28.522,8191,
29-12-2020 20:21:41.784,11034624,13-09-2021 18:06:28.522,8191,
29-12-2020 20:21:41.784,11034624,13-09-2021 18:06:28.522,8191,
29-12-2020 20:21:41.784,11034624,13-09-2021 18:06:28.522,8191,
29-12-2020 20:21:42.040,11036672,13-09-2021 18:06:28.522,8191,
29-12-2020 20:21:42.040,11036672,13-09-2021 18:06:28.522,8191,
29-12-2020 20:21:42.040,11036672,13-09-2021 18:06:28.522,8191,
29-12-2020 20:21:42.040,11036672,13-09-2021 18:06:28.522,8191,
29-12-2020 20:21:42.040,11036672,13-09-2021 18:06:28.522,8191,
29-12-2020 20:21:42.040,11036672,13-09-2021 18:06:28.522,8191,
29-12-2020 20:21:42.040,11036672,13-09-2021 18:06:28.522,8191,
29-12-2020 20:21:42.040,11036672,13-09-2021 18:06:28.522,8191,
29-12-2020 20:21:42.040,11036672,13-09-2021 18:06:28.522,8191,
29-12-2020 20:21:42.040,11036672,13-09-2021 18:06:28.522,8191,
29-12-2020 20:21:42.040,11036672,13-09-2021 18:06:28.522,8191,
29-12-2020 20:21:42.040,11036672,13-09-2021 18:06:28.522,8191,
29-12-2020 20:21:42.040,11036672,13-09-2021 18:06:28.522,8191,
29-12-2020 20:21:42.040,11036672,13-09-2021 18:06:28.522,8191,
29-12-2020 20:21:42.040,11036672,13-09-2021 18:06:28.522,8191,
29-12-2020 20:21:42.040,11036672,13-09-2021 18:06:28.522,8191,
29-12-2020 20:21:42.040,11036672,13-09-2021 18:06:28.522,8191,
29-12-2020 20:21:42.040,11036672,13-09-2021 18:06:28.522,8191,
29-12-2020 20:21:42.040,11036672,13-09-2021 18:06:28.522,8191,
29-12-2020 20:21:42.040,11036672,13-09-2021 18:06:28.522,8191,
29-12-2020 20:21:42.040,11036672,13-09-2021 18:06:28.522,8191,
29-12-2020 20:21:42.040,11036672,13-09-2021 18:06:28.522,8191,
29-12-2020 20:21:42.040,11036672,13-09-2021 18:06:28.522,8191,
29-12-2020 20:21:42.040,11036672,13-09-2021 18:06:28.522,8191,
29-12-2020 20:21:42.040,11036672,13-09-2021 18:06:28.522,8191,
29-12-2020 20:21:42.040,11036672,13-09-2021 18:06:28.522,8191,
29-12-2020 20:21:42.040,11036672,13-09-2021 18:06:28.522,8191,
29-12-2020 20:21:42.040,11036672,13-09-2021 18:06:28.522,8191,
29-12-2020 20:21:42.040,11036672,13-09-2021 18:06:28.522,8191,
29-12-2020 20:21:42.040,11036672,13-09-2021 18:06:28.522,8191,
29-12-2020 20:21:42.040,11036672,13-09-2021 18:06:28.522,8191,
29-12-2020 20:21:42.040,11036672,13-09-2021 18:06:28.522,8191,
29-12-2020 20:21:42.040,11036672,13-09-2021 18:06:28.522,8191,
29-12-2020 20:21:42.040,11036672,13-09-2021 18:06:28.522,8191,
29-12-2020 20:21:42.040,11036672,13-09-2021 18:06:28.522,8191,
29-12-2020 20:21:42.040,11036672,13-09-2021 18:06:28.522,8191,
29-12-2020 20:21:42.040,11036672,13-09-2021 18:06:28.522,8191,
29-12-2020 20:21:42.040,11036672,13-09-2021 18:06:28.522,8191,
29-12-2020 20:21:42.040,11036672,13-09-2021 18:06:28.522,8191,
29-12-2020 20:21:42.040,11036672,13-09-2021 18:06:28.522,8191,
29-12-2020 20:21:42.040,11036672,13-09-2021 18:06:28.522,8191,
29-12-2020 20:21:42.040,11036672,13-09-2021 18:06:28.522,8191,
29-12-2020 20:21:42.040,11036672,13-09-2021 18:06:28.522,8191,
29-12-2020 20:21:42.040,11036672,13-09-2021 18:06:28.522,8191,
29-12-2020 20:21:42.040,11036672,13-09-2021 18:06:28.522,8191,
29-12-2020 20:21:42.040,11036672,13-09-2021 18:06:28.522,8191,
29-12-2020 20:21:42.040,11036672,13-09-2021 18:06:28.522,8191,
29-12-2020 20:21:42.040,11036672,13-09-2021 18:06:28.522,8191,
29-12-2020 20:21:42.040,11036672,13-09-2021 18:06:28.522,8191,
29-12-2020 20:21:42.040,11036672,13-09-2021 18:06:28.522,8191,
29-12-2020 20:21:42.040,11036672,13-09-2021 18:06:28.522,8191,
29-12-2020 20:21:42.040,11036672,13-09-2021 18:06:28.522,8191,
29-12-2020 20:21:42.040,11036672,13-09-2021 18:06:28.522,8191,
29-12-2020 20:21:42.040,11036672,13-09-2021 18:06:28.522,8191,
29-12-2020 20:21:42.040,11036672,13-09-2021 18:06:28.522,8191,
29-12-2020 20:21:42.040,11036672,13-09-2021 18:06:28.522,8191,
29-12-2020 20:21:42.040,11036672,13-09-2021 18:06:28.522,8191,
29-12-2020 20:21:42.040,11036672,13-09-2021 18:06:28.522,8191,
29-12-2020 20:21:42.040,11036672,13-09-2021 18:06:28.522,8191,
29-12-2020 20:21:42.040,11036672,13-09-2021 18:06:28.522,8191,
29-12-2020 20:21:42.040,11036672,13-09-2021 18:06:28.522,8191,
29-12-2020 20:21:42.040,11036672,13-09-2021 18:06:28.522,8191,
29-12-2020 20:21:42.040,11036672,13-09-2021 18:06:28.522,8191,
29-12-2020 20:21:42.040,11036672,13-09-2021 18:06:28.522,8191,
29-12-2020 20:21:42.040,11036672,13-09-2021 18:06:28.522,8191,
29-12-2020 20:21:42.040,11036672,13-09-2021 18:06:28.522,8191,
29-12-2020 20:21:42.040,11036672,13-09-2021 18:06:28.522,8191,
29-12-2020 20:21:42.040,11036672,13-09-2021 18:06:28.522,8191,
29-12-2020 20:21:42.040,11036672,13-09-2021 18:06:28.522,8191,
29-12-2020 20:21:42.040,11036672,13-09-2021 18:06:28.522,8191,
29-12-2020 20:21:42.040,11036672,13-09-2021 18:06:28.522,8191,
29-12-2020 20:21:42.040,11036672,13-09-2021 18:06:28.522,8191,
29-12-2020 20:21:42.040,11036672,13-09-2021 18:06:28.522,8191,
29-12-2020 20:21:42.040,11036672,13-09-2021 18:06:28.522,8191,
29-12-2020 20:21:42.040,11036672,13-09-2021 18:06:28.522,8191,
29-12-2020 20:21:42.040,11036672,13-09-2021 18:06:28.522,8191,
29-12-2020 20:21:42.040,11036672,13-09-2021 18:06:28.522,8191,
29-12-2020 20:21:42.040,11036672,13-09-2021 18:06:28.522,8191,
29-12-2020 20:21:42.040,11036672,13-09-2021 18:06:28.522,8191,
29-12-2020 20:21:42.040,11036672,13-09-2021 18:06:28.522,8191,
29-12-2020 20:21:42.040,11036672,13-09-2021 18:06:28.522,8191,
29-12-2020 20:21:42.040,11036672,13-09-2021 18:06:28.522,8191,
29-12-2020 20:21:42.040,11036672,13-09-2021 18:06:28.522,8191,
29-12-2020 20:21:42.040,11036672,13-09-2021 18:06:28.522,8191,
29-12-2020 20:21:42.040,11036672,13-09-2021 18:06:28.522,8191,
29-12-2020 20:21:42.040,11036672,13-09-2021 18:06:28.522,8191,
29-12-2020 20:21:42.040,11036672,13-09-2021 18:06:28.522,8191,
29-12-2020 20:21:42.040,11036672,13-09-2021 18:06:28.522,8191,
29-12-2020 20:21:42.040,11036672,13-09-2021 18:06:28.522,8191,
29-12-2020 20:21:42.040,11036672,13-09-2021 18:06:28.522,8191,
29-12-2020 20:21:42.040,11036672,13-09-2021 18:06:28.522,8191,
29-12-2020 20:21:42.040,11036672,13-09-2021 18:06:28.522,8191,
29-12-2020 20:21:42.040,11036672,13-09-2021 18:06:28.522,8191,
29-12-2020 20:21:42.040,11036672,13-09-2021 18:06:28.522,8191,
29-12-2020 20:21:42.040,11036672,13-09-2021 18:06:28.522,8191,
29-12-2020 20:21:42.040,11036672,13-09-2021 18:06:28.522,8191,
29-12-2020 20:21:42.040,11036672,13-09-2021 18:06:28.522,8191,
29-12-2020 20:21:42.040,11036672,13-09-2021 18:06:28.522,8191,
29-12-2020 20:21:42.040,11036672,13-09-2021 18:06:28.522,8191,
29-12-2020 20:21:42.040,11036672,13-09-2021 18:06:28.522,8191,
29-12-2020 20:21:42.040,11036672,13-09-2021 18:06:28.522,8191,
29-12-2020 20:21:42.040,11036672,13-09-2021 18:06:28.522,8191,
29-12-2020 20:21:42.040,11036672,13-09-2021 18:06:28.522,8191,
29-12-2020 20:21:42.040,11036672,13-09-2021 18:06:28.522,8191,
29-12-2020 20:21:42.040,11036672,13-09-2021 18:06:28.522,8191,
29-12-2020 20:21:42.040,11036672,13-09-2021 18:06:28.522,8191,
29-12-2020 20:21:42.040,11036672,13-09-2021 18:06:28.522,8191,
29-12-2020 20:21:42.040,11036672,13-09-2021 18:06:28.522,8191,
29-12-2020 20:21:42.040,11036672,13-09-2021 18:06:28.522,8191,
29-12-2020 20:21:42.040,11036672,13-09-2021 18:06:28.522,8191,
29-12-2020 20:21:42.040,11036672,13-09-2021 18:06:28.522,8191,
29-12-2020 20:21:42.040,11036672,13-09-2021 18:06:28.522,8191,
29-12-2020 20:21:42.040,11036672,13-09-2021 18:06:28.522,8191,
29-12-2020 20:21:42.040,11036672,13-09-2021 18:06:28.522,8191,
29-12-2020 20:21:42.040,11036672,13-09-2021 18:06:28.522,8191,
29-12-2020 20:21:42.040,11036672,13-09-2021 18:06:28.522,8191,
29-12-2020 20:21:42.040,11036672,13-09-2021 18:06:28.522,8191,
29-12-2020 20:21:42.040,11036672,13-09-2021 18:06:28.522,8191,
29-12-2020 20:21:42.040,11036672,13-09-2021 18:06:28.522,8191,
29-12-2020 20:21:42.040,11036672,13-09-2021 18:06:28.522,8191,
29-12-2020 20:21:42.040,11036672,13-09-2021 18:06:28.522,8191,
29-12-2020 20:21:42.040,11036672,13-09-2021 18:06:28.522,8191,
29-12-2020 20:21:42.040,11036672,13-09-2021 18:06:28.522,8191,
29-12-2020 20:21:42.040,11036672,13-09-2021 18:06:28.522,8191,
29-12-2020 20:21:42.040,11036672,13-09-2021 18:06:28.522,8191,
29-12-2020 20:21:42.040,11036672,13-09-2021 18:06:28.522,8191,
29-12-2020 20:21:42.040,11036672,13-09-2021 18:06:28.522,8191,
29-12-2020 20:21:42.040,11036672,13-09-2021 18:06:28.522,8191,
29-12-2020 20:21:42.296,11038720,13-09-2021 18:06:29.544,8191,
29-12-2020 20:21:42.296,11038720,13-09-2021 18:06:29.544,8191,
29-12-2020 20:21:42.296,11038720,13-09-2021 18:06:29.544,8191,
29-12-2020 20:21:42.296,11038720,13-09-2021 18:06:29.544,8191,
29-12-2020 20:21:42.296,11038720,13-09-2021 18:06:29.544,8191,
29-12-2020 20:21:42.296,11038720,13-09-2021 18:06:29.544,8191,
29-12-2020 20:21:42.296,11038720,13-09-2021 18:06:29.544,8191,
29-12-2020 20:21:42.296,11038720,13-09-2021 18:06:29.544,8191,
29-12-2020 20:21:42.296,11038720,13-09-2021 18:06:29.544,8191,
29-12-2020 20:21:42.296,11038720,13-09-2021 18:06:29.544,8191,
29-12-2020 20:21:42.296,11038720,13-09-2021 18:06:29.544,8191,
29-12-2020 20:21:42.296,11038720,13-09-2021 18:06:29.544,8191,
29-12-2020 20:21:42.296,11038720,13-09-2021 18:06:29.544,8191,
29-12-2020 20:21:42.296,11038720,13-09-2021 18:06:29.544,8191,
29-12-2020 20:21:42.296,11038720,13-09-2021 18:06:29.544,8191,
29-12-2020 20:21:42.296,11038720,13-09-2021 18:06:29.544,8191,
29-12-2020 20:21:42.296,11038720,13-09-2021 18:06:29.544,8191,
29-12-2020 20:21:42.296,11038720,13-09-2021 18:06:29.544,8191,
29-12-2020 20:21:42.296,11038720,13-09-2021 18:06:29.544,8191,
29-12-2020 20:21:42.296,11038720,13-09-2021 18:06:29.544,8191,
29-12-2020 20:21:42.296,11038720,13-09-2021 18:06:29.544,8191,
29-12-2020 20:21:42.296,11038720,13-09-2021 18:06:29.544,8191,
29-12-2020 20:21:42.296,11038720,13-09-2021 18:06:29.544,8191,
29-12-2020 20:21:42.296,11038720,13-09-2021 18:06:29.544,8191,
29-12-2020 20:21:42.296,11038720,13-09-2021 18:06:29.544,8191,
29-12-2020 20:21:42.296,11038720,13-09-2021 18:06:29.544,8191,
29-12-2020 20:21:42.296,11038720,13-09-2021 18:06:29.544,8191,
29-12-2020 20:21:42.296,11038720,13-09-2021 18:06:29.544,8191,
29-12-2020 20:21:42.296,11038720,13-09-2021 18:06:29.544,8191,
29-12-2020 20:21:42.296,11038720,13-09-2021 18:06:29.544,8191,
29-12-2020 20:21:42.296,11038720,13-09-2021 18:06:29.544,8191,
29-12-2020 20:21:42.296,11038720,13-09-2021 18:06:29.544,8191,
29-12-2020 20:21:42.296,11038720,13-09-2021 18:06:29.544,8191,
29-12-2020 20:21:42.296,11038720,13-09-2021 18:06:29.544,8191,
29-12-2020 20:21:42.296,11038720,13-09-2021 18:06:29.544,8191,
29-12-2020 20:21:42.296,11038720,13-09-2021 18:06:29.544,8191,
29-12-2020 20:21:42.296,11038720,13-09-2021 18:06:29.544,8191,
29-12-2020 20:21:42.296,11038720,13-09-2021 18:06:29.544,8191,
29-12-2020 20:21:42.296,11038720,13-09-2021 18:06:29.544,8191,
29-12-2020 20:21:42.296,11038720,13-09-2021 18:06:29.544,8191,
29-12-2020 20:21:42.296,11038720,13-09-2021 18:06:29.544,8191,
29-12-2020 20:21:42.296,11038720,13-09-2021 18:06:29.544,8191,
29-12-2020 20:21:42.296,11038720,13-09-2021 18:06:29.544,8191,
29-12-2020 20:21:42.296,11038720,13-09-2021 18:06:29.544,8191,
29-12-2020 20:21:42.296,11038720,13-09-2021 18:06:29.544,8191,
29-12-2020 20:21:42.296,11038720,13-09-2021 18:06:29.544,8191,
29-12-2020 20:21:42.296,11038720,13-09-2021 18:06:29.544,8191,
29-12-2020 20:21:42.296,11038720,13-09-2021 18:06:29.544,8191,
29-12-2020 20:21:42.296,11038720,13-09-2021 18:06:29.544,8191,
29-12-2020 20:21:42.296,11038720,13-09-2021 18:06:29.544,8191,
29-12-2020 20:21:42.296,11038720,13-09-2021 18:06:29.544,8191,
29-12-2020 20:21:42.296,11038720,13-09-2021 18:06:29.544,8191,
29-12-2020 20:21:42.296,11038720,13-09-2021 18:06:29.544,8191,
29-12-2020 20:21:42.296,11038720,13-09-2021 18:06:29.544,8191,
29-12-2020 20:21:42.296,11038720,13-09-2021 18:06:29.544,8191,
29-12-2020 20:21:42.296,11038720,13-09-2021 18:06:29.544,8191,
29-12-2020 20:21:42.296,11038720,13-09-2021 18:06:29.544,8191,
29-12-2020 20:21:42.296,11038720,13-09-2021 18:06:29.544,8191,
29-12-2020 20:21:42.296,11038720,13-09-2021 18:06:29.544,8191,
29-12-2020 20:21:42.296,11038720,13-09-2021 18:06:29.544,8191,
29-12-2020 20:21:42.296,11038720,13-09-2021 18:06:29.544,8191,
29-12-2020 20:21:42.296,11038720,13-09-2021 18:06:29.544,8191,
29-12-2020 20:21:42.296,11038720,13-09-2021 18:06:29.544,8191,
29-12-2020 20:21:42.296,11038720,13-09-2021 18:06:29.544,8191,
29-12-2020 20:21:42.296,11038720,13-09-2021 18:06:29.544,8191,
29-12-2020 20:21:42.296,11038720,13-09-2021 18:06:29.544,8191,
29-12-2020 20:21:42.296,11038720,13-09-2021 18:06:29.544,8191,
29-12-2020 20:21:42.296,11038720,13-09-2021 18:06:29.544,8191,
29-12-2020 20:21:42.296,11038720,13-09-2021 18:06:29.544,8191,
29-12-2020 20:21:42.296,11038720,13-09-2021 18:06:29.544,8191,
29-12-2020 20:21:42.296,11038720,13-09-2021 18:06:29.544,8191,
29-12-2020 20:21:42.296,11038720,13-09-2021 18:06:29.544,8191,
29-12-2020 20:21:42.296,11038720,13-09-2021 18:06:29.544,8191,
29-12-2020 20:21:42.296,11038720,13-09-2021 18:06:29.544,8191,
29-12-2020 20:21:42.296,11038720,13-09-2021 18:06:29.544,8191,
29-12-2020 20:21:42.296,11038720,13-09-2021 18:06:29.544,8191,
29-12-2020 20:21:42.296,11038720,13-09-2021 18:06:29.544,8191,
29-12-2020 20:21:42.296,11038720,13-09-2021 18:06:29.544,8191,
29-12-2020 20:21:42.296,11038720,13-09-2021 18:06:29.544,8191,
29-12-2020 20:21:42.296,11038720,13-09-2021 18:06:29.544,8191,
29-12-2020 20:21:42.296,11038720,13-09-2021 18:06:29.544,8191,
29-12-2020 20:21:42.296,11038720,13-09-2021 18:06:29.544,8191,
29-12-2020 20:21:42.296,11038720,13-09-2021 18:06:29.544,8191,
29-12-2020 20:21:42.296,11038720,13-09-2021 18:06:29.544,8191,
29-12-2020 20:21:42.296,11038720,13-09-2021 18:06:29.544,8191,
29-12-2020 20:21:42.296,11038720,13-09-2021 18:06:29.544,8191,
29-12-2020 20:21:42.296,11038720,13-09-2021 18:06:29.544,8191,
29-12-2020 20:21:42.296,11038720,13-09-2021 18:06:29.544,8191,
29-12-2020 20:21:42.296,11038720,13-09-2021 18:06:29.544,8191,
29-12-2020 20:21:42.296,11038720,13-09-2021 18:06:29.544,8191,
29-12-2020 20:21:42.296,11038720,13-09-2021 18:06:29.544,8191,
29-12-2020 20:21:42.296,11038720,13-09-2021 18:06:29.544,8191,
29-12-2020 20:21:42.296,11038720,13-09-2021 18:06:29.544,8191,
29-12-2020 20:21:42.296,11038720,13-09-2021 18:06:29.544,8191,
29-12-2020 20:21:42.296,11038720,13-09-2021 18:06:29.544,8191,
29-12-2020 20:21:42.296,11038720,13-09-2021 18:06:29.544,8191,
29-12-2020 20:21:42.296,11038720,13-09-2021 18:06:29.544,8191,
29-12-2020 20:21:42.296,11038720,13-09-2021 18:06:29.544,8191,
29-12-2020 20:21:42.296,11038720,13-09-2021 18:06:29.544,8191,
29-12-2020 20:21:42.296,11038720,13-09-2021 18:06:29.544,8191,
29-12-2020 20:21:42.296,11038720,13-09-2021 18:06:29.544,8191,
29-12-2020 20:21:42.296,11038720,13-09-2021 18:06:29.544,8191,
29-12-2020 20:21:42.296,11038720,13-09-2021 18:06:29.544,8191,
29-12-2020 20:21:42.296,11038720,13-09-2021 18:06:29.544,8191,
29-12-2020 20:21:42.296,11038720,13-09-2021 18:06:29.544,8191,
29-12-2020 20:21:42.296,11038720,13-09-2021 18:06:29.544,8191,
29-12-2020 20:21:42.296,11038720,13-09-2021 18:06:29.544,8191,
29-12-2020 20:21:42.296,11038720,13-09-2021 18:06:29.544,8191,
29-12-2020 20:21:42.296,11038720,13-09-2021 18:06:29.544,8191,
29-12-2020 20:21:42.296,11038720,13-09-2021 18:06:29.544,8191,
29-12-2020 20:21:42.296,11038720,13-09-2021 18:06:29.544,8191,
29-12-2020 20:21:42.296,11038720,13-09-2021 18:06:29.544,8191,
29-12-2020 20:21:42.296,11038720,13-09-2021 18:06:29.544,8191,
29-12-2020 20:21:42.296,11038720,13-09-2021 18:06:29.544,8191,
29-12-2020 20:21:42.296,11038720,13-09-2021 18:06:29.544,8191,
29-12-2020 20:21:42.296,11038720,13-09-2021 18:06:29.544,8191,
29-12-2020 20:21:42.296,11038720,13-09-2021 18:06:29.544,8191,
29-12-2020 20:21:42.296,11038720,13-09-2021 18:06:29.544,8191,
29-12-2020 20:21:42.296,11038720,13-09-2021 18:06:29.544,8191,
29-12-2020 20:21:42.296,11038720,13-09-2021 18:06:29.544,8191,
29-12-2020 20:21:42.296,11038720,13-09-2021 18:06:29.544,8191,
29-12-2020 20:21:42.296,11038720,13-09-2021 18:06:29.544,8191,
29-12-2020 20:21:42.296,11038720,13-09-2021 18:06:29.544,8191,
29-12-2020 20:21:42.296,11038720,13-09-2021 18:06:29.544,8191,
29-12-2020 20:21:42.296,11038720,13-09-2021 18:06:29.544,8191,
29-12-2020 20:21:42.296,11038720,13-09-2021 18:06:29.544,8191,
29-12-2020 20:21:42.296,11038720,13-09-2021 18:06:29.544,8191,
29-12-2020 20:21:42.296,11038720,13-09-2021 18:06:29.544,8191,
29-12-2020 20:21:42.552,11040768,13-09-2021 18:06:29.544,8191,
29-12-2020 20:21:42.552,11040768,13-09-2021 18:06:29.544,8191,
29-12-2020 20:21:42.552,11040768,13-09-2021 18:06:29.544,8191,
29-12-2020 20:21:42.552,11040768,13-09-2021 18:06:29.544,8191,
29-12-2020 20:21:42.552,11040768,13-09-2021 18:06:29.544,8191,
29-12-2020 20:21:42.552,11040768,13-09-2021 18:06:29.544,8191,
29-12-2020 20:21:42.552,11040768,13-09-2021 18:06:29.544,8191,
29-12-2020 20:21:42.552,11040768,13-09-2021 18:06:29.544,8191,
29-12-2020 20:21:42.552,11040768,13-09-2021 18:06:29.544,8191,
29-12-2020 20:21:42.552,11040768,13-09-2021 18:06:29.544,8191,
29-12-2020 20:21:42.552,11040768,13-09-2021 18:06:29.544,8191,
29-12-2020 20:21:42.552,11040768,13-09-2021 18:06:29.544,8191,
29-12-2020 20:21:42.552,11040768,13-09-2021 18:06:29.544,8191,
29-12-2020 20:21:42.552,11040768,13-09-2021 18:06:29.544,8191,
29-12-2020 20:21:42.552,11040768,13-09-2021 18:06:29.544,8191,
29-12-2020 20:21:42.552,11040768,13-09-2021 18:06:29.544,8191,
29-12-2020 20:21:42.552,11040768,13-09-2021 18:06:29.544,8191,
29-12-2020 20:21:42.552,11040768,13-09-2021 18:06:29.544,8191,
29-12-2020 20:21:42.552,11040768,13-09-2021 18:06:29.544,8191,
29-12-2020 20:21:42.552,11040768,13-09-2021 18:06:29.544,8191,
29-12-2020 20:21:42.552,11040768,13-09-2021 18:06:29.544,8191,
29-12-2020 20:21:42.552,11040768,13-09-2021 18:06:29.544,8191,
29-12-2020 20:21:42.552,11040768,13-09-2021 18:06:29.544,8191,
29-12-2020 20:21:42.552,11040768,13-09-2021 18:06:29.544,8191,
29-12-2020 20:21:42.552,11040768,13-09-2021 18:06:29.544,8191,
29-12-2020 20:21:42.552,11040768,13-09-2021 18:06:29.544,8191,
29-12-2020 20:21:42.552,11040768,13-09-2021 18:06:29.544,8191,
29-12-2020 20:21:42.552,11040768,13-09-2021 18:06:29.544,8191,
29-12-2020 20:21:42.552,11040768,13-09-2021 18:06:29.544,8191,
29-12-2020 20:21:42.552,11040768,13-09-2021 18:06:29.544,8191,
29-12-2020 20:21:42.552,11040768,13-09-2021 18:06:29.544,8191,
29-12-2020 20:21:42.552,11040768,13-09-2021 18:06:29.544,8191,
29-12-2020 20:21:42.552,11040768,13-09-2021 18:06:29.544,8191,
29-12-2020 20:21:42.552,11040768,13-09-2021 18:06:29.544,8191,
29-12-2020 20:21:42.552,11040768,13-09-2021 18:06:29.544,8191,
29-12-2020 20:21:42.552,11040768,13-09-2021 18:06:29.544,8191,
29-12-2020 20:21:42.552,11040768,13-09-2021 18:06:29.544,8191,
29-12-2020 20:21:42.552,11040768,13-09-2021 18:06:29.544,8191,
29-12-2020 20:21:42.552,11040768,13-09-2021 18:06:29.544,8191,
29-12-2020 20:21:42.552,11040768,13-09-2021 18:06:29.544,8191,
29-12-2020 20:21:42.552,11040768,13-09-2021 18:06:29.544,8191,
29-12-2020 20:21:42.552,11040768,13-09-2021 18:06:29.544,8191,
29-12-2020 20:21:42.552,11040768,13-09-2021 18:06:29.544,8191,
29-12-2020 20:21:42.552,11040768,13-09-2021 18:06:29.544,8191,
29-12-2020 20:21:42.552,11040768,13-09-2021 18:06:29.544,8191,
29-12-2020 20:21:42.552,11040768,13-09-2021 18:06:29.544,8191,
29-12-2020 20:21:42.552,11040768,13-09-2021 18:06:29.544,8191,
29-12-2020 20:21:42.552,11040768,13-09-2021 18:06:29.544,8191,
29-12-2020 20:21:42.552,11040768,13-09-2021 18:06:29.544,8191,
29-12-2020 20:21:42.552,11040768,13-09-2021 18:06:29.544,8191,
29-12-2020 20:21:42.552,11040768,13-09-2021 18:06:29.544,8191,
29-12-2020 20:21:42.552,11040768,13-09-2021 18:06:29.544,8191,
29-12-2020 20:21:42.552,11040768,13-09-2021 18:06:29.544,8191,
29-12-2020 20:21:42.552,11040768,13-09-2021 18:06:29.544,8191,
29-12-2020 20:21:42.552,11040768,13-09-2021 18:06:29.544,8191,
29-12-2020 20:21:42.552,11040768,13-09-2021 18:06:29.544,8191,
29-12-2020 20:21:42.552,11040768,13-09-2021 18:06:29.544,8191,
29-12-2020 20:21:42.552,11040768,13-09-2021 18:06:29.544,8191,
29-12-2020 20:21:42.552,11040768,13-09-2021 18:06:29.544,8191,
29-12-2020 20:21:42.552,11040768,13-09-2021 18:06:29.544,8191,
29-12-2020 20:21:42.552,11040768,13-09-2021 18:06:29.544,8191,
29-12-2020 20:21:42.552,11040768,13-09-2021 18:06:29.544,8191,
29-12-2020 20:21:42.552,11040768,13-09-2021 18:06:29.544,8191,
29-12-2020 20:21:42.552,11040768,13-09-2021 18:06:29.544,8191,
29-12-2020 20:21:42.552,11040768,13-09-2021 18:06:29.544,8191,
29-12-2020 20:21:42.552,11040768,13-09-2021 18:06:29.544,8191,
29-12-2020 20:21:42.552,11040768,13-09-2021 18:06:29.544,8191,
29-12-2020 20:21:42.552,11040768,13-09-2021 18:06:29.544,8191,
29-12-2020 20:21:42.552,11040768,13-09-2021 18:06:29.544,8191,
29-12-2020 20:21:42.552,11040768,13-09-2021 18:06:29.544,8191,
29-12-2020 20:21:42.552,11040768,13-09-2021 18:06:29.544,8191,
29-12-2020 20:21:42.552,11040768,13-09-2021 18:06:29.544,8191,
29-12-2020 20:21:42.552,11040768,13-09-2021 18:06:29.544,8191,
29-12-2020 20:21:42.552,11040768,13-09-2021 18:06:29.544,8191,
29-12-2020 20:21:42.552,11040768,13-09-2021 18:06:29.544,8191,
29-12-2020 20:21:42.552,11040768,13-09-2021 18:06:29.544,8191,
29-12-2020 20:21:42.552,11040768,13-09-2021 18:06:29.544,8191,
29-12-2020 20:21:42.552,11040768,13-09-2021 18:06:29.544,8191,
29-12-2020 20:21:42.552,11040768,13-09-2021 18:06:29.544,8191,
29-12-2020 20:21:42.552,11040768,13-09-2021 18:06:29.544,8191,
29-12-2020 20:21:42.552,11040768,13-09-2021 18:06:29.544,8191,
29-12-2020 20:21:42.552,11040768,13-09-2021 18:06:29.544,8191,
29-12-2020 20:21:42.552,11040768,13-09-2021 18:06:29.544,8191,
29-12-2020 20:21:42.552,11040768,13-09-2021 18:06:29.544,8191,
29-12-2020 20:21:42.552,11040768,13-09-2021 18:06:29.544,8191,
29-12-2020 20:21:42.552,11040768,13-09-2021 18:06:29.544,8191,
29-12-2020 20:21:42.552,11040768,13-09-2021 18:06:29.544,8191,
29-12-2020 20:21:42.552,11040768,13-09-2021 18:06:29.544,8191,
29-12-2020 20:21:42.552,11040768,13-09-2021 18:06:29.544,8191,
29-12-2020 20:21:42.552,11040768,13-09-2021 18:06:29.544,8191,
29-12-2020 20:21:42.552,11040768,13-09-2021 18:06:29.544,8191,
29-12-2020 20:21:42.552,11040768,13-09-2021 18:06:29.544,8191,
29-12-2020 20:21:42.552,11040768,13-09-2021 18:06:29.544,8191,
29-12-2020 20:21:42.552,11040768,13-09-2021 18:06:29.544,8191,
29-12-2020 20:21:42.552,11040768,13-09-2021 18:06:29.544,8191,
29-12-2020 20:21:42.552,11040768,13-09-2021 18:06:29.544,8191,
29-12-2020 20:21:42.552,11040768,13-09-2021 18:06:29.544,8191,
29-12-2020 20:21:42.552,11040768,13-09-2021 18:06:29.544,8191,
29-12-2020 20:21:42.552,11040768,13-09-2021 18:06:29.544,8191,
29-12-2020 20:21:42.552,11040768,13-09-2021 18:06:29.544,8191,
29-12-2020 20:21:42.552,11040768,13-09-2021 18:06:29.544,8191,
29-12-2020 20:21:42.552,11040768,13-09-2021 18:06:29.544,8191,
29-12-2020 20:21:42.552,11040768,13-09-2021 18:06:29.544,8191,
29-12-2020 20:21:42.552,11040768,13-09-2021 18:06:29.544,8191,
29-12-2020 20:21:42.552,11040768,13-09-2021 18:06:29.544,8191,
29-12-2020 20:21:42.552,11040768,13-09-2021 18:06:29.544,8191,
29-12-2020 20:21:42.552,11040768,13-09-2021 18:06:29.544,8191,
29-12-2020 20:21:42.552,11040768,13-09-2021 18:06:29.544,8191,
29-12-2020 20:21:42.552,11040768,13-09-2021 18:06:29.544,8191,
29-12-2020 20:21:42.552,11040768,13-09-2021 18:06:29.544,8191,
29-12-2020 20:21:42.552,11040768,13-09-2021 18:06:29.544,8191,
29-12-2020 20:21:42.552,11040768,13-09-2021 18:06:29.544,8191,
29-12-2020 20:21:42.552,11040768,13-09-2021 18:06:29.544,8191,
29-12-2020 20:21:42.552,11040768,13-09-2021 18:06:29.544,8191,
29-12-2020 20:21:42.552,11040768,13-09-2021 18:06:29.544,8191,
29-12-2020 20:21:42.552,11040768,13-09-2021 18:06:29.544,8191,
29-12-2020 20:21:42.552,11040768,13-09-2021 18:06:29.544,8191,
29-12-2020 20:21:42.552,11040768,13-09-2021 18:06:29.544,8191,
29-12-2020 20:21:42.552,11040768,13-09-2021 18:06:29.544,8191,
29-12-2020 20:21:42.552,11040768,13-09-2021 18:06:29.544,8191,
29-12-2020 20:21:42.552,11040768,13-09-2021 18:06:29.544,8191,
29-12-2020 20:21:42.552,11040768,13-09-2021 18:06:29.544,8191,
29-12-2020 20:21:42.552,11040768,13-09-2021 18:06:29.544,8191,
29-12-2020 20:21:42.552,11040768,13-09-2021 18:06:29.544,8191,
29-12-2020 20:21:42.552,11040768,13-09-2021 18:06:29.544,8191,
29-12-2020 20:21:42.552,11040768,13-09-2021 18:06:29.544,8191,
29-12-2020 20:21:42.552,11040768,13-09-2021 18:06:29.544,8191,
29-12-2020 20:21:42.552,11040768,13-09-2021 18:06:29.544,8191,
29-12-2020 20:21:42.808,11042816,13-09-2021 18:06:29.544,8191,
29-12-2020 20:21:42.808,11042816,13-09-2021 18:06:29.544,8191,
29-12-2020 20:21:42.808,11042816,13-09-2021 18:06:29.544,8191,
29-12-2020 20:21:42.808,11042816,13-09-2021 18:06:29.544,8191,
29-12-2020 20:21:42.808,11042816,13-09-2021 18:06:29.544,8191,
29-12-2020 20:21:42.808,11042816,13-09-2021 18:06:29.544,8191,
29-12-2020 20:21:42.808,11042816,13-09-2021 18:06:29.544,8191,
29-12-2020 20:21:42.808,11042816,13-09-2021 18:06:29.544,8191,
29-12-2020 20:21:42.808,11042816,13-09-2021 18:06:29.544,8191,
29-12-2020 20:21:42.808,11042816,13-09-2021 18:06:29.544,8191,
29-12-2020 20:21:42.808,11042816,13-09-2021 18:06:29.544,8191,
29-12-2020 20:21:42.808,11042816,13-09-2021 18:06:29.544,8191,
29-12-2020 20:21:42.808,11042816,13-09-2021 18:06:29.544,8191,
29-12-2020 20:21:42.808,11042816,13-09-2021 18:06:29.544,8191,
29-12-2020 20:21:42.808,11042816,13-09-2021 18:06:29.544,8191,
29-12-2020 20:21:42.808,11042816,13-09-2021 18:06:29.544,8191,
29-12-2020 20:21:42.808,11042816,13-09-2021 18:06:29.544,8191,
29-12-2020 20:21:42.808,11042816,13-09-2021 18:06:29.544,8191,
29-12-2020 20:21:42.808,11042816,13-09-2021 18:06:29.544,8191,
29-12-2020 20:21:42.808,11042816,13-09-2021 18:06:29.544,8191,
29-12-2020 20:21:42.808,11042816,13-09-2021 18:06:29.544,8191,
29-12-2020 20:21:42.808,11042816,13-09-2021 18:06:29.544,8191,
29-12-2020 20:21:42.808,11042816,13-09-2021 18:06:29.544,8191,
29-12-2020 20:21:42.808,11042816,13-09-2021 18:06:29.544,8191,
29-12-2020 20:21:42.808,11042816,13-09-2021 18:06:29.544,8191,
29-12-2020 20:21:42.808,11042816,13-09-2021 18:06:29.544,8191,
29-12-2020 20:21:42.808,11042816,13-09-2021 18:06:29.544,8191,
29-12-2020 20:21:42.808,11042816,13-09-2021 18:06:29.544,8191,
29-12-2020 20:21:42.808,11042816,13-09-2021 18:06:29.544,8191,
29-12-2020 20:21:42.808,11042816,13-09-2021 18:06:29.544,8191,
29-12-2020 20:21:42.808,11042816,13-09-2021 18:06:29.544,8191,
29-12-2020 20:21:42.808,11042816,13-09-2021 18:06:29.544,8191,
29-12-2020 20:21:42.808,11042816,13-09-2021 18:06:29.544,8191,
29-12-2020 20:21:42.808,11042816,13-09-2021 18:06:29.544,8191,
29-12-2020 20:21:42.808,11042816,13-09-2021 18:06:29.544,8191,
29-12-2020 20:21:42.808,11042816,13-09-2021 18:06:29.544,8191,
29-12-2020 20:21:42.808,11042816,13-09-2021 18:06:29.544,8191,
29-12-2020 20:21:42.808,11042816,13-09-2021 18:06:29.544,8191,
29-12-2020 20:21:42.808,11042816,13-09-2021 18:06:29.544,8191,
29-12-2020 20:21:42.808,11042816,13-09-2021 18:06:29.544,8191,
29-12-2020 20:21:42.808,11042816,13-09-2021 18:06:29.544,8191,
29-12-2020 20:21:42.808,11042816,13-09-2021 18:06:29.544,8191,
29-12-2020 20:21:42.808,11042816,13-09-2021 18:06:29.544,8191,
29-12-2020 20:21:42.808,11042816,13-09-2021 18:06:29.544,8191,
29-12-2020 20:21:42.808,11042816,13-09-2021 18:06:29.544,8191,
29-12-2020 20:21:42.808,11042816,13-09-2021 18:06:29.544,8191,
29-12-2020 20:21:42.808,11042816,13-09-2021 18:06:29.544,8191,
29-12-2020 20:21:42.808,11042816,13-09-2021 18:06:29.544,8191,
29-12-2020 20:21:42.808,11042816,13-09-2021 18:06:29.544,8191,
29-12-2020 20:21:42.808,11042816,13-09-2021 18:06:29.544,8191,
29-12-2020 20:21:42.808,11042816,13-09-2021 18:06:29.544,8191,
29-12-2020 20:21:42.808,11042816,13-09-2021 18:06:29.544,8191,
29-12-2020 20:21:42.808,11042816,13-09-2021 18:06:29.544,8191,
29-12-2020 20:21:42.808,11042816,13-09-2021 18:06:29.544,8191,
29-12-2020 20:21:42.808,11042816,13-09-2021 18:06:29.544,8191,
29-12-2020 20:21:42.808,11042816,13-09-2021 18:06:29.544,8191,
29-12-2020 20:21:42.808,11042816,13-09-2021 18:06:29.544,8191,
29-12-2020 20:21:42.808,11042816,13-09-2021 18:06:29.544,8191,
29-12-2020 20:21:42.808,11042816,13-09-2021 18:06:29.544,8191,
29-12-2020 20:21:42.808,11042816,13-09-2021 18:06:29.544,8191,
29-12-2020 20:21:42.808,11042816,13-09-2021 18:06:29.544,8191,
29-12-2020 20:21:42.808,11042816,13-09-2021 18:06:29.544,8191,
29-12-2020 20:21:42.808,11042816,13-09-2021 18:06:29.544,8191,
29-12-2020 20:21:42.808,11042816,13-09-2021 18:06:29.544,8191,
29-12-2020 20:21:42.808,11042816,13-09-2021 18:06:29.544,8191,
29-12-2020 20:21:42.808,11042816,13-09-2021 18:06:29.544,8191,
29-12-2020 20:21:42.808,11042816,13-09-2021 18:06:29.544,8191,
29-12-2020 20:21:42.808,11042816,13-09-2021 18:06:29.544,8191,
29-12-2020 20:21:42.808,11042816,13-09-2021 18:06:29.544,8191,
29-12-2020 20:21:42.808,11042816,13-09-2021 18:06:29.544,8191,
29-12-2020 20:21:42.808,11042816,13-09-2021 18:06:29.544,8191,
29-12-2020 20:21:42.808,11042816,13-09-2021 18:06:29.544,8191,
29-12-2020 20:21:42.808,11042816,13-09-2021 18:06:29.544,8191,
29-12-2020 20:21:42.808,11042816,13-09-2021 18:06:29.544,8191,
29-12-2020 20:21:42.808,11042816,13-09-2021 18:06:29.544,8191,
29-12-2020 20:21:42.808,11042816,13-09-2021 18:06:29.544,8191,
29-12-2020 20:21:42.808,11042816,13-09-2021 18:06:29.544,8191,
29-12-2020 20:21:42.808,11042816,13-09-2021 18:06:29.544,8191,
29-12-2020 20:21:42.808,11042816,13-09-2021 18:06:29.544,8191,
29-12-2020 20:21:42.808,11042816,13-09-2021 18:06:29.544,8191,
29-12-2020 20:21:42.808,11042816,13-09-2021 18:06:29.544,8191,
29-12-2020 20:21:42.808,11042816,13-09-2021 18:06:29.544,8191,
29-12-2020 20:21:42.808,11042816,13-09-2021 18:06:29.544,8191,
29-12-2020 20:21:42.808,11042816,13-09-2021 18:06:29.544,8191,
29-12-2020 20:21:42.808,11042816,13-09-2021 18:06:29.544,8191,
29-12-2020 20:21:42.808,11042816,13-09-2021 18:06:29.544,8191,
29-12-2020 20:21:42.808,11042816,13-09-2021 18:06:29.544,8191,
29-12-2020 20:21:42.808,11042816,13-09-2021 18:06:29.544,8191,
29-12-2020 20:21:42.808,11042816,13-09-2021 18:06:29.544,8191,
29-12-2020 20:21:42.808,11042816,13-09-2021 18:06:29.544,8191,
29-12-2020 20:21:42.808,11042816,13-09-2021 18:06:29.544,8191,
29-12-2020 20:21:42.808,11042816,13-09-2021 18:06:29.544,8191,
29-12-2020 20:21:42.808,11042816,13-09-2021 18:06:29.544,8191,
29-12-2020 20:21:42.808,11042816,13-09-2021 18:06:29.544,8191,
29-12-2020 20:21:42.808,11042816,13-09-2021 18:06:29.544,8191,
29-12-2020 20:21:42.808,11042816,13-09-2021 18:06:29.544,8191,
29-12-2020 20:21:42.808,11042816,13-09-2021 18:06:29.544,8191,
29-12-2020 20:21:42.808,11042816,13-09-2021 18:06:29.544,8191,
29-12-2020 20:21:42.808,11042816,13-09-2021 18:06:29.544,8191,
29-12-2020 20:21:42.808,11042816,13-09-2021 18:06:29.544,8191,
29-12-2020 20:21:42.808,11042816,13-09-2021 18:06:29.544,8191,
29-12-2020 20:21:42.808,11042816,13-09-2021 18:06:29.544,8191,
29-12-2020 20:21:42.808,11042816,13-09-2021 18:06:29.544,8191,
29-12-2020 20:21:42.808,11042816,13-09-2021 18:06:29.544,8191,
29-12-2020 20:21:42.808,11042816,13-09-2021 18:06:29.544,8191,
29-12-2020 20:21:42.808,11042816,13-09-2021 18:06:29.544,8191,
29-12-2020 20:21:42.808,11042816,13-09-2021 18:06:29.544,8191,
29-12-2020 20:21:42.808,11042816,13-09-2021 18:06:29.544,8191,
29-12-2020 20:21:42.808,11042816,13-09-2021 18:06:29.544,8191,
29-12-2020 20:21:42.808,11042816,13-09-2021 18:06:29.544,8191,
29-12-2020 20:21:42.808,11042816,13-09-2021 18:06:29.544,8191,
29-12-2020 20:21:42.808,11042816,13-09-2021 18:06:29.544,8191,
29-12-2020 20:21:42.808,11042816,13-09-2021 18:06:29.544,8191,
29-12-2020 20:21:42.808,11042816,13-09-2021 18:06:29.544,8191,
29-12-2020 20:21:42.808,11042816,13-09-2021 18:06:29.544,8191,
29-12-2020 20:21:42.808,11042816,13-09-2021 18:06:29.544,8191,
29-12-2020 20:21:42.808,11042816,13-09-2021 18:06:29.544,8191,
29-12-2020 20:21:42.808,11042816,13-09-2021 18:06:29.544,8191,
29-12-2020 20:21:42.808,11042816,13-09-2021 18:06:29.544,8191,
29-12-2020 20:21:42.808,11042816,13-09-2021 18:06:29.544,8191,
29-12-2020 20:21:42.808,11042816,13-09-2021 18:06:29.544,8191,
29-12-2020 20:21:42.808,11042816,13-09-2021 18:06:29.544,8191,
29-12-2020 20:21:42.808,11042816,13-09-2021 18:06:29.544,8191,
29-12-2020 20:21:42.808,11042816,13-09-2021 18:06:29.544,8191,
29-12-2020 20:21:42.808,11042816,13-09-2021 18:06:29.544,8191,
29-12-2020 20:21:42.808,11042816,13-09-2021 18:06:29.544,8191,
29-12-2020 20:21:42.808,11042816,13-09-2021 18:06:29.544,8191,
29-12-2020 20:21:42.808,11042816,13-09-2021 18:06:29.544,8191,
29-12-2020 20:21:43.064,11044864,13-09-2021 18:06:29.544,8191,
29-12-2020 20:21:43.064,11044864,13-09-2021 18:06:29.544,8191,
29-12-2020 20:21:43.064,11044864,13-09-2021 18:06:29.544,8191,
29-12-2020 20:21:43.064,11044864,13-09-2021 18:06:29.544,8191,
29-12-2020 20:21:43.064,11044864,13-09-2021 18:06:29.544,8191,
29-12-2020 20:21:43.064,11044864,13-09-2021 18:06:29.544,8191,
29-12-2020 20:21:43.064,11044864,13-09-2021 18:06:29.544,8191,
29-12-2020 20:21:43.064,11044864,13-09-2021 18:06:29.544,8191,
29-12-2020 20:21:43.064,11044864,13-09-2021 18:06:29.544,8191,
29-12-2020 20:21:43.064,11044864,13-09-2021 18:06:29.544,8191,
29-12-2020 20:21:43.064,11044864,13-09-2021 18:06:29.544,8191,
29-12-2020 20:21:43.064,11044864,13-09-2021 18:06:29.544,8191,
29-12-2020 20:21:43.064,11044864,13-09-2021 18:06:29.544,8191,
29-12-2020 20:21:43.064,11044864,13-09-2021 18:06:29.544,8191,
29-12-2020 20:21:43.064,11044864,13-09-2021 18:06:29.544,8191,
29-12-2020 20:21:43.064,11044864,13-09-2021 18:06:29.544,8191,
29-12-2020 20:21:43.064,11044864,13-09-2021 18:06:29.544,8191,
29-12-2020 20:21:43.064,11044864,13-09-2021 18:06:29.544,8191,
29-12-2020 20:21:43.064,11044864,13-09-2021 18:06:29.544,8191,
29-12-2020 20:21:43.064,11044864,13-09-2021 18:06:29.544,8191,
29-12-2020 20:21:43.064,11044864,13-09-2021 18:06:29.544,8191,
29-12-2020 20:21:43.064,11044864,13-09-2021 18:06:29.544,8191,
29-12-2020 20:21:43.064,11044864,13-09-2021 18:06:29.544,8191,
29-12-2020 20:21:43.064,11044864,13-09-2021 18:06:29.544,8191,
29-12-2020 20:21:43.064,11044864,13-09-2021 18:06:29.544,8191,
29-12-2020 20:21:43.064,11044864,13-09-2021 18:06:29.544,8191,
29-12-2020 20:21:43.064,11044864,13-09-2021 18:06:29.544,8191,
29-12-2020 20:21:43.064,11044864,13-09-2021 18:06:29.544,8191,
29-12-2020 20:21:43.064,11044864,13-09-2021 18:06:29.544,8191,
29-12-2020 20:21:43.064,11044864,13-09-2021 18:06:29.544,8191,
29-12-2020 20:21:43.064,11044864,13-09-2021 18:06:29.544,8191,
29-12-2020 20:21:43.064,11044864,13-09-2021 18:06:29.544,8191,
29-12-2020 20:21:43.064,11044864,13-09-2021 18:06:29.544,8191,
29-12-2020 20:21:43.064,11044864,13-09-2021 18:06:29.544,8191,
29-12-2020 20:21:43.064,11044864,13-09-2021 18:06:29.544,8191,
29-12-2020 20:21:43.064,11044864,13-09-2021 18:06:29.544,8191,
29-12-2020 20:21:43.064,11044864,13-09-2021 18:06:29.544,8191,
29-12-2020 20:21:43.064,11044864,13-09-2021 18:06:29.544,8191,
29-12-2020 20:21:43.064,11044864,13-09-2021 18:06:29.544,8191,
29-12-2020 20:21:43.064,11044864,13-09-2021 18:06:29.544,8191,
29-12-2020 20:21:43.064,11044864,13-09-2021 18:06:29.544,8191,
29-12-2020 20:21:43.064,11044864,13-09-2021 18:06:29.544,8191,
29-12-2020 20:21:43.064,11044864,13-09-2021 18:06:29.544,8191,
29-12-2020 20:21:43.064,11044864,13-09-2021 18:06:29.544,8191,
29-12-2020 20:21:43.064,11044864,13-09-2021 18:06:29.544,8191,
29-12-2020 20:21:43.064,11044864,13-09-2021 18:06:29.544,8191,
29-12-2020 20:21:43.064,11044864,13-09-2021 18:06:29.544,8191,
29-12-2020 20:21:43.064,11044864,13-09-2021 18:06:29.544,8191,
29-12-2020 20:21:43.064,11044864,13-09-2021 18:06:29.544,8191,
29-12-2020 20:21:43.064,11044864,13-09-2021 18:06:29.544,8191,
29-12-2020 20:21:43.064,11044864,13-09-2021 18:06:29.544,8191,
29-12-2020 20:21:43.064,11044864,13-09-2021 18:06:29.544,8191,
29-12-2020 20:21:43.064,11044864,13-09-2021 18:06:29.544,8191,
29-12-2020 20:21:43.064,11044864,13-09-2021 18:06:29.544,8191,
29-12-2020 20:21:43.064,11044864,13-09-2021 18:06:29.544,8191,
29-12-2020 20:21:43.064,11044864,13-09-2021 18:06:29.544,8191,
29-12-2020 20:21:43.064,11044864,13-09-2021 18:06:29.544,8191,
29-12-2020 20:21:43.064,11044864,13-09-2021 18:06:29.544,8191,
29-12-2020 20:21:43.064,11044864,13-09-2021 18:06:29.544,8191,
29-12-2020 20:21:43.064,11044864,13-09-2021 18:06:29.544,8191,
29-12-2020 20:21:43.064,11044864,13-09-2021 18:06:29.544,8191,
29-12-2020 20:21:43.064,11044864,13-09-2021 18:06:29.544,8191,
29-12-2020 20:21:43.064,11044864,13-09-2021 18:06:29.544,8191,
29-12-2020 20:21:43.064,11044864,13-09-2021 18:06:29.544,8191,
29-12-2020 20:21:43.064,11044864,13-09-2021 18:06:29.544,8191,
29-12-2020 20:21:43.064,11044864,13-09-2021 18:06:29.544,8191,
29-12-2020 20:21:43.064,11044864,13-09-2021 18:06:29.544,8191,
29-12-2020 20:21:43.064,11044864,13-09-2021 18:06:29.544,8191,
29-12-2020 20:21:43.064,11044864,13-09-2021 18:06:29.544,8191,
29-12-2020 20:21:43.064,11044864,13-09-2021 18:06:29.544,8191,
29-12-2020 20:21:43.064,11044864,13-09-2021 18:06:29.544,8191,
29-12-2020 20:21:43.064,11044864,13-09-2021 18:06:29.544,8191,
29-12-2020 20:21:43.064,11044864,13-09-2021 18:06:29.544,8191,
29-12-2020 20:21:43.064,11044864,13-09-2021 18:06:29.544,8191,
29-12-2020 20:21:43.064,11044864,13-09-2021 18:06:29.544,8191,
29-12-2020 20:21:43.064,11044864,13-09-2021 18:06:29.544,8191,
29-12-2020 20:21:43.064,11044864,13-09-2021 18:06:29.544,8191,
29-12-2020 20:21:43.064,11044864,13-09-2021 18:06:29.544,8191,
29-12-2020 20:21:43.064,11044864,13-09-2021 18:06:29.544,8191,
29-12-2020 20:21:43.064,11044864,13-09-2021 18:06:29.544,8191,
29-12-2020 20:21:43.064,11044864,13-09-2021 18:06:29.544,8191,
29-12-2020 20:21:43.064,11044864,13-09-2021 18:06:29.544,8191,
29-12-2020 20:21:43.064,11044864,13-09-2021 18:06:29.544,8191,
29-12-2020 20:21:43.064,11044864,13-09-2021 18:06:29.544,8191,
29-12-2020 20:21:43.064,11044864,13-09-2021 18:06:29.544,8191,
29-12-2020 20:21:43.064,11044864,13-09-2021 18:06:29.544,8191,
29-12-2020 20:21:43.064,11044864,13-09-2021 18:06:29.544,8191,
29-12-2020 20:21:43.064,11044864,13-09-2021 18:06:29.544,8191,
29-12-2020 20:21:43.064,11044864,13-09-2021 18:06:29.544,8191,
29-12-2020 20:21:43.064,11044864,13-09-2021 18:06:29.544,8191,
29-12-2020 20:21:43.064,11044864,13-09-2021 18:06:29.544,8191,
29-12-2020 20:21:43.064,11044864,13-09-2021 18:06:29.544,8191,
29-12-2020 20:21:43.064,11044864,13-09-2021 18:06:29.544,8191,
29-12-2020 20:21:43.064,11044864,13-09-2021 18:06:29.544,8191,
29-12-2020 20:21:43.064,11044864,13-09-2021 18:06:29.544,8191,
29-12-2020 20:21:43.064,11044864,13-09-2021 18:06:29.544,8191,
29-12-2020 20:21:43.064,11044864,13-09-2021 18:06:29.544,8191,
29-12-2020 20:21:43.064,11044864,13-09-2021 18:06:29.544,8191,
29-12-2020 20:21:43.064,11044864,13-09-2021 18:06:29.544,8191,
29-12-2020 20:21:43.064,11044864,13-09-2021 18:06:29.544,8191,
29-12-2020 20:21:43.064,11044864,13-09-2021 18:06:29.544,8191,
29-12-2020 20:21:43.064,11044864,13-09-2021 18:06:29.544,8191,
29-12-2020 20:21:43.064,11044864,13-09-2021 18:06:29.544,8191,
29-12-2020 20:21:43.064,11044864,13-09-2021 18:06:29.544,8191,
29-12-2020 20:21:43.064,11044864,13-09-2021 18:06:29.544,8191,
29-12-2020 20:21:43.064,11044864,13-09-2021 18:06:29.544,8191,
29-12-2020 20:21:43.064,11044864,13-09-2021 18:06:29.544,8191,
29-12-2020 20:21:43.064,11044864,13-09-2021 18:06:29.544,8191,
29-12-2020 20:21:43.064,11044864,13-09-2021 18:06:29.544,8191,
29-12-2020 20:21:43.064,11044864,13-09-2021 18:06:29.544,8191,
29-12-2020 20:21:43.064,11044864,13-09-2021 18:06:29.544,8191,
29-12-2020 20:21:43.064,11044864,13-09-2021 18:06:29.544,8191,
29-12-2020 20:21:43.064,11044864,13-09-2021 18:06:29.544,8191,
29-12-2020 20:21:43.064,11044864,13-09-2021 18:06:29.544,8191,
29-12-2020 20:21:43.064,11044864,13-09-2021 18:06:29.544,8191,
29-12-2020 20:21:43.064,11044864,13-09-2021 18:06:29.544,8191,
29-12-2020 20:21:43.064,11044864,13-09-2021 18:06:29.544,8191,
29-12-2020 20:21:43.064,11044864,13-09-2021 18:06:29.544,8191,
29-12-2020 20:21:43.064,11044864,13-09-2021 18:06:29.544,8191,
29-12-2020 20:21:43.064,11044864,13-09-2021 18:06:29.544,8191,
29-12-2020 20:21:43.064,11044864,13-09-2021 18:06:29.544,8191,
29-12-2020 20:21:43.064,11044864,13-09-2021 18:06:29.544,8191,
29-12-2020 20:21:43.064,11044864,13-09-2021 18:06:29.544,8191,
29-12-2020 20:21:43.064,11044864,13-09-2021 18:06:29.544,8191,
29-12-2020 20:21:43.064,11044864,13-09-2021 18:06:29.544,8191,
29-12-2020 20:21:43.064,11044864,13-09-2021 18:06:29.544,8191,
29-12-2020 20:21:43.064,11044864,13-09-2021 18:06:29.544,8191,
29-12-2020 20:21:43.064,11044864,13-09-2021 18:06:29.544,8191,
29-12-2020 20:21:43.320,11046912,13-09-2021 18:06:30.560,8191,
29-12-2020 20:21:43.320,11046912,13-09-2021 18:06:30.560,8191,
29-12-2020 20:21:43.320,11046912,13-09-2021 18:06:30.560,8191,
29-12-2020 20:21:43.320,11046912,13-09-2021 18:06:30.560,8191,
29-12-2020 20:21:43.320,11046912,13-09-2021 18:06:30.560,8191,
29-12-2020 20:21:43.320,11046912,13-09-2021 18:06:30.560,8191,
29-12-2020 20:21:43.320,11046912,13-09-2021 18:06:30.560,8191,
29-12-2020 20:21:43.320,11046912,13-09-2021 18:06:30.560,8191,
29-12-2020 20:21:43.320,11046912,13-09-2021 18:06:30.560,8191,
29-12-2020 20:21:43.320,11046912,13-09-2021 18:06:30.560,8191,
29-12-2020 20:21:43.320,11046912,13-09-2021 18:06:30.560,8191,
29-12-2020 20:21:43.320,11046912,13-09-2021 18:06:30.560,8191,
29-12-2020 20:21:43.320,11046912,13-09-2021 18:06:30.560,8191,
29-12-2020 20:21:43.320,11046912,13-09-2021 18:06:30.560,8191,
29-12-2020 20:21:43.320,11046912,13-09-2021 18:06:30.560,8191,
29-12-2020 20:21:43.320,11046912,13-09-2021 18:06:30.560,8191,
29-12-2020 20:21:43.320,11046912,13-09-2021 18:06:30.560,8191,
29-12-2020 20:21:43.320,11046912,13-09-2021 18:06:30.560,8191,
29-12-2020 20:21:43.320,11046912,13-09-2021 18:06:30.560,8191,
29-12-2020 20:21:43.320,11046912,13-09-2021 18:06:30.560,8191,
29-12-2020 20:21:43.320,11046912,13-09-2021 18:06:30.560,8191,
29-12-2020 20:21:43.320,11046912,13-09-2021 18:06:30.560,8191,
29-12-2020 20:21:43.320,11046912,13-09-2021 18:06:30.560,8191,
29-12-2020 20:21:43.320,11046912,13-09-2021 18:06:30.560,8191,
29-12-2020 20:21:43.320,11046912,13-09-2021 18:06:30.560,8191,
29-12-2020 20:21:43.320,11046912,13-09-2021 18:06:30.560,8191,
29-12-2020 20:21:43.320,11046912,13-09-2021 18:06:30.560,8191,
29-12-2020 20:21:43.320,11046912,13-09-2021 18:06:30.560,8191,
29-12-2020 20:21:43.320,11046912,13-09-2021 18:06:30.560,8191,
29-12-2020 20:21:43.320,11046912,13-09-2021 18:06:30.560,8191,
29-12-2020 20:21:43.320,11046912,13-09-2021 18:06:30.560,8191,
29-12-2020 20:21:43.320,11046912,13-09-2021 18:06:30.560,8191,
29-12-2020 20:21:43.320,11046912,13-09-2021 18:06:30.560,8191,
29-12-2020 20:21:43.320,11046912,13-09-2021 18:06:30.560,8191,
29-12-2020 20:21:43.320,11046912,13-09-2021 18:06:30.560,8191,
29-12-2020 20:21:43.320,11046912,13-09-2021 18:06:30.560,8191,
29-12-2020 20:21:43.320,11046912,13-09-2021 18:06:30.560,8191,
29-12-2020 20:21:43.320,11046912,13-09-2021 18:06:30.560,8191,
29-12-2020 20:21:43.320,11046912,13-09-2021 18:06:30.560,8191,
29-12-2020 20:21:43.320,11046912,13-09-2021 18:06:30.560,8191,
29-12-2020 20:21:43.320,11046912,13-09-2021 18:06:30.560,8191,
29-12-2020 20:21:43.320,11046912,13-09-2021 18:06:30.560,8191,
29-12-2020 20:21:43.320,11046912,13-09-2021 18:06:30.560,8191,
29-12-2020 20:21:43.320,11046912,13-09-2021 18:06:30.560,8191,
29-12-2020 20:21:43.320,11046912,13-09-2021 18:06:30.560,8191,
29-12-2020 20:21:43.320,11046912,13-09-2021 18:06:30.560,8191,
29-12-2020 20:21:43.320,11046912,13-09-2021 18:06:30.560,8191,
29-12-2020 20:21:43.320,11046912,13-09-2021 18:06:30.560,8191,
29-12-2020 20:21:43.320,11046912,13-09-2021 18:06:30.560,8191,
29-12-2020 20:21:43.320,11046912,13-09-2021 18:06:30.560,8191,
29-12-2020 20:21:43.320,11046912,13-09-2021 18:06:30.560,8191,
29-12-2020 20:21:43.320,11046912,13-09-2021 18:06:30.560,8191,
29-12-2020 20:21:43.320,11046912,13-09-2021 18:06:30.560,8191,
29-12-2020 20:21:43.320,11046912,13-09-2021 18:06:30.560,8191,
29-12-2020 20:21:43.320,11046912,13-09-2021 18:06:30.560,8191,
29-12-2020 20:21:43.320,11046912,13-09-2021 18:06:30.560,8191,
29-12-2020 20:21:43.320,11046912,13-09-2021 18:06:30.560,8191,
29-12-2020 20:21:43.320,11046912,13-09-2021 18:06:30.560,8191,
29-12-2020 20:21:43.320,11046912,13-09-2021 18:06:30.560,8191,
29-12-2020 20:21:43.320,11046912,13-09-2021 18:06:30.560,8191,
29-12-2020 20:21:43.320,11046912,13-09-2021 18:06:30.560,8191,
29-12-2020 20:21:43.320,11046912,13-09-2021 18:06:30.560,8191,
29-12-2020 20:21:43.320,11046912,13-09-2021 18:06:30.560,8191,
29-12-2020 20:21:43.320,11046912,13-09-2021 18:06:30.560,8191,
29-12-2020 20:21:43.320,11046912,13-09-2021 18:06:30.560,8191,
29-12-2020 20:21:43.320,11046912,13-09-2021 18:06:30.560,8191,
29-12-2020 20:21:43.320,11046912,13-09-2021 18:06:30.560,8191,
29-12-2020 20:21:43.320,11046912,13-09-2021 18:06:30.560,8191,
29-12-2020 20:21:43.320,11046912,13-09-2021 18:06:30.560,8191,
29-12-2020 20:21:43.320,11046912,13-09-2021 18:06:30.560,8191,
29-12-2020 20:21:43.320,11046912,13-09-2021 18:06:30.560,8191,
29-12-2020 20:21:43.320,11046912,13-09-2021 18:06:30.560,8191,
29-12-2020 20:21:43.320,11046912,13-09-2021 18:06:30.560,8191,
29-12-2020 20:21:43.320,11046912,13-09-2021 18:06:30.560,8191,
29-12-2020 20:21:43.320,11046912,13-09-2021 18:06:30.560,8191,
29-12-2020 20:21:43.320,11046912,13-09-2021 18:06:30.560,8191,
29-12-2020 20:21:43.320,11046912,13-09-2021 18:06:30.560,8191,
29-12-2020 20:21:43.320,11046912,13-09-2021 18:06:30.560,8191,
29-12-2020 20:21:43.320,11046912,13-09-2021 18:06:30.560,8191,
29-12-2020 20:21:43.320,11046912,13-09-2021 18:06:30.560,8191,
29-12-2020 20:21:43.320,11046912,13-09-2021 18:06:30.560,8191,
29-12-2020 20:21:43.320,11046912,13-09-2021 18:06:30.560,8191,
29-12-2020 20:21:43.320,11046912,13-09-2021 18:06:30.560,8191,
29-12-2020 20:21:43.320,11046912,13-09-2021 18:06:30.560,8191,
29-12-2020 20:21:43.320,11046912,13-09-2021 18:06:30.560,8191,
29-12-2020 20:21:43.320,11046912,13-09-2021 18:06:30.560,8191,
29-12-2020 20:21:43.320,11046912,13-09-2021 18:06:30.560,8191,
29-12-2020 20:21:43.320,11046912,13-09-2021 18:06:30.560,8191,
29-12-2020 20:21:43.320,11046912,13-09-2021 18:06:30.560,8191,
29-12-2020 20:21:43.320,11046912,13-09-2021 18:06:30.560,8191,
29-12-2020 20:21:43.320,11046912,13-09-2021 18:06:30.560,8191,
29-12-2020 20:21:43.320,11046912,13-09-2021 18:06:30.560,8191,
29-12-2020 20:21:43.320,11046912,13-09-2021 18:06:30.560,8191,
29-12-2020 20:21:43.320,11046912,13-09-2021 18:06:30.560,8191,
29-12-2020 20:21:43.320,11046912,13-09-2021 18:06:30.560,8191,
29-12-2020 20:21:43.320,11046912,13-09-2021 18:06:30.560,8191,
29-12-2020 20:21:43.320,11046912,13-09-2021 18:06:30.560,8191,
29-12-2020 20:21:43.320,11046912,13-09-2021 18:06:30.560,8191,
29-12-2020 20:21:43.320,11046912,13-09-2021 18:06:30.560,8191,
29-12-2020 20:21:43.320,11046912,13-09-2021 18:06:30.560,8191,
29-12-2020 20:21:43.320,11046912,13-09-2021 18:06:30.560,8191,
29-12-2020 20:21:43.320,11046912,13-09-2021 18:06:30.560,8191,
29-12-2020 20:21:43.320,11046912,13-09-2021 18:06:30.560,8191,
29-12-2020 20:21:43.320,11046912,13-09-2021 18:06:30.560,8191,
29-12-2020 20:21:43.320,11046912,13-09-2021 18:06:30.560,8191,
29-12-2020 20:21:43.320,11046912,13-09-2021 18:06:30.560,8191,
29-12-2020 20:21:43.320,11046912,13-09-2021 18:06:30.560,8191,
29-12-2020 20:21:43.320,11046912,13-09-2021 18:06:30.560,8191,
29-12-2020 20:21:43.320,11046912,13-09-2021 18:06:30.560,8191,
29-12-2020 20:21:43.320,11046912,13-09-2021 18:06:30.560,8191,
29-12-2020 20:21:43.320,11046912,13-09-2021 18:06:30.560,8191,
29-12-2020 20:21:43.320,11046912,13-09-2021 18:06:30.560,8191,
29-12-2020 20:21:43.320,11046912,13-09-2021 18:06:30.560,8191,
29-12-2020 20:21:43.320,11046912,13-09-2021 18:06:30.560,8191,
29-12-2020 20:21:43.320,11046912,13-09-2021 18:06:30.560,8191,
29-12-2020 20:21:43.320,11046912,13-09-2021 18:06:30.560,8191,
29-12-2020 20:21:43.320,11046912,13-09-2021 18:06:30.560,8191,
29-12-2020 20:21:43.320,11046912,13-09-2021 18:06:30.560,8191,
29-12-2020 20:21:43.320,11046912,13-09-2021 18:06:30.560,8191,
29-12-2020 20:21:43.320,11046912,13-09-2021 18:06:30.560,8191,
29-12-2020 20:21:43.320,11046912,13-09-2021 18:06:30.560,8191,
29-12-2020 20:21:43.320,11046912,13-09-2021 18:06:30.560,8191,
29-12-2020 20:21:43.320,11046912,13-09-2021 18:06:30.560,8191,
29-12-2020 20:21:43.320,11046912,13-09-2021 18:06:30.560,8191,
29-12-2020 20:21:43.320,11046912,13-09-2021 18:06:30.560,8191,
29-12-2020 20:21:43.320,11046912,13-09-2021 18:06:30.560,8191,
29-12-2020 20:21:43.320,11046912,13-09-2021 18:06:30.560,8191,
29-12-2020 20:21:43.320,11046912,13-09-2021 18:06:30.560,8191,
29-12-2020 20:21:43.576,11048960,13-09-2021 18:06:30.560,8191,
29-12-2020 20:21:43.576,11048960,13-09-2021 18:06:30.560,8191,
29-12-2020 20:21:43.576,11048960,13-09-2021 18:06:30.560,8191,
29-12-2020 20:21:43.576,11048960,13-09-2021 18:06:30.560,8191,
29-12-2020 20:21:43.576,11048960,13-09-2021 18:06:30.560,8191,
29-12-2020 20:21:43.576,11048960,13-09-2021 18:06:30.560,8191,
29-12-2020 20:21:43.576,11048960,13-09-2021 18:06:30.560,8191,
29-12-2020 20:21:43.576,11048960,13-09-2021 18:06:30.560,8191,
29-12-2020 20:21:43.576,11048960,13-09-2021 18:06:30.560,8191,
29-12-2020 20:21:43.576,11048960,13-09-2021 18:06:30.560,8191,
29-12-2020 20:21:43.576,11048960,13-09-2021 18:06:30.560,8191,
29-12-2020 20:21:43.576,11048960,13-09-2021 18:06:30.560,8191,
29-12-2020 20:21:43.576,11048960,13-09-2021 18:06:30.560,8191,
29-12-2020 20:21:43.576,11048960,13-09-2021 18:06:30.560,8191,
29-12-2020 20:21:43.576,11048960,13-09-2021 18:06:30.560,8191,
29-12-2020 20:21:43.576,11048960,13-09-2021 18:06:30.560,8191,
29-12-2020 20:21:43.576,11048960,13-09-2021 18:06:30.560,8191,
29-12-2020 20:21:43.576,11048960,13-09-2021 18:06:30.560,8191,
29-12-2020 20:21:43.576,11048960,13-09-2021 18:06:30.560,8191,
29-12-2020 20:21:43.576,11048960,13-09-2021 18:06:30.560,8191,
29-12-2020 20:21:43.576,11048960,13-09-2021 18:06:30.560,8191,
29-12-2020 20:21:43.576,11048960,13-09-2021 18:06:30.560,8191,
29-12-2020 20:21:43.576,11048960,13-09-2021 18:06:30.560,8191,
29-12-2020 20:21:43.576,11048960,13-09-2021 18:06:30.560,8191,
29-12-2020 20:21:43.576,11048960,13-09-2021 18:06:30.560,8191,
29-12-2020 20:21:43.576,11048960,13-09-2021 18:06:30.560,8191,
29-12-2020 20:21:43.576,11048960,13-09-2021 18:06:30.560,8191,
29-12-2020 20:21:43.576,11048960,13-09-2021 18:06:30.560,8191,
29-12-2020 20:21:43.576,11048960,13-09-2021 18:06:30.560,8191,
29-12-2020 20:21:43.576,11048960,13-09-2021 18:06:30.560,8191,
29-12-2020 20:21:43.576,11048960,13-09-2021 18:06:30.560,8191,
29-12-2020 20:21:43.576,11048960,13-09-2021 18:06:30.560,8191,
29-12-2020 20:21:43.576,11048960,13-09-2021 18:06:30.560,8191,
29-12-2020 20:21:43.576,11048960,13-09-2021 18:06:30.560,8191,
29-12-2020 20:21:43.576,11048960,13-09-2021 18:06:30.560,8191,
29-12-2020 20:21:43.576,11048960,13-09-2021 18:06:30.560,8191,
29-12-2020 20:21:43.576,11048960,13-09-2021 18:06:30.560,8191,
29-12-2020 20:21:43.576,11048960,13-09-2021 18:06:30.560,8191,
29-12-2020 20:21:43.576,11048960,13-09-2021 18:06:30.560,8191,
29-12-2020 20:21:43.576,11048960,13-09-2021 18:06:30.560,8191,
29-12-2020 20:21:43.576,11048960,13-09-2021 18:06:30.560,8191,
29-12-2020 20:21:43.576,11048960,13-09-2021 18:06:30.560,8191,
29-12-2020 20:21:43.576,11048960,13-09-2021 18:06:30.560,8191,
29-12-2020 20:21:43.576,11048960,13-09-2021 18:06:30.560,8191,
29-12-2020 20:21:43.576,11048960,13-09-2021 18:06:30.560,8191,
29-12-2020 20:21:43.576,11048960,13-09-2021 18:06:30.560,8191,
29-12-2020 20:21:43.576,11048960,13-09-2021 18:06:30.560,8191,
29-12-2020 20:21:43.576,11048960,13-09-2021 18:06:30.560,8191,
29-12-2020 20:21:43.576,11048960,13-09-2021 18:06:30.560,8191,
29-12-2020 20:21:43.576,11048960,13-09-2021 18:06:30.560,8191,
29-12-2020 20:21:43.576,11048960,13-09-2021 18:06:30.560,8191,
29-12-2020 20:21:43.576,11048960,13-09-2021 18:06:30.560,8191,
29-12-2020 20:21:43.576,11048960,13-09-2021 18:06:30.560,8191,
29-12-2020 20:21:43.576,11048960,13-09-2021 18:06:30.560,8191,
29-12-2020 20:21:43.576,11048960,13-09-2021 18:06:30.560,8191,
29-12-2020 20:21:43.576,11048960,13-09-2021 18:06:30.560,8191,
29-12-2020 20:21:43.576,11048960,13-09-2021 18:06:30.560,8191,
29-12-2020 20:21:43.576,11048960,13-09-2021 18:06:30.560,8191,
29-12-2020 20:21:43.576,11048960,13-09-2021 18:06:30.560,8191,
29-12-2020 20:21:43.576,11048960,13-09-2021 18:06:30.560,8191,
29-12-2020 20:21:43.576,11048960,13-09-2021 18:06:30.560,8191,
29-12-2020 20:21:43.576,11048960,13-09-2021 18:06:30.560,8191,
29-12-2020 20:21:43.576,11048960,13-09-2021 18:06:30.560,8191,
29-12-2020 20:21:43.576,11048960,13-09-2021 18:06:30.560,8191,
29-12-2020 20:21:43.576,11048960,13-09-2021 18:06:30.560,8191,
29-12-2020 20:21:43.576,11048960,13-09-2021 18:06:30.560,8191,
29-12-2020 20:21:43.576,11048960,13-09-2021 18:06:30.560,8191,
29-12-2020 20:21:43.576,11048960,13-09-2021 18:06:30.560,8191,
29-12-2020 20:21:43.576,11048960,13-09-2021 18:06:30.560,8191,
29-12-2020 20:21:43.576,11048960,13-09-2021 18:06:30.560,8191,
29-12-2020 20:21:43.576,11048960,13-09-2021 18:06:30.560,8191,
29-12-2020 20:21:43.576,11048960,13-09-2021 18:06:30.560,8191,
29-12-2020 20:21:43.576,11048960,13-09-2021 18:06:30.560,8191,
29-12-2020 20:21:43.576,11048960,13-09-2021 18:06:30.560,8191,
29-12-2020 20:21:43.576,11048960,13-09-2021 18:06:30.560,8191,
29-12-2020 20:21:43.576,11048960,13-09-2021 18:06:30.560,8191,
29-12-2020 20:21:43.576,11048960,13-09-2021 18:06:30.560,8191,
29-12-2020 20:21:43.576,11048960,13-09-2021 18:06:30.560,8191,
29-12-2020 20:21:43.576,11048960,13-09-2021 18:06:30.560,8191,
29-12-2020 20:21:43.576,11048960,13-09-2021 18:06:30.560,8191,
29-12-2020 20:21:43.576,11048960,13-09-2021 18:06:30.560,8191,
29-12-2020 20:21:43.576,11048960,13-09-2021 18:06:30.560,8191,
29-12-2020 20:21:43.576,11048960,13-09-2021 18:06:30.560,8191,
29-12-2020 20:21:43.576,11048960,13-09-2021 18:06:30.560,8191,
29-12-2020 20:21:43.576,11048960,13-09-2021 18:06:30.560,8191,
29-12-2020 20:21:43.576,11048960,13-09-2021 18:06:30.560,8191,
29-12-2020 20:21:43.576,11048960,13-09-2021 18:06:30.560,8191,
29-12-2020 20:21:43.576,11048960,13-09-2021 18:06:30.560,8191,
29-12-2020 20:21:43.576,11048960,13-09-2021 18:06:30.560,8191,
29-12-2020 20:21:43.576,11048960,13-09-2021 18:06:30.560,8191,
29-12-2020 20:21:43.576,11048960,13-09-2021 18:06:30.560,8191,
29-12-2020 20:21:43.576,11048960,13-09-2021 18:06:30.560,8191,
29-12-2020 20:21:43.576,11048960,13-09-2021 18:06:30.560,8191,
29-12-2020 20:21:43.576,11048960,13-09-2021 18:06:30.560,8191,
29-12-2020 20:21:43.576,11048960,13-09-2021 18:06:30.560,8191,
29-12-2020 20:21:43.576,11048960,13-09-2021 18:06:30.560,8191,
29-12-2020 20:21:43.576,11048960,13-09-2021 18:06:30.560,8191,
29-12-2020 20:21:43.576,11048960,13-09-2021 18:06:30.560,8191,
29-12-2020 20:21:43.576,11048960,13-09-2021 18:06:30.560,8191,
29-12-2020 20:21:43.576,11048960,13-09-2021 18:06:30.560,8191,
29-12-2020 20:21:43.576,11048960,13-09-2021 18:06:30.560,8191,
29-12-2020 20:21:43.576,11048960,13-09-2021 18:06:30.560,8191,
29-12-2020 20:21:43.576,11048960,13-09-2021 18:06:30.560,8191,
29-12-2020 20:21:43.576,11048960,13-09-2021 18:06:30.560,8191,
29-12-2020 20:21:43.576,11048960,13-09-2021 18:06:30.560,8191,
29-12-2020 20:21:43.576,11048960,13-09-2021 18:06:30.560,8191,
29-12-2020 20:21:43.576,11048960,13-09-2021 18:06:30.560,8191,
29-12-2020 20:21:43.576,11048960,13-09-2021 18:06:30.560,8191,
29-12-2020 20:21:43.576,11048960,13-09-2021 18:06:30.560,8191,
29-12-2020 20:21:43.576,11048960,13-09-2021 18:06:30.560,8191,
29-12-2020 20:21:43.576,11048960,13-09-2021 18:06:30.560,8191,
29-12-2020 20:21:43.576,11048960,13-09-2021 18:06:30.560,8191,
29-12-2020 20:21:43.576,11048960,13-09-2021 18:06:30.560,8191,
29-12-2020 20:21:43.576,11048960,13-09-2021 18:06:30.560,8191,
29-12-2020 20:21:43.576,11048960,13-09-2021 18:06:30.560,8191,
29-12-2020 20:21:43.576,11048960,13-09-2021 18:06:30.560,8191,
29-12-2020 20:21:43.576,11048960,13-09-2021 18:06:30.560,8191,
29-12-2020 20:21:43.576,11048960,13-09-2021 18:06:30.560,8191,
29-12-2020 20:21:43.576,11048960,13-09-2021 18:06:30.560,8191,
29-12-2020 20:21:43.576,11048960,13-09-2021 18:06:30.560,8191,
29-12-2020 20:21:43.576,11048960,13-09-2021 18:06:30.560,8191,
29-12-2020 20:21:43.576,11048960,13-09-2021 18:06:30.560,8191,
29-12-2020 20:21:43.576,11048960,13-09-2021 18:06:30.560,8191,
29-12-2020 20:21:43.576,11048960,13-09-2021 18:06:30.560,8191,
29-12-2020 20:21:43.576,11048960,13-09-2021 18:06:30.560,8191,
29-12-2020 20:21:43.576,11048960,13-09-2021 18:06:30.560,8191,
29-12-2020 20:21:43.576,11048960,13-09-2021 18:06:30.560,8191,
29-12-2020 20:21:43.576,11048960,13-09-2021 18:06:30.560,8191,
29-12-2020 20:21:43.832,11051008,13-09-2021 18:06:30.560,8191,
29-12-2020 20:21:43.832,11051008,13-09-2021 18:06:30.560,8191,
29-12-2020 20:21:43.832,11051008,13-09-2021 18:06:30.560,8191,
29-12-2020 20:21:43.832,11051008,13-09-2021 18:06:30.560,8191,
29-12-2020 20:21:43.832,11051008,13-09-2021 18:06:30.560,8191,
29-12-2020 20:21:43.832,11051008,13-09-2021 18:06:30.560,8191,
29-12-2020 20:21:43.832,11051008,13-09-2021 18:06:30.560,8191,
29-12-2020 20:21:43.832,11051008,13-09-2021 18:06:30.560,8191,
29-12-2020 20:21:43.832,11051008,13-09-2021 18:06:30.560,8191,
29-12-2020 20:21:43.832,11051008,13-09-2021 18:06:30.560,8191,
29-12-2020 20:21:43.832,11051008,13-09-2021 18:06:30.560,8191,
29-12-2020 20:21:43.832,11051008,13-09-2021 18:06:30.560,8191,
29-12-2020 20:21:43.832,11051008,13-09-2021 18:06:30.560,8191,
29-12-2020 20:21:43.832,11051008,13-09-2021 18:06:30.560,8191,
29-12-2020 20:21:43.832,11051008,13-09-2021 18:06:30.560,8191,
29-12-2020 20:21:43.832,11051008,13-09-2021 18:06:30.560,8191,
29-12-2020 20:21:43.832,11051008,13-09-2021 18:06:30.560,8191,
29-12-2020 20:21:43.832,11051008,13-09-2021 18:06:30.560,8191,
29-12-2020 20:21:43.832,11051008,13-09-2021 18:06:30.560,8191,
29-12-2020 20:21:43.832,11051008,13-09-2021 18:06:30.560,8191,
29-12-2020 20:21:43.832,11051008,13-09-2021 18:06:30.560,8191,
29-12-2020 20:21:43.832,11051008,13-09-2021 18:06:30.560,8191,
29-12-2020 20:21:43.832,11051008,13-09-2021 18:06:30.560,8191,
29-12-2020 20:21:43.832,11051008,13-09-2021 18:06:30.560,8191,
29-12-2020 20:21:43.832,11051008,13-09-2021 18:06:30.560,8191,
29-12-2020 20:21:43.832,11051008,13-09-2021 18:06:30.560,8191,
29-12-2020 20:21:43.832,11051008,13-09-2021 18:06:30.560,8191,
29-12-2020 20:21:43.832,11051008,13-09-2021 18:06:30.560,8191,
29-12-2020 20:21:43.832,11051008,13-09-2021 18:06:30.560,8191,
29-12-2020 20:21:43.832,11051008,13-09-2021 18:06:30.560,8191,
29-12-2020 20:21:43.832,11051008,13-09-2021 18:06:30.560,8191,
29-12-2020 20:21:43.832,11051008,13-09-2021 18:06:30.560,8191,
29-12-2020 20:21:43.832,11051008,13-09-2021 18:06:30.560,8191,
29-12-2020 20:21:43.832,11051008,13-09-2021 18:06:30.560,8191,
29-12-2020 20:21:43.832,11051008,13-09-2021 18:06:30.560,8191,
29-12-2020 20:21:43.832,11051008,13-09-2021 18:06:30.560,8191,
29-12-2020 20:21:43.832,11051008,13-09-2021 18:06:30.560,8191,
29-12-2020 20:21:43.832,11051008,13-09-2021 18:06:30.560,8191,
29-12-2020 20:21:43.832,11051008,13-09-2021 18:06:30.560,8191,
29-12-2020 20:21:43.832,11051008,13-09-2021 18:06:30.560,8191,
29-12-2020 20:21:43.832,11051008,13-09-2021 18:06:30.560,8191,
29-12-2020 20:21:43.832,11051008,13-09-2021 18:06:30.560,8191,
29-12-2020 20:21:43.832,11051008,13-09-2021 18:06:30.560,8191,
29-12-2020 20:21:43.832,11051008,13-09-2021 18:06:30.560,8191,
29-12-2020 20:21:43.832,11051008,13-09-2021 18:06:30.560,8191,
29-12-2020 20:21:43.832,11051008,13-09-2021 18:06:30.560,8191,
29-12-2020 20:21:43.832,11051008,13-09-2021 18:06:30.560,8191,
29-12-2020 20:21:43.832,11051008,13-09-2021 18:06:30.560,8191,
29-12-2020 20:21:43.832,11051008,13-09-2021 18:06:30.560,8191,
29-12-2020 20:21:43.832,11051008,13-09-2021 18:06:30.560,8191,
29-12-2020 20:21:43.832,11051008,13-09-2021 18:06:30.560,8191,
29-12-2020 20:21:43.832,11051008,13-09-2021 18:06:30.560,8191,
29-12-2020 20:21:43.832,11051008,13-09-2021 18:06:30.560,8191,
29-12-2020 20:21:43.832,11051008,13-09-2021 18:06:30.560,8191,
29-12-2020 20:21:43.832,11051008,13-09-2021 18:06:30.560,8191,
29-12-2020 20:21:43.832,11051008,13-09-2021 18:06:30.560,8191,
29-12-2020 20:21:43.832,11051008,13-09-2021 18:06:30.560,8191,
29-12-2020 20:21:43.832,11051008,13-09-2021 18:06:30.560,8191,
29-12-2020 20:21:43.832,11051008,13-09-2021 18:06:30.560,8191,
29-12-2020 20:21:43.832,11051008,13-09-2021 18:06:30.560,8191,
29-12-2020 20:21:43.832,11051008,13-09-2021 18:06:30.560,8191,
29-12-2020 20:21:43.832,11051008,13-09-2021 18:06:30.560,8191,
29-12-2020 20:21:43.832,11051008,13-09-2021 18:06:30.560,8191,
29-12-2020 20:21:43.832,11051008,13-09-2021 18:06:30.560,8191,
29-12-2020 20:21:43.832,11051008,13-09-2021 18:06:30.560,8191,
29-12-2020 20:21:43.832,11051008,13-09-2021 18:06:30.560,8191,
29-12-2020 20:21:43.832,11051008,13-09-2021 18:06:30.560,8191,
29-12-2020 20:21:43.832,11051008,13-09-2021 18:06:30.560,8191,
29-12-2020 20:21:43.832,11051008,13-09-2021 18:06:30.560,8191,
29-12-2020 20:21:43.832,11051008,13-09-2021 18:06:30.560,8191,
29-12-2020 20:21:43.832,11051008,13-09-2021 18:06:30.560,8191,
29-12-2020 20:21:43.832,11051008,13-09-2021 18:06:30.560,8191,
29-12-2020 20:21:43.832,11051008,13-09-2021 18:06:30.560,8191,
29-12-2020 20:21:43.832,11051008,13-09-2021 18:06:30.560,8191,
29-12-2020 20:21:43.832,11051008,13-09-2021 18:06:30.560,8191,
29-12-2020 20:21:43.832,11051008,13-09-2021 18:06:30.560,8191,
29-12-2020 20:21:43.832,11051008,13-09-2021 18:06:30.560,8191,
29-12-2020 20:21:43.832,11051008,13-09-2021 18:06:30.560,8191,
29-12-2020 20:21:43.832,11051008,13-09-2021 18:06:30.560,8191,
29-12-2020 20:21:43.832,11051008,13-09-2021 18:06:30.560,8191,
29-12-2020 20:21:43.832,11051008,13-09-2021 18:06:30.560,8191,
29-12-2020 20:21:43.832,11051008,13-09-2021 18:06:30.560,8191,
29-12-2020 20:21:43.832,11051008,13-09-2021 18:06:30.560,8191,
29-12-2020 20:21:43.832,11051008,13-09-2021 18:06:30.560,8191,
29-12-2020 20:21:43.832,11051008,13-09-2021 18:06:30.560,8191,
29-12-2020 20:21:43.832,11051008,13-09-2021 18:06:30.560,8191,
29-12-2020 20:21:43.832,11051008,13-09-2021 18:06:30.560,8191,
29-12-2020 20:21:43.832,11051008,13-09-2021 18:06:30.560,8191,
29-12-2020 20:21:43.832,11051008,13-09-2021 18:06:30.560,8191,
29-12-2020 20:21:43.832,11051008,13-09-2021 18:06:30.560,8191,
29-12-2020 20:21:43.832,11051008,13-09-2021 18:06:30.560,8191,
29-12-2020 20:21:43.832,11051008,13-09-2021 18:06:30.560,8191,
29-12-2020 20:21:43.832,11051008,13-09-2021 18:06:30.560,8191,
29-12-2020 20:21:43.832,11051008,13-09-2021 18:06:30.560,8191,
29-12-2020 20:21:43.832,11051008,13-09-2021 18:06:30.560,8191,
29-12-2020 20:21:43.832,11051008,13-09-2021 18:06:30.560,8191,
29-12-2020 20:21:43.832,11051008,13-09-2021 18:06:30.560,8191,
29-12-2020 20:21:43.832,11051008,13-09-2021 18:06:30.560,8191,
29-12-2020 20:21:43.832,11051008,13-09-2021 18:06:30.560,8191,
29-12-2020 20:21:43.832,11051008,13-09-2021 18:06:30.560,8191,
29-12-2020 20:21:43.832,11051008,13-09-2021 18:06:30.560,8191,
29-12-2020 20:21:43.832,11051008,13-09-2021 18:06:30.560,8191,
29-12-2020 20:21:43.832,11051008,13-09-2021 18:06:30.560,8191,
29-12-2020 20:21:43.832,11051008,13-09-2021 18:06:30.560,8191,
29-12-2020 20:21:43.832,11051008,13-09-2021 18:06:30.560,8191,
29-12-2020 20:21:43.832,11051008,13-09-2021 18:06:30.560,8191,
29-12-2020 20:21:43.832,11051008,13-09-2021 18:06:30.560,8191,
29-12-2020 20:21:43.832,11051008,13-09-2021 18:06:30.560,8191,
29-12-2020 20:21:43.832,11051008,13-09-2021 18:06:30.560,8191,
29-12-2020 20:21:43.832,11051008,13-09-2021 18:06:30.560,8191,
29-12-2020 20:21:43.832,11051008,13-09-2021 18:06:30.560,8191,
29-12-2020 20:21:43.832,11051008,13-09-2021 18:06:30.560,8191,
29-12-2020 20:21:43.832,11051008,13-09-2021 18:06:30.560,8191,
29-12-2020 20:21:43.832,11051008,13-09-2021 18:06:30.560,8191,
29-12-2020 20:21:43.832,11051008,13-09-2021 18:06:30.560,8191,
29-12-2020 20:21:43.832,11051008,13-09-2021 18:06:30.560,8191,
29-12-2020 20:21:43.832,11051008,13-09-2021 18:06:30.560,8191,
29-12-2020 20:21:43.832,11051008,13-09-2021 18:06:30.560,8191,
29-12-2020 20:21:43.832,11051008,13-09-2021 18:06:30.560,8191,
29-12-2020 20:21:43.832,11051008,13-09-2021 18:06:30.560,8191,
29-12-2020 20:21:43.832,11051008,13-09-2021 18:06:30.560,8191,
29-12-2020 20:21:43.832,11051008,13-09-2021 18:06:30.560,8191,
29-12-2020 20:21:43.832,11051008,13-09-2021 18:06:30.560,8191,
29-12-2020 20:21:43.832,11051008,13-09-2021 18:06:30.560,8191,
29-12-2020 20:21:43.832,11051008,13-09-2021 18:06:30.560,8191,
29-12-2020 20:21:43.832,11051008,13-09-2021 18:06:30.560,8191,
29-12-2020 20:21:43.832,11051008,13-09-2021 18:06:30.560,8191,
29-12-2020 20:21:43.832,11051008,13-09-2021 18:06:30.560,8191,
29-12-2020 20:21:44.088,11053056,13-09-2021 18:06:30.560,8191,
29-12-2020 20:21:44.088,11053056,13-09-2021 18:06:30.560,8191,
29-12-2020 20:21:44.088,11053056,13-09-2021 18:06:30.560,8191,
29-12-2020 20:21:44.088,11053056,13-09-2021 18:06:30.560,8191,
29-12-2020 20:21:44.088,11053056,13-09-2021 18:06:30.560,8191,
29-12-2020 20:21:44.088,11053056,13-09-2021 18:06:30.560,8191,
29-12-2020 20:21:44.088,11053056,13-09-2021 18:06:30.560,8191,
29-12-2020 20:21:44.088,11053056,13-09-2021 18:06:30.560,8191,
29-12-2020 20:21:44.088,11053056,13-09-2021 18:06:30.560,8191,
29-12-2020 20:21:44.088,11053056,13-09-2021 18:06:30.560,8191,
29-12-2020 20:21:44.088,11053056,13-09-2021 18:06:30.560,8191,
29-12-2020 20:21:44.088,11053056,13-09-2021 18:06:30.560,8191,
29-12-2020 20:21:44.088,11053056,13-09-2021 18:06:30.560,8191,
29-12-2020 20:21:44.088,11053056,13-09-2021 18:06:30.560,8191,
29-12-2020 20:21:44.088,11053056,13-09-2021 18:06:30.560,8191,
29-12-2020 20:21:44.088,11053056,13-09-2021 18:06:30.560,8191,
29-12-2020 20:21:44.088,11053056,13-09-2021 18:06:30.560,8191,
29-12-2020 20:21:44.088,11053056,13-09-2021 18:06:30.560,8191,
29-12-2020 20:21:44.088,11053056,13-09-2021 18:06:30.560,8191,
29-12-2020 20:21:44.088,11053056,13-09-2021 18:06:30.560,8191,
29-12-2020 20:21:44.088,11053056,13-09-2021 18:06:30.560,8191,
29-12-2020 20:21:44.088,11053056,13-09-2021 18:06:30.560,8191,
29-12-2020 20:21:44.088,11053056,13-09-2021 18:06:30.560,8191,
29-12-2020 20:21:44.088,11053056,13-09-2021 18:06:30.560,8191,
29-12-2020 20:21:44.088,11053056,13-09-2021 18:06:30.560,8191,
29-12-2020 20:21:44.088,11053056,13-09-2021 18:06:30.560,8191,
29-12-2020 20:21:44.088,11053056,13-09-2021 18:06:30.560,8191,
29-12-2020 20:21:44.088,11053056,13-09-2021 18:06:30.560,8191,
29-12-2020 20:21:44.088,11053056,13-09-2021 18:06:30.560,8191,
29-12-2020 20:21:44.088,11053056,13-09-2021 18:06:30.560,8191,
29-12-2020 20:21:44.088,11053056,13-09-2021 18:06:30.560,8191,
29-12-2020 20:21:44.088,11053056,13-09-2021 18:06:30.560,8191,
29-12-2020 20:21:44.088,11053056,13-09-2021 18:06:30.560,8191,
29-12-2020 20:21:44.088,11053056,13-09-2021 18:06:30.560,8191,
29-12-2020 20:21:44.088,11053056,13-09-2021 18:06:30.560,8191,
29-12-2020 20:21:44.088,11053056,13-09-2021 18:06:30.560,8191,
29-12-2020 20:21:44.088,11053056,13-09-2021 18:06:30.560,8191,
29-12-2020 20:21:44.088,11053056,13-09-2021 18:06:30.560,8191,
29-12-2020 20:21:44.088,11053056,13-09-2021 18:06:30.560,8191,
29-12-2020 20:21:44.088,11053056,13-09-2021 18:06:30.560,8191,
29-12-2020 20:21:44.088,11053056,13-09-2021 18:06:30.560,8191,
29-12-2020 20:21:44.088,11053056,13-09-2021 18:06:30.560,8191,
29-12-2020 20:21:44.088,11053056,13-09-2021 18:06:30.560,8191,
29-12-2020 20:21:44.088,11053056,13-09-2021 18:06:30.560,8191,
29-12-2020 20:21:44.088,11053056,13-09-2021 18:06:30.560,8191,
29-12-2020 20:21:44.088,11053056,13-09-2021 18:06:30.560,8191,
29-12-2020 20:21:44.088,11053056,13-09-2021 18:06:30.560,8191,
29-12-2020 20:21:44.088,11053056,13-09-2021 18:06:30.560,8191,
29-12-2020 20:21:44.088,11053056,13-09-2021 18:06:30.560,8191,
29-12-2020 20:21:44.088,11053056,13-09-2021 18:06:30.560,8191,
29-12-2020 20:21:44.088,11053056,13-09-2021 18:06:30.560,8191,
29-12-2020 20:21:44.088,11053056,13-09-2021 18:06:30.560,8191,
29-12-2020 20:21:44.088,11053056,13-09-2021 18:06:30.560,8191,
29-12-2020 20:21:44.088,11053056,13-09-2021 18:06:30.560,8191,
29-12-2020 20:21:44.088,11053056,13-09-2021 18:06:30.560,8191,
29-12-2020 20:21:44.088,11053056,13-09-2021 18:06:30.560,8191,
29-12-2020 20:21:44.088,11053056,13-09-2021 18:06:30.560,8191,
29-12-2020 20:21:44.088,11053056,13-09-2021 18:06:30.560,8191,
29-12-2020 20:21:44.088,11053056,13-09-2021 18:06:30.560,8191,
29-12-2020 20:21:44.088,11053056,13-09-2021 18:06:30.560,8191,
29-12-2020 20:21:44.088,11053056,13-09-2021 18:06:30.560,8191,
29-12-2020 20:21:44.088,11053056,13-09-2021 18:06:30.560,8191,
29-12-2020 20:21:44.088,11053056,13-09-2021 18:06:30.560,8191,
29-12-2020 20:21:44.088,11053056,13-09-2021 18:06:30.560,8191,
29-12-2020 20:21:44.088,11053056,13-09-2021 18:06:30.560,8191,
29-12-2020 20:21:44.088,11053056,13-09-2021 18:06:30.560,8191,
29-12-2020 20:21:44.088,11053056,13-09-2021 18:06:30.560,8191,
29-12-2020 20:21:44.088,11053056,13-09-2021 18:06:30.560,8191,
29-12-2020 20:21:44.088,11053056,13-09-2021 18:06:30.560,8191,
29-12-2020 20:21:44.088,11053056,13-09-2021 18:06:30.560,8191,
29-12-2020 20:21:44.088,11053056,13-09-2021 18:06:30.560,8191,
29-12-2020 20:21:44.088,11053056,13-09-2021 18:06:30.560,8191,
29-12-2020 20:21:44.088,11053056,13-09-2021 18:06:30.560,8191,
29-12-2020 20:21:44.088,11053056,13-09-2021 18:06:30.560,8191,
29-12-2020 20:21:44.088,11053056,13-09-2021 18:06:30.560,8191,
29-12-2020 20:21:44.088,11053056,13-09-2021 18:06:30.560,8191,
29-12-2020 20:21:44.088,11053056,13-09-2021 18:06:30.560,8191,
29-12-2020 20:21:44.088,11053056,13-09-2021 18:06:30.560,8191,
29-12-2020 20:21:44.088,11053056,13-09-2021 18:06:30.560,8191,
29-12-2020 20:21:44.088,11053056,13-09-2021 18:06:30.560,8191,
29-12-2020 20:21:44.088,11053056,13-09-2021 18:06:30.560,8191,
29-12-2020 20:21:44.088,11053056,13-09-2021 18:06:30.560,8191,
29-12-2020 20:21:44.088,11053056,13-09-2021 18:06:30.560,8191,
29-12-2020 20:21:44.088,11053056,13-09-2021 18:06:30.560,8191,
29-12-2020 20:21:44.088,11053056,13-09-2021 18:06:30.560,8191,
29-12-2020 20:21:44.088,11053056,13-09-2021 18:06:30.560,8191,
29-12-2020 20:21:44.088,11053056,13-09-2021 18:06:30.560,8191,
29-12-2020 20:21:44.088,11053056,13-09-2021 18:06:30.560,8191,
29-12-2020 20:21:44.088,11053056,13-09-2021 18:06:30.560,8191,
29-12-2020 20:21:44.088,11053056,13-09-2021 18:06:30.560,8191,
29-12-2020 20:21:44.088,11053056,13-09-2021 18:06:30.560,8191,
29-12-2020 20:21:44.088,11053056,13-09-2021 18:06:30.560,8191,
29-12-2020 20:21:44.088,11053056,13-09-2021 18:06:30.560,8191,
29-12-2020 20:21:44.088,11053056,13-09-2021 18:06:30.560,8191,
29-12-2020 20:21:44.088,11053056,13-09-2021 18:06:30.560,8191,
29-12-2020 20:21:44.088,11053056,13-09-2021 18:06:30.560,8191,
29-12-2020 20:21:44.088,11053056,13-09-2021 18:06:30.560,8191,
29-12-2020 20:21:44.088,11053056,13-09-2021 18:06:30.560,8191,
29-12-2020 20:21:44.088,11053056,13-09-2021 18:06:30.560,8191,
29-12-2020 20:21:44.088,11053056,13-09-2021 18:06:30.560,8191,
29-12-2020 20:21:44.088,11053056,13-09-2021 18:06:30.560,8191,
29-12-2020 20:21:44.088,11053056,13-09-2021 18:06:30.560,8191,
29-12-2020 20:21:44.088,11053056,13-09-2021 18:06:30.560,8191,
29-12-2020 20:21:44.088,11053056,13-09-2021 18:06:30.560,8191,
29-12-2020 20:21:44.088,11053056,13-09-2021 18:06:30.560,8191,
29-12-2020 20:21:44.088,11053056,13-09-2021 18:06:30.560,8191,
29-12-2020 20:21:44.088,11053056,13-09-2021 18:06:30.560,8191,
29-12-2020 20:21:44.088,11053056,13-09-2021 18:06:30.560,8191,
29-12-2020 20:21:44.088,11053056,13-09-2021 18:06:30.560,8191,
29-12-2020 20:21:44.088,11053056,13-09-2021 18:06:30.560,8191,
29-12-2020 20:21:44.088,11053056,13-09-2021 18:06:30.560,8191,
29-12-2020 20:21:44.088,11053056,13-09-2021 18:06:30.560,8191,
29-12-2020 20:21:44.088,11053056,13-09-2021 18:06:30.560,8191,
29-12-2020 20:21:44.088,11053056,13-09-2021 18:06:30.560,8191,
29-12-2020 20:21:44.088,11053056,13-09-2021 18:06:30.560,8191,
29-12-2020 20:21:44.088,11053056,13-09-2021 18:06:30.560,8191,
29-12-2020 20:21:44.088,11053056,13-09-2021 18:06:30.560,8191,
29-12-2020 20:21:44.088,11053056,13-09-2021 18:06:30.560,8191,
29-12-2020 20:21:44.088,11053056,13-09-2021 18:06:30.560,8191,
29-12-2020 20:21:44.088,11053056,13-09-2021 18:06:30.560,8191,
29-12-2020 20:21:44.088,11053056,13-09-2021 18:06:30.560,8191,
29-12-2020 20:21:44.088,11053056,13-09-2021 18:06:30.560,8191,
29-12-2020 20:21:44.088,11053056,13-09-2021 18:06:30.560,8191,
29-12-2020 20:21:44.088,11053056,13-09-2021 18:06:30.560,8191,
29-12-2020 20:21:44.088,11053056,13-09-2021 18:06:30.560,8191,
29-12-2020 20:21:44.088,11053056,13-09-2021 18:06:30.560,8191,
29-12-2020 20:21:44.088,11053056,13-09-2021 18:06:30.560,8191,
29-12-2020 20:21:44.088,11053056,13-09-2021 18:06:30.560,8191,
29-12-2020 20:21:44.344,11055104,13-09-2021 18:06:31.591,8191,
29-12-2020 20:21:44.344,11055104,13-09-2021 18:06:31.591,8191,
29-12-2020 20:21:44.344,11055104,13-09-2021 18:06:31.591,8191,
29-12-2020 20:21:44.344,11055104,13-09-2021 18:06:31.591,8191,
29-12-2020 20:21:44.344,11055104,13-09-2021 18:06:31.591,8191,
29-12-2020 20:21:44.344,11055104,13-09-2021 18:06:31.591,8191,
29-12-2020 20:21:44.344,11055104,13-09-2021 18:06:31.591,8191,
29-12-2020 20:21:44.344,11055104,13-09-2021 18:06:31.591,8191,
29-12-2020 20:21:44.344,11055104,13-09-2021 18:06:31.591,8191,
29-12-2020 20:21:44.344,11055104,13-09-2021 18:06:31.591,8191,
29-12-2020 20:21:44.344,11055104,13-09-2021 18:06:31.591,8191,
29-12-2020 20:21:44.344,11055104,13-09-2021 18:06:31.591,8191,
29-12-2020 20:21:44.344,11055104,13-09-2021 18:06:31.591,8191,
29-12-2020 20:21:44.344,11055104,13-09-2021 18:06:31.591,8191,
29-12-2020 20:21:44.344,11055104,13-09-2021 18:06:31.591,8191,
29-12-2020 20:21:44.344,11055104,13-09-2021 18:06:31.591,8191,
29-12-2020 20:21:44.344,11055104,13-09-2021 18:06:31.591,8191,
29-12-2020 20:21:44.344,11055104,13-09-2021 18:06:31.591,8191,
29-12-2020 20:21:44.344,11055104,13-09-2021 18:06:31.591,8191,
29-12-2020 20:21:44.344,11055104,13-09-2021 18:06:31.591,8191,
29-12-2020 20:21:44.344,11055104,13-09-2021 18:06:31.591,8191,
29-12-2020 20:21:44.344,11055104,13-09-2021 18:06:31.591,8191,
29-12-2020 20:21:44.344,11055104,13-09-2021 18:06:31.591,8191,
29-12-2020 20:21:44.344,11055104,13-09-2021 18:06:31.591,8191,
29-12-2020 20:21:44.344,11055104,13-09-2021 18:06:31.591,8191,
29-12-2020 20:21:44.344,11055104,13-09-2021 18:06:31.591,8191,
29-12-2020 20:21:44.344,11055104,13-09-2021 18:06:31.591,8191,
29-12-2020 20:21:44.344,11055104,13-09-2021 18:06:31.591,8191,
29-12-2020 20:21:44.344,11055104,13-09-2021 18:06:31.591,8191,
29-12-2020 20:21:44.344,11055104,13-09-2021 18:06:31.591,8191,
29-12-2020 20:21:44.344,11055104,13-09-2021 18:06:31.591,8191,
29-12-2020 20:21:44.344,11055104,13-09-2021 18:06:31.591,8191,
29-12-2020 20:21:44.344,11055104,13-09-2021 18:06:31.591,8191,
29-12-2020 20:21:44.344,11055104,13-09-2021 18:06:31.591,8191,
29-12-2020 20:21:44.344,11055104,13-09-2021 18:06:31.591,8191,
29-12-2020 20:21:44.344,11055104,13-09-2021 18:06:31.591,8191,
29-12-2020 20:21:44.344,11055104,13-09-2021 18:06:31.591,8191,
29-12-2020 20:21:44.344,11055104,13-09-2021 18:06:31.591,8191,
29-12-2020 20:21:44.344,11055104,13-09-2021 18:06:31.591,8191,
29-12-2020 20:21:44.344,11055104,13-09-2021 18:06:31.591,8191,
29-12-2020 20:21:44.344,11055104,13-09-2021 18:06:31.591,8191,
29-12-2020 20:21:44.344,11055104,13-09-2021 18:06:31.591,8191,
29-12-2020 20:21:44.344,11055104,13-09-2021 18:06:31.591,8191,
29-12-2020 20:21:44.344,11055104,13-09-2021 18:06:31.591,8191,
29-12-2020 20:21:44.344,11055104,13-09-2021 18:06:31.591,8191,
29-12-2020 20:21:44.344,11055104,13-09-2021 18:06:31.591,8191,
29-12-2020 20:21:44.344,11055104,13-09-2021 18:06:31.591,8191,
29-12-2020 20:21:44.344,11055104,13-09-2021 18:06:31.591,8191,
29-12-2020 20:21:44.344,11055104,13-09-2021 18:06:31.591,8191,
29-12-2020 20:21:44.344,11055104,13-09-2021 18:06:31.591,8191,
29-12-2020 20:21:44.344,11055104,13-09-2021 18:06:31.591,8191,
29-12-2020 20:21:44.344,11055104,13-09-2021 18:06:31.591,8191,
29-12-2020 20:21:44.344,11055104,13-09-2021 18:06:31.591,8191,
29-12-2020 20:21:44.344,11055104,13-09-2021 18:06:31.591,8191,
29-12-2020 20:21:44.344,11055104,13-09-2021 18:06:31.591,8191,
29-12-2020 20:21:44.344,11055104,13-09-2021 18:06:31.591,8191,
29-12-2020 20:21:44.344,11055104,13-09-2021 18:06:31.591,8191,
29-12-2020 20:21:44.344,11055104,13-09-2021 18:06:31.591,8191,
29-12-2020 20:21:44.344,11055104,13-09-2021 18:06:31.591,8191,
29-12-2020 20:21:44.344,11055104,13-09-2021 18:06:31.591,8191,
29-12-2020 20:21:44.344,11055104,13-09-2021 18:06:31.591,8191,
29-12-2020 20:21:44.344,11055104,13-09-2021 18:06:31.591,8191,
29-12-2020 20:21:44.344,11055104,13-09-2021 18:06:31.591,8191,
29-12-2020 20:21:44.344,11055104,13-09-2021 18:06:31.591,8191,
29-12-2020 20:21:44.344,11055104,13-09-2021 18:06:31.591,8191,
29-12-2020 20:21:44.344,11055104,13-09-2021 18:06:31.591,8191,
29-12-2020 20:21:44.344,11055104,13-09-2021 18:06:31.591,8191,
29-12-2020 20:21:44.344,11055104,13-09-2021 18:06:31.591,8191,
29-12-2020 20:21:44.344,11055104,13-09-2021 18:06:31.591,8191,
29-12-2020 20:21:44.344,11055104,13-09-2021 18:06:31.591,8191,
29-12-2020 20:21:44.344,11055104,13-09-2021 18:06:31.591,8191,
29-12-2020 20:21:44.344,11055104,13-09-2021 18:06:31.591,8191,
29-12-2020 20:21:44.344,11055104,13-09-2021 18:06:31.591,8191,
29-12-2020 20:21:44.344,11055104,13-09-2021 18:06:31.591,8191,
29-12-2020 20:21:44.344,11055104,13-09-2021 18:06:31.591,8191,
29-12-2020 20:21:44.344,11055104,13-09-2021 18:06:31.591,8191,
29-12-2020 20:21:44.344,11055104,13-09-2021 18:06:31.591,8191,
29-12-2020 20:21:44.344,11055104,13-09-2021 18:06:31.591,8191,
29-12-2020 20:21:44.344,11055104,13-09-2021 18:06:31.591,8191,
29-12-2020 20:21:44.344,11055104,13-09-2021 18:06:31.591,8191,
29-12-2020 20:21:44.344,11055104,13-09-2021 18:06:31.591,8191,
29-12-2020 20:21:44.344,11055104,13-09-2021 18:06:31.591,8191,
29-12-2020 20:21:44.344,11055104,13-09-2021 18:06:31.591,8191,
29-12-2020 20:21:44.344,11055104,13-09-2021 18:06:31.591,8191,
29-12-2020 20:21:44.344,11055104,13-09-2021 18:06:31.591,8191,
29-12-2020 20:21:44.344,11055104,13-09-2021 18:06:31.591,8191,
29-12-2020 20:21:44.344,11055104,13-09-2021 18:06:31.591,8191,
29-12-2020 20:21:44.344,11055104,13-09-2021 18:06:31.591,8191,
29-12-2020 20:21:44.344,11055104,13-09-2021 18:06:31.591,8191,
29-12-2020 20:21:44.344,11055104,13-09-2021 18:06:31.591,8191,
29-12-2020 20:21:44.344,11055104,13-09-2021 18:06:31.591,8191,
29-12-2020 20:21:44.344,11055104,13-09-2021 18:06:31.591,8191,
29-12-2020 20:21:44.344,11055104,13-09-2021 18:06:31.591,8191,
29-12-2020 20:21:44.344,11055104,13-09-2021 18:06:31.591,8191,
29-12-2020 20:21:44.344,11055104,13-09-2021 18:06:31.591,8191,
29-12-2020 20:21:44.344,11055104,13-09-2021 18:06:31.591,8191,
29-12-2020 20:21:44.344,11055104,13-09-2021 18:06:31.591,8191,
29-12-2020 20:21:44.344,11055104,13-09-2021 18:06:31.591,8191,
29-12-2020 20:21:44.344,11055104,13-09-2021 18:06:31.591,8191,
29-12-2020 20:21:44.344,11055104,13-09-2021 18:06:31.591,8191,
29-12-2020 20:21:44.344,11055104,13-09-2021 18:06:31.591,8191,
29-12-2020 20:21:44.344,11055104,13-09-2021 18:06:31.591,8191,
29-12-2020 20:21:44.344,11055104,13-09-2021 18:06:31.591,8191,
29-12-2020 20:21:44.344,11055104,13-09-2021 18:06:31.591,8191,
29-12-2020 20:21:44.344,11055104,13-09-2021 18:06:31.591,8191,
29-12-2020 20:21:44.344,11055104,13-09-2021 18:06:31.591,8191,
29-12-2020 20:21:44.344,11055104,13-09-2021 18:06:31.591,8191,
29-12-2020 20:21:44.344,11055104,13-09-2021 18:06:31.591,8191,
29-12-2020 20:21:44.344,11055104,13-09-2021 18:06:31.591,8191,
29-12-2020 20:21:44.344,11055104,13-09-2021 18:06:31.591,8191,
29-12-2020 20:21:44.344,11055104,13-09-2021 18:06:31.591,8191,
29-12-2020 20:21:44.344,11055104,13-09-2021 18:06:31.591,8191,
29-12-2020 20:21:44.344,11055104,13-09-2021 18:06:31.591,8191,
29-12-2020 20:21:44.344,11055104,13-09-2021 18:06:31.591,8191,
29-12-2020 20:21:44.344,11055104,13-09-2021 18:06:31.591,8191,
29-12-2020 20:21:44.344,11055104,13-09-2021 18:06:31.591,8191,
29-12-2020 20:21:44.344,11055104,13-09-2021 18:06:31.591,8191,
29-12-2020 20:21:44.344,11055104,13-09-2021 18:06:31.591,8191,
29-12-2020 20:21:44.344,11055104,13-09-2021 18:06:31.591,8191,
29-12-2020 20:21:44.344,11055104,13-09-2021 18:06:31.591,8191,
29-12-2020 20:21:44.344,11055104,13-09-2021 18:06:31.591,8191,
29-12-2020 20:21:44.344,11055104,13-09-2021 18:06:31.591,8191,
29-12-2020 20:21:44.344,11055104,13-09-2021 18:06:31.591,8191,
29-12-2020 20:21:44.344,11055104,13-09-2021 18:06:31.591,8191,
29-12-2020 20:21:44.344,11055104,13-09-2021 18:06:31.591,8191,
29-12-2020 20:21:44.344,11055104,13-09-2021 18:06:31.591,8191,
29-12-2020 20:21:44.344,11055104,13-09-2021 18:06:31.591,8191,
29-12-2020 20:21:44.344,11055104,13-09-2021 18:06:31.591,8191,
29-12-2020 20:21:44.600,11057152,13-09-2021 18:06:31.591,8191,
29-12-2020 20:21:44.600,11057152,13-09-2021 18:06:31.591,8191,
29-12-2020 20:21:44.600,11057152,13-09-2021 18:06:31.591,8191,
29-12-2020 20:21:44.600,11057152,13-09-2021 18:06:31.591,8191,
29-12-2020 20:21:44.600,11057152,13-09-2021 18:06:31.591,8191,
29-12-2020 20:21:44.600,11057152,13-09-2021 18:06:31.591,8191,
29-12-2020 20:21:44.600,11057152,13-09-2021 18:06:31.591,8191,
29-12-2020 20:21:44.600,11057152,13-09-2021 18:06:31.591,8191,
29-12-2020 20:21:44.600,11057152,13-09-2021 18:06:31.591,8191,
29-12-2020 20:21:44.600,11057152,13-09-2021 18:06:31.591,8191,
29-12-2020 20:21:44.600,11057152,13-09-2021 18:06:31.591,8191,
29-12-2020 20:21:44.600,11057152,13-09-2021 18:06:31.591,8191,
29-12-2020 20:21:44.600,11057152,13-09-2021 18:06:31.591,8191,
29-12-2020 20:21:44.600,11057152,13-09-2021 18:06:31.591,8191,
29-12-2020 20:21:44.600,11057152,13-09-2021 18:06:31.591,8191,
29-12-2020 20:21:44.600,11057152,13-09-2021 18:06:31.591,8191,
29-12-2020 20:21:44.600,11057152,13-09-2021 18:06:31.591,8191,
29-12-2020 20:21:44.600,11057152,13-09-2021 18:06:31.591,8191,
29-12-2020 20:21:44.600,11057152,13-09-2021 18:06:31.591,8191,
29-12-2020 20:21:44.600,11057152,13-09-2021 18:06:31.591,8191,
29-12-2020 20:21:44.600,11057152,13-09-2021 18:06:31.591,8191,
29-12-2020 20:21:44.600,11057152,13-09-2021 18:06:31.591,8191,
29-12-2020 20:21:44.600,11057152,13-09-2021 18:06:31.591,8191,
29-12-2020 20:21:44.600,11057152,13-09-2021 18:06:31.591,8191,
29-12-2020 20:21:44.600,11057152,13-09-2021 18:06:31.591,8191,
29-12-2020 20:21:44.600,11057152,13-09-2021 18:06:31.591,8191,
29-12-2020 20:21:44.600,11057152,13-09-2021 18:06:31.591,8191,
29-12-2020 20:21:44.600,11057152,13-09-2021 18:06:31.591,8191,
29-12-2020 20:21:44.600,11057152,13-09-2021 18:06:31.591,8191,
29-12-2020 20:21:44.600,11057152,13-09-2021 18:06:31.591,8191,
29-12-2020 20:21:44.600,11057152,13-09-2021 18:06:31.591,8191,
29-12-2020 20:21:44.600,11057152,13-09-2021 18:06:31.591,8191,
29-12-2020 20:21:44.600,11057152,13-09-2021 18:06:31.591,8191,
29-12-2020 20:21:44.600,11057152,13-09-2021 18:06:31.591,8191,
29-12-2020 20:21:44.600,11057152,13-09-2021 18:06:31.591,8191,
29-12-2020 20:21:44.600,11057152,13-09-2021 18:06:31.591,8191,
29-12-2020 20:21:44.600,11057152,13-09-2021 18:06:31.591,8191,
29-12-2020 20:21:44.600,11057152,13-09-2021 18:06:31.591,8191,
29-12-2020 20:21:44.600,11057152,13-09-2021 18:06:31.591,8191,
29-12-2020 20:21:44.600,11057152,13-09-2021 18:06:31.591,8191,
29-12-2020 20:21:44.600,11057152,13-09-2021 18:06:31.591,8191,
29-12-2020 20:21:44.600,11057152,13-09-2021 18:06:31.591,8191,
29-12-2020 20:21:44.600,11057152,13-09-2021 18:06:31.591,8191,
29-12-2020 20:21:44.600,11057152,13-09-2021 18:06:31.591,8191,
29-12-2020 20:21:44.600,11057152,13-09-2021 18:06:31.591,8191,
29-12-2020 20:21:44.600,11057152,13-09-2021 18:06:31.591,8191,
29-12-2020 20:21:44.600,11057152,13-09-2021 18:06:31.591,8191,
29-12-2020 20:21:44.600,11057152,13-09-2021 18:06:31.591,8191,
29-12-2020 20:21:44.600,11057152,13-09-2021 18:06:31.591,8191,
29-12-2020 20:21:44.600,11057152,13-09-2021 18:06:31.591,8191,
29-12-2020 20:21:44.600,11057152,13-09-2021 18:06:31.591,8191,
29-12-2020 20:21:44.600,11057152,13-09-2021 18:06:31.591,8191,
29-12-2020 20:21:44.600,11057152,13-09-2021 18:06:31.591,8191,
29-12-2020 20:21:44.600,11057152,13-09-2021 18:06:31.591,8191,
29-12-2020 20:21:44.600,11057152,13-09-2021 18:06:31.591,8191,
29-12-2020 20:21:44.600,11057152,13-09-2021 18:06:31.591,8191,
29-12-2020 20:21:44.600,11057152,13-09-2021 18:06:31.591,8191,
29-12-2020 20:21:44.600,11057152,13-09-2021 18:06:31.591,8191,
29-12-2020 20:21:44.600,11057152,13-09-2021 18:06:31.591,8191,
29-12-2020 20:21:44.600,11057152,13-09-2021 18:06:31.591,8191,
29-12-2020 20:21:44.600,11057152,13-09-2021 18:06:31.591,8191,
29-12-2020 20:21:44.600,11057152,13-09-2021 18:06:31.591,8191,
29-12-2020 20:21:44.600,11057152,13-09-2021 18:06:31.591,8191,
29-12-2020 20:21:44.600,11057152,13-09-2021 18:06:31.591,8191,
29-12-2020 20:21:44.600,11057152,13-09-2021 18:06:31.591,8191,
29-12-2020 20:21:44.600,11057152,13-09-2021 18:06:31.591,8191,
29-12-2020 20:21:44.600,11057152,13-09-2021 18:06:31.591,8191,
29-12-2020 20:21:44.600,11057152,13-09-2021 18:06:31.591,8191,
29-12-2020 20:21:44.600,11057152,13-09-2021 18:06:31.591,8191,
29-12-2020 20:21:44.600,11057152,13-09-2021 18:06:31.591,8191,
29-12-2020 20:21:44.600,11057152,13-09-2021 18:06:31.591,8191,
29-12-2020 20:21:44.600,11057152,13-09-2021 18:06:31.591,8191,
29-12-2020 20:21:44.600,11057152,13-09-2021 18:06:31.591,8191,
29-12-2020 20:21:44.600,11057152,13-09-2021 18:06:31.591,8191,
29-12-2020 20:21:44.600,11057152,13-09-2021 18:06:31.591,8191,
29-12-2020 20:21:44.600,11057152,13-09-2021 18:06:31.591,8191,
29-12-2020 20:21:44.600,11057152,13-09-2021 18:06:31.591,8191,
29-12-2020 20:21:44.600,11057152,13-09-2021 18:06:31.591,8191,
29-12-2020 20:21:44.600,11057152,13-09-2021 18:06:31.591,8191,
29-12-2020 20:21:44.600,11057152,13-09-2021 18:06:31.591,8191,
29-12-2020 20:21:44.600,11057152,13-09-2021 18:06:31.591,8191,
29-12-2020 20:21:44.600,11057152,13-09-2021 18:06:31.591,8191,
29-12-2020 20:21:44.600,11057152,13-09-2021 18:06:31.591,8191,
29-12-2020 20:21:44.600,11057152,13-09-2021 18:06:31.591,8191,
29-12-2020 20:21:44.600,11057152,13-09-2021 18:06:31.591,8191,
29-12-2020 20:21:44.600,11057152,13-09-2021 18:06:31.591,8191,
29-12-2020 20:21:44.600,11057152,13-09-2021 18:06:31.591,8191,
29-12-2020 20:21:44.600,11057152,13-09-2021 18:06:31.591,8191,
29-12-2020 20:21:44.600,11057152,13-09-2021 18:06:31.591,8191,
29-12-2020 20:21:44.600,11057152,13-09-2021 18:06:31.591,8191,
29-12-2020 20:21:44.600,11057152,13-09-2021 18:06:31.591,8191,
29-12-2020 20:21:44.600,11057152,13-09-2021 18:06:31.591,8191,
29-12-2020 20:21:44.600,11057152,13-09-2021 18:06:31.591,8191,
29-12-2020 20:21:44.600,11057152,13-09-2021 18:06:31.591,8191,
29-12-2020 20:21:44.600,11057152,13-09-2021 18:06:31.591,8191,
29-12-2020 20:21:44.600,11057152,13-09-2021 18:06:31.591,8191,
29-12-2020 20:21:44.600,11057152,13-09-2021 18:06:31.591,8191,
29-12-2020 20:21:44.600,11057152,13-09-2021 18:06:31.591,8191,
29-12-2020 20:21:44.600,11057152,13-09-2021 18:06:31.591,8191,
29-12-2020 20:21:44.600,11057152,13-09-2021 18:06:31.591,8191,
29-12-2020 20:21:44.600,11057152,13-09-2021 18:06:31.591,8191,
29-12-2020 20:21:44.600,11057152,13-09-2021 18:06:31.591,8191,
29-12-2020 20:21:44.600,11057152,13-09-2021 18:06:31.591,8191,
29-12-2020 20:21:44.600,11057152,13-09-2021 18:06:31.591,8191,
29-12-2020 20:21:44.600,11057152,13-09-2021 18:06:31.591,8191,
29-12-2020 20:21:44.600,11057152,13-09-2021 18:06:31.591,8191,
29-12-2020 20:21:44.600,11057152,13-09-2021 18:06:31.591,8191,
29-12-2020 20:21:44.600,11057152,13-09-2021 18:06:31.591,8191,
29-12-2020 20:21:44.600,11057152,13-09-2021 18:06:31.591,8191,
29-12-2020 20:21:44.600,11057152,13-09-2021 18:06:31.591,8191,
29-12-2020 20:21:44.600,11057152,13-09-2021 18:06:31.591,8191,
29-12-2020 20:21:44.600,11057152,13-09-2021 18:06:31.591,8191,
29-12-2020 20:21:44.600,11057152,13-09-2021 18:06:31.591,8191,
29-12-2020 20:21:44.600,11057152,13-09-2021 18:06:31.591,8191,
29-12-2020 20:21:44.600,11057152,13-09-2021 18:06:31.591,8191,
29-12-2020 20:21:44.600,11057152,13-09-2021 18:06:31.591,8191,
29-12-2020 20:21:44.600,11057152,13-09-2021 18:06:31.591,8191,
29-12-2020 20:21:44.600,11057152,13-09-2021 18:06:31.591,8191,
29-12-2020 20:21:44.600,11057152,13-09-2021 18:06:31.591,8191,
29-12-2020 20:21:44.600,11057152,13-09-2021 18:06:31.591,8191,
29-12-2020 20:21:44.600,11057152,13-09-2021 18:06:31.591,8191,
29-12-2020 20:21:44.600,11057152,13-09-2021 18:06:31.591,8191,
29-12-2020 20:21:44.600,11057152,13-09-2021 18:06:31.591,8191,
29-12-2020 20:21:44.600,11057152,13-09-2021 18:06:31.591,8191,
29-12-2020 20:21:44.600,11057152,13-09-2021 18:06:31.591,8191,
29-12-2020 20:21:44.600,11057152,13-09-2021 18:06:31.591,8191,
29-12-2020 20:21:44.600,11057152,13-09-2021 18:06:31.591,8191,
29-12-2020 20:21:44.600,11057152,13-09-2021 18:06:31.591,8191,
29-12-2020 20:21:44.856,11059200,13-09-2021 18:06:31.591,8191,
29-12-2020 20:21:44.856,11059200,13-09-2021 18:06:31.591,8191,
29-12-2020 20:21:44.856,11059200,13-09-2021 18:06:31.591,8191,
29-12-2020 20:21:44.856,11059200,13-09-2021 18:06:31.591,8191,
29-12-2020 20:21:44.856,11059200,13-09-2021 18:06:31.591,8191,
29-12-2020 20:21:44.856,11059200,13-09-2021 18:06:31.591,8191,
29-12-2020 20:21:44.856,11059200,13-09-2021 18:06:31.591,8191,
29-12-2020 20:21:44.856,11059200,13-09-2021 18:06:31.591,8191,
29-12-2020 20:21:44.856,11059200,13-09-2021 18:06:31.591,8191,
29-12-2020 20:21:44.856,11059200,13-09-2021 18:06:31.591,8191,
29-12-2020 20:21:44.856,11059200,13-09-2021 18:06:31.591,8191,
29-12-2020 20:21:44.856,11059200,13-09-2021 18:06:31.591,8191,
29-12-2020 20:21:44.856,11059200,13-09-2021 18:06:31.591,8191,
29-12-2020 20:21:44.856,11059200,13-09-2021 18:06:31.591,8191,
29-12-2020 20:21:44.856,11059200,13-09-2021 18:06:31.591,8191,
29-12-2020 20:21:44.856,11059200,13-09-2021 18:06:31.591,8191,
29-12-2020 20:21:44.856,11059200,13-09-2021 18:06:31.591,8191,
29-12-2020 20:21:44.856,11059200,13-09-2021 18:06:31.591,8191,
29-12-2020 20:21:44.856,11059200,13-09-2021 18:06:31.591,8191,
29-12-2020 20:21:44.856,11059200,13-09-2021 18:06:31.591,8191,
29-12-2020 20:21:44.856,11059200,13-09-2021 18:06:31.591,8191,
29-12-2020 20:21:44.856,11059200,13-09-2021 18:06:31.591,8191,
29-12-2020 20:21:44.856,11059200,13-09-2021 18:06:31.591,8191,
29-12-2020 20:21:44.856,11059200,13-09-2021 18:06:31.591,8191,
29-12-2020 20:21:44.856,11059200,13-09-2021 18:06:31.591,8191,
29-12-2020 20:21:44.856,11059200,13-09-2021 18:06:31.591,8191,
29-12-2020 20:21:44.856,11059200,13-09-2021 18:06:31.591,8191,
29-12-2020 20:21:44.856,11059200,13-09-2021 18:06:31.591,8191,
29-12-2020 20:21:44.856,11059200,13-09-2021 18:06:31.591,8191,
29-12-2020 20:21:44.856,11059200,13-09-2021 18:06:31.591,8191,
29-12-2020 20:21:44.856,11059200,13-09-2021 18:06:31.591,8191,
29-12-2020 20:21:44.856,11059200,13-09-2021 18:06:31.591,8191,
29-12-2020 20:21:44.856,11059200,13-09-2021 18:06:31.591,8191,
29-12-2020 20:21:44.856,11059200,13-09-2021 18:06:31.591,8191,
29-12-2020 20:21:44.856,11059200,13-09-2021 18:06:31.591,8191,
29-12-2020 20:21:44.856,11059200,13-09-2021 18:06:31.591,8191,
29-12-2020 20:21:44.856,11059200,13-09-2021 18:06:31.591,8191,
29-12-2020 20:21:44.856,11059200,13-09-2021 18:06:31.591,8191,
29-12-2020 20:21:44.856,11059200,13-09-2021 18:06:31.591,8191,
29-12-2020 20:21:44.856,11059200,13-09-2021 18:06:31.591,8191,
29-12-2020 20:21:44.856,11059200,13-09-2021 18:06:31.591,8191,
29-12-2020 20:21:44.856,11059200,13-09-2021 18:06:31.591,8191,
29-12-2020 20:21:44.856,11059200,13-09-2021 18:06:31.591,8191,
29-12-2020 20:21:44.856,11059200,13-09-2021 18:06:31.591,8191,
29-12-2020 20:21:44.856,11059200,13-09-2021 18:06:31.591,8191,
29-12-2020 20:21:44.856,11059200,13-09-2021 18:06:31.591,8191,
29-12-2020 20:21:44.856,11059200,13-09-2021 18:06:31.591,8191,
29-12-2020 20:21:44.856,11059200,13-09-2021 18:06:31.591,8191,
29-12-2020 20:21:44.856,11059200,13-09-2021 18:06:31.591,8191,
29-12-2020 20:21:44.856,11059200,13-09-2021 18:06:31.591,8191,
29-12-2020 20:21:44.856,11059200,13-09-2021 18:06:31.591,8191,
29-12-2020 20:21:44.856,11059200,13-09-2021 18:06:31.591,8191,
29-12-2020 20:21:44.856,11059200,13-09-2021 18:06:31.591,8191,
29-12-2020 20:21:44.856,11059200,13-09-2021 18:06:31.591,8191,
29-12-2020 20:21:44.856,11059200,13-09-2021 18:06:31.591,8191,
29-12-2020 20:21:44.856,11059200,13-09-2021 18:06:31.591,8191,
29-12-2020 20:21:44.856,11059200,13-09-2021 18:06:31.591,8191,
29-12-2020 20:21:44.856,11059200,13-09-2021 18:06:31.591,8191,
29-12-2020 20:21:44.856,11059200,13-09-2021 18:06:31.591,8191,
29-12-2020 20:21:44.856,11059200,13-09-2021 18:06:31.591,8191,
29-12-2020 20:21:44.856,11059200,13-09-2021 18:06:31.591,8191,
29-12-2020 20:21:44.856,11059200,13-09-2021 18:06:31.591,8191,
29-12-2020 20:21:44.856,11059200,13-09-2021 18:06:31.591,8191,
29-12-2020 20:21:44.856,11059200,13-09-2021 18:06:31.591,8191,
29-12-2020 20:21:44.856,11059200,13-09-2021 18:06:31.591,8191,
29-12-2020 20:21:44.856,11059200,13-09-2021 18:06:31.591,8191,
29-12-2020 20:21:44.856,11059200,13-09-2021 18:06:31.591,8191,
29-12-2020 20:21:44.856,11059200,13-09-2021 18:06:31.591,8191,
29-12-2020 20:21:44.856,11059200,13-09-2021 18:06:31.591,8191,
29-12-2020 20:21:44.856,11059200,13-09-2021 18:06:31.591,8191,
29-12-2020 20:21:44.856,11059200,13-09-2021 18:06:31.591,8191,
29-12-2020 20:21:44.856,11059200,13-09-2021 18:06:31.591,8191,
29-12-2020 20:21:44.856,11059200,13-09-2021 18:06:31.591,8191,
29-12-2020 20:21:44.856,11059200,13-09-2021 18:06:31.591,8191,
29-12-2020 20:21:44.856,11059200,13-09-2021 18:06:31.591,8191,
29-12-2020 20:21:44.856,11059200,13-09-2021 18:06:31.591,8191,
29-12-2020 20:21:44.856,11059200,13-09-2021 18:06:31.591,8191,
29-12-2020 20:21:44.856,11059200,13-09-2021 18:06:31.591,8191,
29-12-2020 20:21:44.856,11059200,13-09-2021 18:06:31.591,8191,
29-12-2020 20:21:44.856,11059200,13-09-2021 18:06:31.591,8191,
29-12-2020 20:21:44.856,11059200,13-09-2021 18:06:31.591,8191,
29-12-2020 20:21:44.856,11059200,13-09-2021 18:06:31.591,8191,
29-12-2020 20:21:44.856,11059200,13-09-2021 18:06:31.591,8191,
29-12-2020 20:21:44.856,11059200,13-09-2021 18:06:31.591,8191,
29-12-2020 20:21:44.856,11059200,13-09-2021 18:06:31.591,8191,
29-12-2020 20:21:44.856,11059200,13-09-2021 18:06:31.591,8191,
29-12-2020 20:21:44.856,11059200,13-09-2021 18:06:31.591,8191,
29-12-2020 20:21:44.856,11059200,13-09-2021 18:06:31.591,8191,
29-12-2020 20:21:44.856,11059200,13-09-2021 18:06:31.591,8191,
29-12-2020 20:21:44.856,11059200,13-09-2021 18:06:31.591,8191,
29-12-2020 20:21:44.856,11059200,13-09-2021 18:06:31.591,8191,
29-12-2020 20:21:44.856,11059200,13-09-2021 18:06:31.591,8191,
29-12-2020 20:21:44.856,11059200,13-09-2021 18:06:31.591,8191,
29-12-2020 20:21:44.856,11059200,13-09-2021 18:06:31.591,8191,
29-12-2020 20:21:44.856,11059200,13-09-2021 18:06:31.591,8191,
29-12-2020 20:21:44.856,11059200,13-09-2021 18:06:31.591,8191,
29-12-2020 20:21:44.856,11059200,13-09-2021 18:06:31.591,8191,
29-12-2020 20:21:44.856,11059200,13-09-2021 18:06:31.591,8191,
29-12-2020 20:21:44.856,11059200,13-09-2021 18:06:31.591,8191,
29-12-2020 20:21:44.856,11059200,13-09-2021 18:06:31.591,8191,
29-12-2020 20:21:44.856,11059200,13-09-2021 18:06:31.591,8191,
29-12-2020 20:21:44.856,11059200,13-09-2021 18:06:31.591,8191,
29-12-2020 20:21:44.856,11059200,13-09-2021 18:06:31.591,8191,
29-12-2020 20:21:44.856,11059200,13-09-2021 18:06:31.591,8191,
29-12-2020 20:21:44.856,11059200,13-09-2021 18:06:31.591,8191,
29-12-2020 20:21:44.856,11059200,13-09-2021 18:06:31.591,8191,
29-12-2020 20:21:44.856,11059200,13-09-2021 18:06:31.591,8191,
29-12-2020 20:21:44.856,11059200,13-09-2021 18:06:31.591,8191,
29-12-2020 20:21:44.856,11059200,13-09-2021 18:06:31.591,8191,
29-12-2020 20:21:44.856,11059200,13-09-2021 18:06:31.591,8191,
29-12-2020 20:21:44.856,11059200,13-09-2021 18:06:31.591,8191,
29-12-2020 20:21:44.856,11059200,13-09-2021 18:06:31.591,8191,
29-12-2020 20:21:44.856,11059200,13-09-2021 18:06:31.591,8191,
29-12-2020 20:21:44.856,11059200,13-09-2021 18:06:31.591,8191,
29-12-2020 20:21:44.856,11059200,13-09-2021 18:06:31.591,8191,
29-12-2020 20:21:44.856,11059200,13-09-2021 18:06:31.591,8191,
29-12-2020 20:21:44.856,11059200,13-09-2021 18:06:31.591,8191,
29-12-2020 20:21:44.856,11059200,13-09-2021 18:06:31.591,8191,
29-12-2020 20:21:44.856,11059200,13-09-2021 18:06:31.591,8191,
29-12-2020 20:21:44.856,11059200,13-09-2021 18:06:31.591,8191,
29-12-2020 20:21:44.856,11059200,13-09-2021 18:06:31.591,8191,
29-12-2020 20:21:44.856,11059200,13-09-2021 18:06:31.591,8191,
29-12-2020 20:21:44.856,11059200,13-09-2021 18:06:31.591,8191,
29-12-2020 20:21:44.856,11059200,13-09-2021 18:06:31.591,8191,
29-12-2020 20:21:44.856,11059200,13-09-2021 18:06:31.591,8191,
29-12-2020 20:21:44.856,11059200,13-09-2021 18:06:31.591,8191,
29-12-2020 20:21:44.856,11059200,13-09-2021 18:06:31.591,8191,
29-12-2020 20:21:44.856,11059200,13-09-2021 18:06:31.591,8191,
29-12-2020 20:21:45.112,11061248,13-09-2021 18:06:31.591,8191,
29-12-2020 20:21:45.112,11061248,13-09-2021 18:06:31.591,8191,
29-12-2020 20:21:45.112,11061248,13-09-2021 18:06:31.591,8191,
29-12-2020 20:21:45.112,11061248,13-09-2021 18:06:31.591,8191,
29-12-2020 20:21:45.112,11061248,13-09-2021 18:06:31.591,8191,
29-12-2020 20:21:45.112,11061248,13-09-2021 18:06:31.591,8191,
29-12-2020 20:21:45.112,11061248,13-09-2021 18:06:31.591,8191,
29-12-2020 20:21:45.112,11061248,13-09-2021 18:06:31.591,8191,
29-12-2020 20:21:45.112,11061248,13-09-2021 18:06:31.591,8191,
29-12-2020 20:21:45.112,11061248,13-09-2021 18:06:31.591,8191,
29-12-2020 20:21:45.112,11061248,13-09-2021 18:06:31.591,8191,
29-12-2020 20:21:45.112,11061248,13-09-2021 18:06:31.591,8191,
29-12-2020 20:21:45.112,11061248,13-09-2021 18:06:31.591,8191,
29-12-2020 20:21:45.112,11061248,13-09-2021 18:06:31.591,8191,
29-12-2020 20:21:45.112,11061248,13-09-2021 18:06:31.591,8191,
29-12-2020 20:21:45.112,11061248,13-09-2021 18:06:31.591,8191,
29-12-2020 20:21:45.112,11061248,13-09-2021 18:06:31.591,8191,
29-12-2020 20:21:45.112,11061248,13-09-2021 18:06:31.591,8191,
29-12-2020 20:21:45.112,11061248,13-09-2021 18:06:31.591,8191,
29-12-2020 20:21:45.112,11061248,13-09-2021 18:06:31.591,8191,
29-12-2020 20:21:45.112,11061248,13-09-2021 18:06:31.591,8191,
29-12-2020 20:21:45.112,11061248,13-09-2021 18:06:31.591,8191,
29-12-2020 20:21:45.112,11061248,13-09-2021 18:06:31.591,8191,
29-12-2020 20:21:45.112,11061248,13-09-2021 18:06:31.591,8191,
29-12-2020 20:21:45.112,11061248,13-09-2021 18:06:31.591,8191,
29-12-2020 20:21:45.112,11061248,13-09-2021 18:06:31.591,8191,
29-12-2020 20:21:45.112,11061248,13-09-2021 18:06:31.591,8191,
29-12-2020 20:21:45.112,11061248,13-09-2021 18:06:31.591,8191,
29-12-2020 20:21:45.112,11061248,13-09-2021 18:06:31.591,8191,
29-12-2020 20:21:45.112,11061248,13-09-2021 18:06:31.591,8191,
29-12-2020 20:21:45.112,11061248,13-09-2021 18:06:31.591,8191,
29-12-2020 20:21:45.112,11061248,13-09-2021 18:06:31.591,8191,
29-12-2020 20:21:45.112,11061248,13-09-2021 18:06:31.591,8191,
29-12-2020 20:21:45.112,11061248,13-09-2021 18:06:31.591,8191,
29-12-2020 20:21:45.112,11061248,13-09-2021 18:06:31.591,8191,
29-12-2020 20:21:45.112,11061248,13-09-2021 18:06:31.591,8191,
29-12-2020 20:21:45.112,11061248,13-09-2021 18:06:31.591,8191,
29-12-2020 20:21:45.112,11061248,13-09-2021 18:06:31.591,8191,
29-12-2020 20:21:45.112,11061248,13-09-2021 18:06:31.591,8191,
29-12-2020 20:21:45.112,11061248,13-09-2021 18:06:31.591,8191,
29-12-2020 20:21:45.112,11061248,13-09-2021 18:06:31.591,8191,
29-12-2020 20:21:45.112,11061248,13-09-2021 18:06:31.591,8191,
29-12-2020 20:21:45.112,11061248,13-09-2021 18:06:31.591,8191,
29-12-2020 20:21:45.112,11061248,13-09-2021 18:06:31.591,8191,
29-12-2020 20:21:45.112,11061248,13-09-2021 18:06:31.591,8191,
29-12-2020 20:21:45.112,11061248,13-09-2021 18:06:31.591,8191,
29-12-2020 20:21:45.112,11061248,13-09-2021 18:06:31.591,8191,
29-12-2020 20:21:45.112,11061248,13-09-2021 18:06:31.591,8191,
29-12-2020 20:21:45.112,11061248,13-09-2021 18:06:31.591,8191,
29-12-2020 20:21:45.112,11061248,13-09-2021 18:06:31.591,8191,
29-12-2020 20:21:45.112,11061248,13-09-2021 18:06:31.591,8191,
29-12-2020 20:21:45.112,11061248,13-09-2021 18:06:31.591,8191,
29-12-2020 20:21:45.112,11061248,13-09-2021 18:06:31.591,8191,
29-12-2020 20:21:45.112,11061248,13-09-2021 18:06:31.591,8191,
29-12-2020 20:21:45.112,11061248,13-09-2021 18:06:31.591,8191,
29-12-2020 20:21:45.112,11061248,13-09-2021 18:06:31.591,8191,
29-12-2020 20:21:45.112,11061248,13-09-2021 18:06:31.591,8191,
29-12-2020 20:21:45.112,11061248,13-09-2021 18:06:31.591,8191,
29-12-2020 20:21:45.112,11061248,13-09-2021 18:06:31.591,8191,
29-12-2020 20:21:45.112,11061248,13-09-2021 18:06:31.591,8191,
29-12-2020 20:21:45.112,11061248,13-09-2021 18:06:31.591,8191,
29-12-2020 20:21:45.112,11061248,13-09-2021 18:06:31.591,8191,
29-12-2020 20:21:45.112,11061248,13-09-2021 18:06:31.591,8191,
29-12-2020 20:21:45.112,11061248,13-09-2021 18:06:31.591,8191,
29-12-2020 20:21:45.112,11061248,13-09-2021 18:06:31.591,8191,
29-12-2020 20:21:45.112,11061248,13-09-2021 18:06:31.591,8191,
29-12-2020 20:21:45.112,11061248,13-09-2021 18:06:31.591,8191,
29-12-2020 20:21:45.112,11061248,13-09-2021 18:06:31.591,8191,
29-12-2020 20:21:45.112,11061248,13-09-2021 18:06:31.591,8191,
29-12-2020 20:21:45.112,11061248,13-09-2021 18:06:31.591,8191,
29-12-2020 20:21:45.112,11061248,13-09-2021 18:06:31.591,8191,
29-12-2020 20:21:45.112,11061248,13-09-2021 18:06:31.591,8191,
29-12-2020 20:21:45.112,11061248,13-09-2021 18:06:31.591,8191,
29-12-2020 20:21:45.112,11061248,13-09-2021 18:06:31.591,8191,
29-12-2020 20:21:45.112,11061248,13-09-2021 18:06:31.591,8191,
29-12-2020 20:21:45.112,11061248,13-09-2021 18:06:31.591,8191,
29-12-2020 20:21:45.112,11061248,13-09-2021 18:06:31.591,8191,
29-12-2020 20:21:45.112,11061248,13-09-2021 18:06:31.591,8191,
29-12-2020 20:21:45.112,11061248,13-09-2021 18:06:31.591,8191,
29-12-2020 20:21:45.112,11061248,13-09-2021 18:06:31.591,8191,
29-12-2020 20:21:45.112,11061248,13-09-2021 18:06:31.591,8191,
29-12-2020 20:21:45.112,11061248,13-09-2021 18:06:31.591,8191,
29-12-2020 20:21:45.112,11061248,13-09-2021 18:06:31.591,8191,
29-12-2020 20:21:45.112,11061248,13-09-2021 18:06:31.591,8191,
29-12-2020 20:21:45.112,11061248,13-09-2021 18:06:31.591,8191,
29-12-2020 20:21:45.112,11061248,13-09-2021 18:06:31.591,8191,
29-12-2020 20:21:45.112,11061248,13-09-2021 18:06:31.591,8191,
29-12-2020 20:21:45.112,11061248,13-09-2021 18:06:31.591,8191,
29-12-2020 20:21:45.112,11061248,13-09-2021 18:06:31.591,8191,
29-12-2020 20:21:45.112,11061248,13-09-2021 18:06:31.591,8191,
29-12-2020 20:21:45.112,11061248,13-09-2021 18:06:31.591,8191,
29-12-2020 20:21:45.112,11061248,13-09-2021 18:06:31.591,8191,
29-12-2020 20:21:45.112,11061248,13-09-2021 18:06:31.591,8191,
29-12-2020 20:21:45.112,11061248,13-09-2021 18:06:31.591,8191,
29-12-2020 20:21:45.112,11061248,13-09-2021 18:06:31.591,8191,
29-12-2020 20:21:45.112,11061248,13-09-2021 18:06:31.591,8191,
29-12-2020 20:21:45.112,11061248,13-09-2021 18:06:31.591,8191,
29-12-2020 20:21:45.112,11061248,13-09-2021 18:06:31.591,8191,
29-12-2020 20:21:45.112,11061248,13-09-2021 18:06:31.591,8191,
29-12-2020 20:21:45.112,11061248,13-09-2021 18:06:31.591,8191,
29-12-2020 20:21:45.112,11061248,13-09-2021 18:06:31.591,8191,
29-12-2020 20:21:45.112,11061248,13-09-2021 18:06:31.591,8191,
29-12-2020 20:21:45.112,11061248,13-09-2021 18:06:31.591,8191,
29-12-2020 20:21:45.112,11061248,13-09-2021 18:06:31.591,8191,
29-12-2020 20:21:45.112,11061248,13-09-2021 18:06:31.591,8191,
29-12-2020 20:21:45.112,11061248,13-09-2021 18:06:31.591,8191,
29-12-2020 20:21:45.112,11061248,13-09-2021 18:06:31.591,8191,
29-12-2020 20:21:45.112,11061248,13-09-2021 18:06:31.591,8191,
29-12-2020 20:21:45.112,11061248,13-09-2021 18:06:31.591,8191,
29-12-2020 20:21:45.112,11061248,13-09-2021 18:06:31.591,8191,
29-12-2020 20:21:45.112,11061248,13-09-2021 18:06:31.591,8191,
29-12-2020 20:21:45.112,11061248,13-09-2021 18:06:31.591,8191,
29-12-2020 20:21:45.112,11061248,13-09-2021 18:06:31.591,8191,
29-12-2020 20:21:45.112,11061248,13-09-2021 18:06:31.591,8191,
29-12-2020 20:21:45.112,11061248,13-09-2021 18:06:31.591,8191,
29-12-2020 20:21:45.112,11061248,13-09-2021 18:06:31.591,8191,
29-12-2020 20:21:45.112,11061248,13-09-2021 18:06:31.591,8191,
29-12-2020 20:21:45.112,11061248,13-09-2021 18:06:31.591,8191,
29-12-2020 20:21:45.112,11061248,13-09-2021 18:06:31.591,8191,
29-12-2020 20:21:45.112,11061248,13-09-2021 18:06:31.591,8191,
29-12-2020 20:21:45.112,11061248,13-09-2021 18:06:31.591,8191,
29-12-2020 20:21:45.112,11061248,13-09-2021 18:06:31.591,8191,
29-12-2020 20:21:45.112,11061248,13-09-2021 18:06:31.591,8191,
29-12-2020 20:21:45.112,11061248,13-09-2021 18:06:31.591,8191,
29-12-2020 20:21:45.112,11061248,13-09-2021 18:06:31.591,8191,
29-12-2020 20:21:45.112,11061248,13-09-2021 18:06:31.591,8191,
29-12-2020 20:21:45.112,11061248,13-09-2021 18:06:31.591,8191,
29-12-2020 20:21:45.112,11061248,13-09-2021 18:06:31.591,8191,
29-12-2020 20:21:45.368,11063296,13-09-2021 18:06:32.607,8191,
29-12-2020 20:21:45.368,11063296,13-09-2021 18:06:32.607,8191,
29-12-2020 20:21:45.368,11063296,13-09-2021 18:06:32.607,8191,
29-12-2020 20:21:45.368,11063296,13-09-2021 18:06:32.607,8191,
29-12-2020 20:21:45.368,11063296,13-09-2021 18:06:32.607,8191,
29-12-2020 20:21:45.368,11063296,13-09-2021 18:06:32.607,8191,
29-12-2020 20:21:45.368,11063296,13-09-2021 18:06:32.607,8191,
29-12-2020 20:21:45.368,11063296,13-09-2021 18:06:32.607,8191,
29-12-2020 20:21:45.368,11063296,13-09-2021 18:06:32.607,8191,
29-12-2020 20:21:45.368,11063296,13-09-2021 18:06:32.607,8191,
29-12-2020 20:21:45.368,11063296,13-09-2021 18:06:32.607,8191,
29-12-2020 20:21:45.368,11063296,13-09-2021 18:06:32.607,8191,
29-12-2020 20:21:45.368,11063296,13-09-2021 18:06:32.607,8191,
29-12-2020 20:21:45.368,11063296,13-09-2021 18:06:32.607,8191,
29-12-2020 20:21:45.368,11063296,13-09-2021 18:06:32.607,8191,
29-12-2020 20:21:45.368,11063296,13-09-2021 18:06:32.607,8191,
29-12-2020 20:21:45.368,11063296,13-09-2021 18:06:32.607,8191,
29-12-2020 20:21:45.368,11063296,13-09-2021 18:06:32.607,8191,
29-12-2020 20:21:45.368,11063296,13-09-2021 18:06:32.607,8191,
29-12-2020 20:21:45.368,11063296,13-09-2021 18:06:32.607,8191,
29-12-2020 20:21:45.368,11063296,13-09-2021 18:06:32.607,8191,
29-12-2020 20:21:45.368,11063296,13-09-2021 18:06:32.607,8191,
29-12-2020 20:21:45.368,11063296,13-09-2021 18:06:32.607,8191,
29-12-2020 20:21:45.368,11063296,13-09-2021 18:06:32.607,8191,
29-12-2020 20:21:45.368,11063296,13-09-2021 18:06:32.607,8191,
29-12-2020 20:21:45.368,11063296,13-09-2021 18:06:32.607,8191,
29-12-2020 20:21:45.368,11063296,13-09-2021 18:06:32.607,8191,
29-12-2020 20:21:45.368,11063296,13-09-2021 18:06:32.607,8191,
29-12-2020 20:21:45.368,11063296,13-09-2021 18:06:32.607,8191,
29-12-2020 20:21:45.368,11063296,13-09-2021 18:06:32.607,8191,
29-12-2020 20:21:45.368,11063296,13-09-2021 18:06:32.607,8191,
29-12-2020 20:21:45.368,11063296,13-09-2021 18:06:32.607,8191,
29-12-2020 20:21:45.368,11063296,13-09-2021 18:06:32.607,8191,
29-12-2020 20:21:45.368,11063296,13-09-2021 18:06:32.607,8191,
29-12-2020 20:21:45.368,11063296,13-09-2021 18:06:32.607,8191,
29-12-2020 20:21:45.368,11063296,13-09-2021 18:06:32.607,8191,
29-12-2020 20:21:45.368,11063296,13-09-2021 18:06:32.607,8191,
29-12-2020 20:21:45.368,11063296,13-09-2021 18:06:32.607,8191,
29-12-2020 20:21:45.368,11063296,13-09-2021 18:06:32.607,8191,
29-12-2020 20:21:45.368,11063296,13-09-2021 18:06:32.607,8191,
29-12-2020 20:21:45.368,11063296,13-09-2021 18:06:32.607,8191,
29-12-2020 20:21:45.368,11063296,13-09-2021 18:06:32.607,8191,
29-12-2020 20:21:45.368,11063296,13-09-2021 18:06:32.607,8191,
29-12-2020 20:21:45.368,11063296,13-09-2021 18:06:32.607,8191,
29-12-2020 20:21:45.368,11063296,13-09-2021 18:06:32.607,8191,
29-12-2020 20:21:45.368,11063296,13-09-2021 18:06:32.607,8191,
29-12-2020 20:21:45.368,11063296,13-09-2021 18:06:32.607,8191,
29-12-2020 20:21:45.368,11063296,13-09-2021 18:06:32.607,8191,
29-12-2020 20:21:45.368,11063296,13-09-2021 18:06:32.607,8191,
29-12-2020 20:21:45.368,11063296,13-09-2021 18:06:32.607,8191,
29-12-2020 20:21:45.368,11063296,13-09-2021 18:06:32.607,8191,
29-12-2020 20:21:45.368,11063296,13-09-2021 18:06:32.607,8191,
29-12-2020 20:21:45.368,11063296,13-09-2021 18:06:32.607,8191,
29-12-2020 20:21:45.368,11063296,13-09-2021 18:06:32.607,8191,
29-12-2020 20:21:45.368,11063296,13-09-2021 18:06:32.607,8191,
29-12-2020 20:21:45.368,11063296,13-09-2021 18:06:32.607,8191,
29-12-2020 20:21:45.368,11063296,13-09-2021 18:06:32.607,8191,
29-12-2020 20:21:45.368,11063296,13-09-2021 18:06:32.607,8191,
29-12-2020 20:21:45.368,11063296,13-09-2021 18:06:32.607,8191,
29-12-2020 20:21:45.368,11063296,13-09-2021 18:06:32.607,8191,
29-12-2020 20:21:45.368,11063296,13-09-2021 18:06:32.607,8191,
29-12-2020 20:21:45.368,11063296,13-09-2021 18:06:32.607,8191,
29-12-2020 20:21:45.368,11063296,13-09-2021 18:06:32.607,8191,
29-12-2020 20:21:45.368,11063296,13-09-2021 18:06:32.607,8191,
29-12-2020 20:21:45.368,11063296,13-09-2021 18:06:32.607,8191,
29-12-2020 20:21:45.368,11063296,13-09-2021 18:06:32.607,8191,
29-12-2020 20:21:45.368,11063296,13-09-2021 18:06:32.607,8191,
29-12-2020 20:21:45.368,11063296,13-09-2021 18:06:32.607,8191,
29-12-2020 20:21:45.368,11063296,13-09-2021 18:06:32.607,8191,
29-12-2020 20:21:45.368,11063296,13-09-2021 18:06:32.607,8191,
29-12-2020 20:21:45.368,11063296,13-09-2021 18:06:32.607,8191,
29-12-2020 20:21:45.368,11063296,13-09-2021 18:06:32.607,8191,
29-12-2020 20:21:45.368,11063296,13-09-2021 18:06:32.607,8191,
29-12-2020 20:21:45.368,11063296,13-09-2021 18:06:32.607,8191,
29-12-2020 20:21:45.368,11063296,13-09-2021 18:06:32.607,8191,
29-12-2020 20:21:45.368,11063296,13-09-2021 18:06:32.607,8191,
29-12-2020 20:21:45.368,11063296,13-09-2021 18:06:32.607,8191,
29-12-2020 20:21:45.368,11063296,13-09-2021 18:06:32.607,8191,
29-12-2020 20:21:45.368,11063296,13-09-2021 18:06:32.607,8191,
29-12-2020 20:21:45.368,11063296,13-09-2021 18:06:32.607,8191,
29-12-2020 20:21:45.368,11063296,13-09-2021 18:06:32.607,8191,
29-12-2020 20:21:45.368,11063296,13-09-2021 18:06:32.607,8191,
29-12-2020 20:21:45.368,11063296,13-09-2021 18:06:32.607,8191,
29-12-2020 20:21:45.368,11063296,13-09-2021 18:06:32.607,8191,
29-12-2020 20:21:45.368,11063296,13-09-2021 18:06:32.607,8191,
29-12-2020 20:21:45.368,11063296,13-09-2021 18:06:32.607,8191,
29-12-2020 20:21:45.368,11063296,13-09-2021 18:06:32.607,8191,
29-12-2020 20:21:45.368,11063296,13-09-2021 18:06:32.607,8191,
29-12-2020 20:21:45.368,11063296,13-09-2021 18:06:32.607,8191,
29-12-2020 20:21:45.368,11063296,13-09-2021 18:06:32.607,8191,
29-12-2020 20:21:45.368,11063296,13-09-2021 18:06:32.607,8191,
29-12-2020 20:21:45.368,11063296,13-09-2021 18:06:32.607,8191,
29-12-2020 20:21:45.368,11063296,13-09-2021 18:06:32.607,8191,
29-12-2020 20:21:45.368,11063296,13-09-2021 18:06:32.607,8191,
29-12-2020 20:21:45.368,11063296,13-09-2021 18:06:32.607,8191,
29-12-2020 20:21:45.368,11063296,13-09-2021 18:06:32.607,8191,
29-12-2020 20:21:45.368,11063296,13-09-2021 18:06:32.607,8191,
29-12-2020 20:21:45.368,11063296,13-09-2021 18:06:32.607,8191,
29-12-2020 20:21:45.368,11063296,13-09-2021 18:06:32.607,8191,
29-12-2020 20:21:45.368,11063296,13-09-2021 18:06:32.607,8191,
29-12-2020 20:21:45.368,11063296,13-09-2021 18:06:32.607,8191,
29-12-2020 20:21:45.368,11063296,13-09-2021 18:06:32.607,8191,
29-12-2020 20:21:45.368,11063296,13-09-2021 18:06:32.607,8191,
29-12-2020 20:21:45.368,11063296,13-09-2021 18:06:32.607,8191,
29-12-2020 20:21:45.368,11063296,13-09-2021 18:06:32.607,8191,
29-12-2020 20:21:45.368,11063296,13-09-2021 18:06:32.607,8191,
29-12-2020 20:21:45.368,11063296,13-09-2021 18:06:32.607,8191,
29-12-2020 20:21:45.368,11063296,13-09-2021 18:06:32.607,8191,
29-12-2020 20:21:45.368,11063296,13-09-2021 18:06:32.607,8191,
29-12-2020 20:21:45.368,11063296,13-09-2021 18:06:32.607,8191,
29-12-2020 20:21:45.368,11063296,13-09-2021 18:06:32.607,8191,
29-12-2020 20:21:45.368,11063296,13-09-2021 18:06:32.607,8191,
29-12-2020 20:21:45.368,11063296,13-09-2021 18:06:32.607,8191,
29-12-2020 20:21:45.368,11063296,13-09-2021 18:06:32.607,8191,
29-12-2020 20:21:45.368,11063296,13-09-2021 18:06:32.607,8191,
29-12-2020 20:21:45.368,11063296,13-09-2021 18:06:32.607,8191,
29-12-2020 20:21:45.368,11063296,13-09-2021 18:06:32.607,8191,
29-12-2020 20:21:45.368,11063296,13-09-2021 18:06:32.607,8191,
29-12-2020 20:21:45.368,11063296,13-09-2021 18:06:32.607,8191,
29-12-2020 20:21:45.368,11063296,13-09-2021 18:06:32.607,8191,
29-12-2020 20:21:45.368,11063296,13-09-2021 18:06:32.607,8191,
29-12-2020 20:21:45.368,11063296,13-09-2021 18:06:32.607,8191,
29-12-2020 20:21:45.368,11063296,13-09-2021 18:06:32.607,8191,
29-12-2020 20:21:45.368,11063296,13-09-2021 18:06:32.607,8191,
29-12-2020 20:21:45.368,11063296,13-09-2021 18:06:32.607,8191,
29-12-2020 20:21:45.368,11063296,13-09-2021 18:06:32.607,8191,
29-12-2020 20:21:45.368,11063296,13-09-2021 18:06:32.607,8191,
29-12-2020 20:21:45.368,11063296,13-09-2021 18:06:32.607,8191,
29-12-2020 20:21:45.624,11065344,13-09-2021 18:06:32.607,8191,
29-12-2020 20:21:45.624,11065344,13-09-2021 18:06:32.607,8191,
29-12-2020 20:21:45.624,11065344,13-09-2021 18:06:32.607,8191,
29-12-2020 20:21:45.624,11065344,13-09-2021 18:06:32.607,8191,
29-12-2020 20:21:45.624,11065344,13-09-2021 18:06:32.607,8191,
29-12-2020 20:21:45.624,11065344,13-09-2021 18:06:32.607,8191,
29-12-2020 20:21:45.624,11065344,13-09-2021 18:06:32.607,8191,
29-12-2020 20:21:45.624,11065344,13-09-2021 18:06:32.607,8191,
29-12-2020 20:21:45.624,11065344,13-09-2021 18:06:32.607,8191,
29-12-2020 20:21:45.624,11065344,13-09-2021 18:06:32.607,8191,
29-12-2020 20:21:45.624,11065344,13-09-2021 18:06:32.607,8191,
29-12-2020 20:21:45.624,11065344,13-09-2021 18:06:32.607,8191,
29-12-2020 20:21:45.624,11065344,13-09-2021 18:06:32.607,8191,
29-12-2020 20:21:45.624,11065344,13-09-2021 18:06:32.607,8191,
29-12-2020 20:21:45.624,11065344,13-09-2021 18:06:32.607,8191,
29-12-2020 20:21:45.624,11065344,13-09-2021 18:06:32.607,8191,
29-12-2020 20:21:45.624,11065344,13-09-2021 18:06:32.607,8191,
29-12-2020 20:21:45.624,11065344,13-09-2021 18:06:32.607,8191,
29-12-2020 20:21:45.624,11065344,13-09-2021 18:06:32.607,8191,
29-12-2020 20:21:45.624,11065344,13-09-2021 18:06:32.607,8191,
29-12-2020 20:21:45.624,11065344,13-09-2021 18:06:32.607,8191,
29-12-2020 20:21:45.624,11065344,13-09-2021 18:06:32.607,8191,
29-12-2020 20:21:45.624,11065344,13-09-2021 18:06:32.607,8191,
29-12-2020 20:21:45.624,11065344,13-09-2021 18:06:32.607,8191,
29-12-2020 20:21:45.624,11065344,13-09-2021 18:06:32.607,8191,
29-12-2020 20:21:45.624,11065344,13-09-2021 18:06:32.607,8191,
29-12-2020 20:21:45.624,11065344,13-09-2021 18:06:32.607,8191,
29-12-2020 20:21:45.624,11065344,13-09-2021 18:06:32.607,8191,
29-12-2020 20:21:45.624,11065344,13-09-2021 18:06:32.607,8191,
29-12-2020 20:21:45.624,11065344,13-09-2021 18:06:32.607,8191,
29-12-2020 20:21:45.624,11065344,13-09-2021 18:06:32.607,8191,
29-12-2020 20:21:45.624,11065344,13-09-2021 18:06:32.607,8191,
29-12-2020 20:21:45.624,11065344,13-09-2021 18:06:32.607,8191,
29-12-2020 20:21:45.624,11065344,13-09-2021 18:06:32.607,8191,
29-12-2020 20:21:45.624,11065344,13-09-2021 18:06:32.607,8191,
29-12-2020 20:21:45.624,11065344,13-09-2021 18:06:32.607,8191,
29-12-2020 20:21:45.624,11065344,13-09-2021 18:06:32.607,8191,
29-12-2020 20:21:45.624,11065344,13-09-2021 18:06:32.607,8191,
29-12-2020 20:21:45.624,11065344,13-09-2021 18:06:32.607,8191,
29-12-2020 20:21:45.624,11065344,13-09-2021 18:06:32.607,8191,
29-12-2020 20:21:45.624,11065344,13-09-2021 18:06:32.607,8191,
29-12-2020 20:21:45.624,11065344,13-09-2021 18:06:32.607,8191,
29-12-2020 20:21:45.624,11065344,13-09-2021 18:06:32.607,8191,
29-12-2020 20:21:45.624,11065344,13-09-2021 18:06:32.607,8191,
29-12-2020 20:21:45.624,11065344,13-09-2021 18:06:32.607,8191,
29-12-2020 20:21:45.624,11065344,13-09-2021 18:06:32.607,8191,
29-12-2020 20:21:45.624,11065344,13-09-2021 18:06:32.607,8191,
29-12-2020 20:21:45.624,11065344,13-09-2021 18:06:32.607,8191,
29-12-2020 20:21:45.624,11065344,13-09-2021 18:06:32.607,8191,
29-12-2020 20:21:45.624,11065344,13-09-2021 18:06:32.607,8191,
29-12-2020 20:21:45.624,11065344,13-09-2021 18:06:32.607,8191,
29-12-2020 20:21:45.624,11065344,13-09-2021 18:06:32.607,8191,
29-12-2020 20:21:45.624,11065344,13-09-2021 18:06:32.607,8191,
29-12-2020 20:21:45.624,11065344,13-09-2021 18:06:32.607,8191,
29-12-2020 20:21:45.624,11065344,13-09-2021 18:06:32.607,8191,
29-12-2020 20:21:45.624,11065344,13-09-2021 18:06:32.607,8191,
29-12-2020 20:21:45.624,11065344,13-09-2021 18:06:32.607,8191,
29-12-2020 20:21:45.624,11065344,13-09-2021 18:06:32.607,8191,
29-12-2020 20:21:45.624,11065344,13-09-2021 18:06:32.607,8191,
29-12-2020 20:21:45.624,11065344,13-09-2021 18:06:32.607,8191,
29-12-2020 20:21:45.624,11065344,13-09-2021 18:06:32.607,8191,
29-12-2020 20:21:45.624,11065344,13-09-2021 18:06:32.607,8191,
29-12-2020 20:21:45.624,11065344,13-09-2021 18:06:32.607,8191,
29-12-2020 20:21:45.624,11065344,13-09-2021 18:06:32.607,8191,
29-12-2020 20:21:45.624,11065344,13-09-2021 18:06:32.607,8191,
29-12-2020 20:21:45.624,11065344,13-09-2021 18:06:32.607,8191,
29-12-2020 20:21:45.624,11065344,13-09-2021 18:06:32.607,8191,
29-12-2020 20:21:45.624,11065344,13-09-2021 18:06:32.607,8191,
29-12-2020 20:21:45.624,11065344,13-09-2021 18:06:32.607,8191,
29-12-2020 20:21:45.624,11065344,13-09-2021 18:06:32.607,8191,
29-12-2020 20:21:45.624,11065344,13-09-2021 18:06:32.607,8191,
29-12-2020 20:21:45.624,11065344,13-09-2021 18:06:32.607,8191,
29-12-2020 20:21:45.624,11065344,13-09-2021 18:06:32.607,8191,
29-12-2020 20:21:45.624,11065344,13-09-2021 18:06:32.607,8191,
29-12-2020 20:21:45.624,11065344,13-09-2021 18:06:32.607,8191,
29-12-2020 20:21:45.624,11065344,13-09-2021 18:06:32.607,8191,
29-12-2020 20:21:45.624,11065344,13-09-2021 18:06:32.607,8191,
29-12-2020 20:21:45.624,11065344,13-09-2021 18:06:32.607,8191,
29-12-2020 20:21:45.624,11065344,13-09-2021 18:06:32.607,8191,
29-12-2020 20:21:45.624,11065344,13-09-2021 18:06:32.607,8191,
29-12-2020 20:21:45.624,11065344,13-09-2021 18:06:32.607,8191,
29-12-2020 20:21:45.624,11065344,13-09-2021 18:06:32.607,8191,
29-12-2020 20:21:45.624,11065344,13-09-2021 18:06:32.607,8191,
29-12-2020 20:21:45.624,11065344,13-09-2021 18:06:32.607,8191,
29-12-2020 20:21:45.624,11065344,13-09-2021 18:06:32.607,8191,
29-12-2020 20:21:45.624,11065344,13-09-2021 18:06:32.607,8191,
29-12-2020 20:21:45.624,11065344,13-09-2021 18:06:32.607,8191,
29-12-2020 20:21:45.624,11065344,13-09-2021 18:06:32.607,8191,
29-12-2020 20:21:45.624,11065344,13-09-2021 18:06:32.607,8191,
29-12-2020 20:21:45.624,11065344,13-09-2021 18:06:32.607,8191,
29-12-2020 20:21:45.624,11065344,13-09-2021 18:06:32.607,8191,
29-12-2020 20:21:45.624,11065344,13-09-2021 18:06:32.607,8191,
29-12-2020 20:21:45.624,11065344,13-09-2021 18:06:32.607,8191,
29-12-2020 20:21:45.624,11065344,13-09-2021 18:06:32.607,8191,
29-12-2020 20:21:45.624,11065344,13-09-2021 18:06:32.607,8191,
29-12-2020 20:21:45.624,11065344,13-09-2021 18:06:32.607,8191,
29-12-2020 20:21:45.624,11065344,13-09-2021 18:06:32.607,8191,
29-12-2020 20:21:45.624,11065344,13-09-2021 18:06:32.607,8191,
29-12-2020 20:21:45.624,11065344,13-09-2021 18:06:32.607,8191,
29-12-2020 20:21:45.624,11065344,13-09-2021 18:06:32.607,8191,
29-12-2020 20:21:45.624,11065344,13-09-2021 18:06:32.607,8191,
29-12-2020 20:21:45.624,11065344,13-09-2021 18:06:32.607,8191,
29-12-2020 20:21:45.624,11065344,13-09-2021 18:06:32.607,8191,
29-12-2020 20:21:45.624,11065344,13-09-2021 18:06:32.607,8191,
29-12-2020 20:21:45.624,11065344,13-09-2021 18:06:32.607,8191,
29-12-2020 20:21:45.624,11065344,13-09-2021 18:06:32.607,8191,
29-12-2020 20:21:45.624,11065344,13-09-2021 18:06:32.607,8191,
29-12-2020 20:21:45.624,11065344,13-09-2021 18:06:32.607,8191,
29-12-2020 20:21:45.624,11065344,13-09-2021 18:06:32.607,8191,
29-12-2020 20:21:45.624,11065344,13-09-2021 18:06:32.607,8191,
29-12-2020 20:21:45.624,11065344,13-09-2021 18:06:32.607,8191,
29-12-2020 20:21:45.624,11065344,13-09-2021 18:06:32.607,8191,
29-12-2020 20:21:45.624,11065344,13-09-2021 18:06:32.607,8191,
29-12-2020 20:21:45.624,11065344,13-09-2021 18:06:32.607,8191,
29-12-2020 20:21:45.624,11065344,13-09-2021 18:06:32.607,8191,
29-12-2020 20:21:45.624,11065344,13-09-2021 18:06:32.607,8191,
29-12-2020 20:21:45.624,11065344,13-09-2021 18:06:32.607,8191,
29-12-2020 20:21:45.624,11065344,13-09-2021 18:06:32.607,8191,
29-12-2020 20:21:45.624,11065344,13-09-2021 18:06:32.607,8191,
29-12-2020 20:21:45.624,11065344,13-09-2021 18:06:32.607,8191,
29-12-2020 20:21:45.624,11065344,13-09-2021 18:06:32.607,8191,
29-12-2020 20:21:45.624,11065344,13-09-2021 18:06:32.607,8191,
29-12-2020 20:21:45.624,11065344,13-09-2021 18:06:32.607,8191,
29-12-2020 20:21:45.624,11065344,13-09-2021 18:06:32.607,8191,
29-12-2020 20:21:45.624,11065344,13-09-2021 18:06:32.607,8191,
29-12-2020 20:21:45.624,11065344,13-09-2021 18:06:32.607,8191,
29-12-2020 20:21:45.624,11065344,13-09-2021 18:06:32.607,8191,
29-12-2020 20:21:45.624,11065344,13-09-2021 18:06:32.607,8191,
29-12-2020 20:21:45.880,11067392,13-09-2021 18:06:32.607,8191,
29-12-2020 20:21:45.880,11067392,13-09-2021 18:06:32.607,8191,
29-12-2020 20:21:45.880,11067392,13-09-2021 18:06:32.607,8191,
29-12-2020 20:21:45.880,11067392,13-09-2021 18:06:32.607,8191,
29-12-2020 20:21:45.880,11067392,13-09-2021 18:06:32.607,8191,
29-12-2020 20:21:45.880,11067392,13-09-2021 18:06:32.607,8191,
29-12-2020 20:21:45.880,11067392,13-09-2021 18:06:32.607,8191,
29-12-2020 20:21:45.880,11067392,13-09-2021 18:06:32.607,8191,
29-12-2020 20:21:45.880,11067392,13-09-2021 18:06:32.607,8191,
29-12-2020 20:21:45.880,11067392,13-09-2021 18:06:32.607,8191,
29-12-2020 20:21:45.880,11067392,13-09-2021 18:06:32.607,8191,
29-12-2020 20:21:45.880,11067392,13-09-2021 18:06:32.607,8191,
29-12-2020 20:21:45.880,11067392,13-09-2021 18:06:32.607,8191,
29-12-2020 20:21:45.880,11067392,13-09-2021 18:06:32.607,8191,
29-12-2020 20:21:45.880,11067392,13-09-2021 18:06:32.607,8191,
29-12-2020 20:21:45.880,11067392,13-09-2021 18:06:32.607,8191,
29-12-2020 20:21:45.880,11067392,13-09-2021 18:06:32.607,8191,
29-12-2020 20:21:45.880,11067392,13-09-2021 18:06:32.607,8191,
29-12-2020 20:21:45.880,11067392,13-09-2021 18:06:32.607,8191,
29-12-2020 20:21:45.880,11067392,13-09-2021 18:06:32.607,8191,
29-12-2020 20:21:45.880,11067392,13-09-2021 18:06:32.607,8191,
29-12-2020 20:21:45.880,11067392,13-09-2021 18:06:32.607,8191,
29-12-2020 20:21:45.880,11067392,13-09-2021 18:06:32.607,8191,
29-12-2020 20:21:45.880,11067392,13-09-2021 18:06:32.607,8191,
29-12-2020 20:21:45.880,11067392,13-09-2021 18:06:32.607,8191,
29-12-2020 20:21:45.880,11067392,13-09-2021 18:06:32.607,8191,
29-12-2020 20:21:45.880,11067392,13-09-2021 18:06:32.607,8191,
29-12-2020 20:21:45.880,11067392,13-09-2021 18:06:32.607,8191,
29-12-2020 20:21:45.880,11067392,13-09-2021 18:06:32.607,8191,
29-12-2020 20:21:45.880,11067392,13-09-2021 18:06:32.607,8191,
29-12-2020 20:21:45.880,11067392,13-09-2021 18:06:32.607,8191,
29-12-2020 20:21:45.880,11067392,13-09-2021 18:06:32.607,8191,
29-12-2020 20:21:45.880,11067392,13-09-2021 18:06:32.607,8191,
29-12-2020 20:21:45.880,11067392,13-09-2021 18:06:32.607,8191,
29-12-2020 20:21:45.880,11067392,13-09-2021 18:06:32.607,8191,
29-12-2020 20:21:45.880,11067392,13-09-2021 18:06:32.607,8191,
29-12-2020 20:21:45.880,11067392,13-09-2021 18:06:32.607,8191,
29-12-2020 20:21:45.880,11067392,13-09-2021 18:06:32.607,8191,
29-12-2020 20:21:45.880,11067392,13-09-2021 18:06:32.607,8191,
29-12-2020 20:21:45.880,11067392,13-09-2021 18:06:32.607,8191,
29-12-2020 20:21:45.880,11067392,13-09-2021 18:06:32.607,8191,
29-12-2020 20:21:45.880,11067392,13-09-2021 18:06:32.607,8191,
29-12-2020 20:21:45.880,11067392,13-09-2021 18:06:32.607,8191,
29-12-2020 20:21:45.880,11067392,13-09-2021 18:06:32.607,8191,
29-12-2020 20:21:45.880,11067392,13-09-2021 18:06:32.607,8191,
29-12-2020 20:21:45.880,11067392,13-09-2021 18:06:32.607,8191,
29-12-2020 20:21:45.880,11067392,13-09-2021 18:06:32.607,8191,
29-12-2020 20:21:45.880,11067392,13-09-2021 18:06:32.607,8191,
29-12-2020 20:21:45.880,11067392,13-09-2021 18:06:32.607,8191,
29-12-2020 20:21:45.880,11067392,13-09-2021 18:06:32.607,8191,
29-12-2020 20:21:45.880,11067392,13-09-2021 18:06:32.607,8191,
29-12-2020 20:21:45.880,11067392,13-09-2021 18:06:32.607,8191,
29-12-2020 20:21:45.880,11067392,13-09-2021 18:06:32.607,8191,
29-12-2020 20:21:45.880,11067392,13-09-2021 18:06:32.607,8191,
29-12-2020 20:21:45.880,11067392,13-09-2021 18:06:32.607,8191,
29-12-2020 20:21:45.880,11067392,13-09-2021 18:06:32.607,8191,
29-12-2020 20:21:45.880,11067392,13-09-2021 18:06:32.607,8191,
29-12-2020 20:21:45.880,11067392,13-09-2021 18:06:32.607,8191,
29-12-2020 20:21:45.880,11067392,13-09-2021 18:06:32.607,8191,
29-12-2020 20:21:45.880,11067392,13-09-2021 18:06:32.607,8191,
29-12-2020 20:21:45.880,11067392,13-09-2021 18:06:32.607,8191,
29-12-2020 20:21:45.880,11067392,13-09-2021 18:06:32.607,8191,
29-12-2020 20:21:45.880,11067392,13-09-2021 18:06:32.607,8191,
29-12-2020 20:21:45.880,11067392,13-09-2021 18:06:32.607,8191,
29-12-2020 20:21:45.880,11067392,13-09-2021 18:06:32.607,8191,
29-12-2020 20:21:45.880,11067392,13-09-2021 18:06:32.607,8191,
29-12-2020 20:21:45.880,11067392,13-09-2021 18:06:32.607,8191,
29-12-2020 20:21:45.880,11067392,13-09-2021 18:06:32.607,8191,
29-12-2020 20:21:45.880,11067392,13-09-2021 18:06:32.607,8191,
29-12-2020 20:21:45.880,11067392,13-09-2021 18:06:32.607,8191,
29-12-2020 20:21:45.880,11067392,13-09-2021 18:06:32.607,8191,
29-12-2020 20:21:45.880,11067392,13-09-2021 18:06:32.607,8191,
29-12-2020 20:21:45.880,11067392,13-09-2021 18:06:32.607,8191,
29-12-2020 20:21:45.880,11067392,13-09-2021 18:06:32.607,8191,
29-12-2020 20:21:45.880,11067392,13-09-2021 18:06:32.607,8191,
29-12-2020 20:21:45.880,11067392,13-09-2021 18:06:32.607,8191,
29-12-2020 20:21:45.880,11067392,13-09-2021 18:06:32.607,8191,
29-12-2020 20:21:45.880,11067392,13-09-2021 18:06:32.607,8191,
29-12-2020 20:21:45.880,11067392,13-09-2021 18:06:32.607,8191,
29-12-2020 20:21:45.880,11067392,13-09-2021 18:06:32.607,8191,
29-12-2020 20:21:45.880,11067392,13-09-2021 18:06:32.607,8191,
29-12-2020 20:21:45.880,11067392,13-09-2021 18:06:32.607,8191,
29-12-2020 20:21:45.880,11067392,13-09-2021 18:06:32.607,8191,
29-12-2020 20:21:45.880,11067392,13-09-2021 18:06:32.607,8191,
29-12-2020 20:21:45.880,11067392,13-09-2021 18:06:32.607,8191,
29-12-2020 20:21:45.880,11067392,13-09-2021 18:06:32.607,8191,
29-12-2020 20:21:45.880,11067392,13-09-2021 18:06:32.607,8191,
29-12-2020 20:21:45.880,11067392,13-09-2021 18:06:32.607,8191,
29-12-2020 20:21:45.880,11067392,13-09-2021 18:06:32.607,8191,
29-12-2020 20:21:45.880,11067392,13-09-2021 18:06:32.607,8191,
29-12-2020 20:21:45.880,11067392,13-09-2021 18:06:32.607,8191,
29-12-2020 20:21:45.880,11067392,13-09-2021 18:06:32.607,8191,
29-12-2020 20:21:45.880,11067392,13-09-2021 18:06:32.607,8191,
29-12-2020 20:21:45.880,11067392,13-09-2021 18:06:32.607,8191,
29-12-2020 20:21:45.880,11067392,13-09-2021 18:06:32.607,8191,
29-12-2020 20:21:45.880,11067392,13-09-2021 18:06:32.607,8191,
29-12-2020 20:21:45.880,11067392,13-09-2021 18:06:32.607,8191,
29-12-2020 20:21:45.880,11067392,13-09-2021 18:06:32.607,8191,
29-12-2020 20:21:45.880,11067392,13-09-2021 18:06:32.607,8191,
29-12-2020 20:21:45.880,11067392,13-09-2021 18:06:32.607,8191,
29-12-2020 20:21:45.880,11067392,13-09-2021 18:06:32.607,8191,
29-12-2020 20:21:45.880,11067392,13-09-2021 18:06:32.607,8191,
29-12-2020 20:21:45.880,11067392,13-09-2021 18:06:32.607,8191,
29-12-2020 20:21:45.880,11067392,13-09-2021 18:06:32.607,8191,
29-12-2020 20:21:45.880,11067392,13-09-2021 18:06:32.607,8191,
29-12-2020 20:21:45.880,11067392,13-09-2021 18:06:32.607,8191,
29-12-2020 20:21:45.880,11067392,13-09-2021 18:06:32.607,8191,
29-12-2020 20:21:45.880,11067392,13-09-2021 18:06:32.607,8191,
29-12-2020 20:21:45.880,11067392,13-09-2021 18:06:32.607,8191,
29-12-2020 20:21:45.880,11067392,13-09-2021 18:06:32.607,8191,
29-12-2020 20:21:45.880,11067392,13-09-2021 18:06:32.607,8191,
29-12-2020 20:21:45.880,11067392,13-09-2021 18:06:32.607,8191,
29-12-2020 20:21:45.880,11067392,13-09-2021 18:06:32.607,8191,
29-12-2020 20:21:45.880,11067392,13-09-2021 18:06:32.607,8191,
29-12-2020 20:21:45.880,11067392,13-09-2021 18:06:32.607,8191,
29-12-2020 20:21:45.880,11067392,13-09-2021 18:06:32.607,8191,
29-12-2020 20:21:45.880,11067392,13-09-2021 18:06:32.607,8191,
29-12-2020 20:21:45.880,11067392,13-09-2021 18:06:32.607,8191,
29-12-2020 20:21:45.880,11067392,13-09-2021 18:06:32.607,8191,
29-12-2020 20:21:45.880,11067392,13-09-2021 18:06:32.607,8191,
29-12-2020 20:21:45.880,11067392,13-09-2021 18:06:32.607,8191,
29-12-2020 20:21:45.880,11067392,13-09-2021 18:06:32.607,8191,
29-12-2020 20:21:45.880,11067392,13-09-2021 18:06:32.607,8191,
29-12-2020 20:21:45.880,11067392,13-09-2021 18:06:32.607,8191,
29-12-2020 20:21:45.880,11067392,13-09-2021 18:06:32.607,8191,
29-12-2020 20:21:45.880,11067392,13-09-2021 18:06:32.607,8191,
29-12-2020 20:21:45.880,11067392,13-09-2021 18:06:32.607,8191,
29-12-2020 20:21:45.880,11067392,13-09-2021 18:06:32.607,8191,
29-12-2020 20:21:46.136,11069440,13-09-2021 18:06:32.622,8191,
29-12-2020 20:21:46.136,11069440,13-09-2021 18:06:32.622,8191,
29-12-2020 20:21:46.136,11069440,13-09-2021 18:06:32.622,8191,
29-12-2020 20:21:46.136,11069440,13-09-2021 18:06:32.622,8191,
29-12-2020 20:21:46.136,11069440,13-09-2021 18:06:32.622,8191,
29-12-2020 20:21:46.136,11069440,13-09-2021 18:06:32.622,8191,
29-12-2020 20:21:46.136,11069440,13-09-2021 18:06:32.622,8191,
29-12-2020 20:21:46.136,11069440,13-09-2021 18:06:32.622,8191,
29-12-2020 20:21:46.136,11069440,13-09-2021 18:06:32.622,8191,
29-12-2020 20:21:46.136,11069440,13-09-2021 18:06:32.622,8191,
29-12-2020 20:21:46.136,11069440,13-09-2021 18:06:32.622,8191,
29-12-2020 20:21:46.136,11069440,13-09-2021 18:06:32.622,8191,
29-12-2020 20:21:46.136,11069440,13-09-2021 18:06:32.622,8191,
29-12-2020 20:21:46.136,11069440,13-09-2021 18:06:32.622,8191,
29-12-2020 20:21:46.136,11069440,13-09-2021 18:06:32.622,8191,
29-12-2020 20:21:46.136,11069440,13-09-2021 18:06:32.622,8191,
29-12-2020 20:21:46.136,11069440,13-09-2021 18:06:32.622,8191,
29-12-2020 20:21:46.136,11069440,13-09-2021 18:06:32.622,8191,
29-12-2020 20:21:46.136,11069440,13-09-2021 18:06:32.622,8191,
29-12-2020 20:21:46.136,11069440,13-09-2021 18:06:32.622,8191,
29-12-2020 20:21:46.136,11069440,13-09-2021 18:06:32.622,8191,
29-12-2020 20:21:46.136,11069440,13-09-2021 18:06:32.622,8191,
29-12-2020 20:21:46.136,11069440,13-09-2021 18:06:32.622,8191,
29-12-2020 20:21:46.136,11069440,13-09-2021 18:06:32.622,8191,
29-12-2020 20:21:46.136,11069440,13-09-2021 18:06:32.622,8191,
29-12-2020 20:21:46.136,11069440,13-09-2021 18:06:32.622,8191,
29-12-2020 20:21:46.136,11069440,13-09-2021 18:06:32.622,8191,
29-12-2020 20:21:46.136,11069440,13-09-2021 18:06:32.622,8191,
29-12-2020 20:21:46.136,11069440,13-09-2021 18:06:32.622,8191,
29-12-2020 20:21:46.136,11069440,13-09-2021 18:06:32.622,8191,
29-12-2020 20:21:46.136,11069440,13-09-2021 18:06:32.622,8191,
29-12-2020 20:21:46.136,11069440,13-09-2021 18:06:32.622,8191,
29-12-2020 20:21:46.136,11069440,13-09-2021 18:06:32.622,8191,
29-12-2020 20:21:46.136,11069440,13-09-2021 18:06:32.622,8191,
29-12-2020 20:21:46.136,11069440,13-09-2021 18:06:32.622,8191,
29-12-2020 20:21:46.136,11069440,13-09-2021 18:06:32.622,8191,
29-12-2020 20:21:46.136,11069440,13-09-2021 18:06:32.622,8191,
29-12-2020 20:21:46.136,11069440,13-09-2021 18:06:32.622,8191,
29-12-2020 20:21:46.136,11069440,13-09-2021 18:06:32.622,8191,
29-12-2020 20:21:46.136,11069440,13-09-2021 18:06:32.622,8191,
29-12-2020 20:21:46.136,11069440,13-09-2021 18:06:32.622,8191,
29-12-2020 20:21:46.136,11069440,13-09-2021 18:06:32.622,8191,
29-12-2020 20:21:46.136,11069440,13-09-2021 18:06:32.622,8191,
29-12-2020 20:21:46.136,11069440,13-09-2021 18:06:32.622,8191,
29-12-2020 20:21:46.136,11069440,13-09-2021 18:06:32.622,8191,
29-12-2020 20:21:46.136,11069440,13-09-2021 18:06:32.622,8191,
29-12-2020 20:21:46.136,11069440,13-09-2021 18:06:32.622,8191,
29-12-2020 20:21:46.136,11069440,13-09-2021 18:06:32.622,8191,
29-12-2020 20:21:46.136,11069440,13-09-2021 18:06:32.622,8191,
29-12-2020 20:21:46.136,11069440,13-09-2021 18:06:32.622,8191,
29-12-2020 20:21:46.136,11069440,13-09-2021 18:06:32.622,8191,
29-12-2020 20:21:46.136,11069440,13-09-2021 18:06:32.622,8191,
29-12-2020 20:21:46.136,11069440,13-09-2021 18:06:32.622,8191,
29-12-2020 20:21:46.136,11069440,13-09-2021 18:06:32.622,8191,
29-12-2020 20:21:46.136,11069440,13-09-2021 18:06:32.622,8191,
29-12-2020 20:21:46.136,11069440,13-09-2021 18:06:32.622,8191,
29-12-2020 20:21:46.136,11069440,13-09-2021 18:06:32.622,8191,
29-12-2020 20:21:46.136,11069440,13-09-2021 18:06:32.622,8191,
29-12-2020 20:21:46.136,11069440,13-09-2021 18:06:32.622,8191,
29-12-2020 20:21:46.136,11069440,13-09-2021 18:06:32.622,8191,
29-12-2020 20:21:46.136,11069440,13-09-2021 18:06:32.622,8191,
29-12-2020 20:21:46.136,11069440,13-09-2021 18:06:32.622,8191,
29-12-2020 20:21:46.136,11069440,13-09-2021 18:06:32.622,8191,
29-12-2020 20:21:46.136,11069440,13-09-2021 18:06:32.622,8191,
29-12-2020 20:21:46.136,11069440,13-09-2021 18:06:32.622,8191,
29-12-2020 20:21:46.136,11069440,13-09-2021 18:06:32.622,8191,
29-12-2020 20:21:46.136,11069440,13-09-2021 18:06:32.622,8191,
29-12-2020 20:21:46.136,11069440,13-09-2021 18:06:32.622,8191,
29-12-2020 20:21:46.136,11069440,13-09-2021 18:06:32.622,8191,
29-12-2020 20:21:46.136,11069440,13-09-2021 18:06:32.622,8191,
29-12-2020 20:21:46.136,11069440,13-09-2021 18:06:32.622,8191,
29-12-2020 20:21:46.136,11069440,13-09-2021 18:06:32.622,8191,
29-12-2020 20:21:46.136,11069440,13-09-2021 18:06:32.622,8191,
29-12-2020 20:21:46.136,11069440,13-09-2021 18:06:32.622,8191,
29-12-2020 20:21:46.136,11069440,13-09-2021 18:06:32.622,8191,
29-12-2020 20:21:46.136,11069440,13-09-2021 18:06:32.622,8191,
29-12-2020 20:21:46.136,11069440,13-09-2021 18:06:32.622,8191,
29-12-2020 20:21:46.136,11069440,13-09-2021 18:06:32.622,8191,
29-12-2020 20:21:46.136,11069440,13-09-2021 18:06:32.622,8191,
29-12-2020 20:21:46.136,11069440,13-09-2021 18:06:32.622,8191,
29-12-2020 20:21:46.136,11069440,13-09-2021 18:06:32.622,8191,
29-12-2020 20:21:46.136,11069440,13-09-2021 18:06:32.622,8191,
29-12-2020 20:21:46.136,11069440,13-09-2021 18:06:32.622,8191,
29-12-2020 20:21:46.136,11069440,13-09-2021 18:06:32.622,8191,
29-12-2020 20:21:46.136,11069440,13-09-2021 18:06:32.622,8191,
29-12-2020 20:21:46.136,11069440,13-09-2021 18:06:32.622,8191,
29-12-2020 20:21:46.136,11069440,13-09-2021 18:06:32.622,8191,
29-12-2020 20:21:46.136,11069440,13-09-2021 18:06:32.622,8191,
29-12-2020 20:21:46.136,11069440,13-09-2021 18:06:32.622,8191,
29-12-2020 20:21:46.136,11069440,13-09-2021 18:06:32.622,8191,
29-12-2020 20:21:46.136,11069440,13-09-2021 18:06:32.622,8191,
29-12-2020 20:21:46.136,11069440,13-09-2021 18:06:32.622,8191,
29-12-2020 20:21:46.136,11069440,13-09-2021 18:06:32.622,8191,
29-12-2020 20:21:46.136,11069440,13-09-2021 18:06:32.622,8191,
29-12-2020 20:21:46.136,11069440,13-09-2021 18:06:32.622,8191,
29-12-2020 20:21:46.136,11069440,13-09-2021 18:06:32.622,8191,
29-12-2020 20:21:46.136,11069440,13-09-2021 18:06:32.622,8191,
29-12-2020 20:21:46.136,11069440,13-09-2021 18:06:32.622,8191,
29-12-2020 20:21:46.136,11069440,13-09-2021 18:06:32.622,8191,
29-12-2020 20:21:46.136,11069440,13-09-2021 18:06:32.622,8191,
29-12-2020 20:21:46.136,11069440,13-09-2021 18:06:32.622,8191,
29-12-2020 20:21:46.136,11069440,13-09-2021 18:06:32.622,8191,
29-12-2020 20:21:46.136,11069440,13-09-2021 18:06:32.622,8191,
29-12-2020 20:21:46.136,11069440,13-09-2021 18:06:32.622,8191,
29-12-2020 20:21:46.136,11069440,13-09-2021 18:06:32.622,8191,
29-12-2020 20:21:46.136,11069440,13-09-2021 18:06:32.622,8191,
29-12-2020 20:21:46.136,11069440,13-09-2021 18:06:32.622,8191,
29-12-2020 20:21:46.136,11069440,13-09-2021 18:06:32.622,8191,
29-12-2020 20:21:46.136,11069440,13-09-2021 18:06:32.622,8191,
29-12-2020 20:21:46.136,11069440,13-09-2021 18:06:32.622,8191,
29-12-2020 20:21:46.136,11069440,13-09-2021 18:06:32.622,8191,
29-12-2020 20:21:46.136,11069440,13-09-2021 18:06:32.622,8191,
29-12-2020 20:21:46.136,11069440,13-09-2021 18:06:32.622,8191,
29-12-2020 20:21:46.136,11069440,13-09-2021 18:06:32.622,8191,
29-12-2020 20:21:46.136,11069440,13-09-2021 18:06:32.622,8191,
29-12-2020 20:21:46.136,11069440,13-09-2021 18:06:32.622,8191,
29-12-2020 20:21:46.136,11069440,13-09-2021 18:06:32.622,8191,
29-12-2020 20:21:46.136,11069440,13-09-2021 18:06:32.622,8191,
29-12-2020 20:21:46.136,11069440,13-09-2021 18:06:32.622,8191,
29-12-2020 20:21:46.136,11069440,13-09-2021 18:06:32.622,8191,
29-12-2020 20:21:46.136,11069440,13-09-2021 18:06:32.622,8191,
29-12-2020 20:21:46.136,11069440,13-09-2021 18:06:32.622,8191,
29-12-2020 20:21:46.136,11069440,13-09-2021 18:06:32.622,8191,
29-12-2020 20:21:46.136,11069440,13-09-2021 18:06:32.622,8191,
29-12-2020 20:21:46.136,11069440,13-09-2021 18:06:32.622,8191,
29-12-2020 20:21:46.136,11069440,13-09-2021 18:06:32.622,8191,
29-12-2020 20:21:46.136,11069440,13-09-2021 18:06:32.622,8191,
29-12-2020 20:21:46.136,11069440,13-09-2021 18:06:32.622,8191,
29-12-2020 20:21:46.392,11071488,13-09-2021 18:06:33.638,8191,
29-12-2020 20:21:46.392,11071488,13-09-2021 18:06:33.638,8191,
29-12-2020 20:21:46.392,11071488,13-09-2021 18:06:33.638,8191,
29-12-2020 20:21:46.392,11071488,13-09-2021 18:06:33.638,8191,
29-12-2020 20:21:46.392,11071488,13-09-2021 18:06:33.638,8191,
29-12-2020 20:21:46.392,11071488,13-09-2021 18:06:33.638,8191,
29-12-2020 20:21:46.392,11071488,13-09-2021 18:06:33.638,8191,
29-12-2020 20:21:46.392,11071488,13-09-2021 18:06:33.638,8191,
29-12-2020 20:21:46.392,11071488,13-09-2021 18:06:33.638,8191,
29-12-2020 20:21:46.392,11071488,13-09-2021 18:06:33.638,8191,
29-12-2020 20:21:46.392,11071488,13-09-2021 18:06:33.638,8191,
29-12-2020 20:21:46.392,11071488,13-09-2021 18:06:33.638,8191,
29-12-2020 20:21:46.392,11071488,13-09-2021 18:06:33.638,8191,
29-12-2020 20:21:46.392,11071488,13-09-2021 18:06:33.638,8191,
29-12-2020 20:21:46.392,11071488,13-09-2021 18:06:33.638,8191,
29-12-2020 20:21:46.392,11071488,13-09-2021 18:06:33.638,8191,
29-12-2020 20:21:46.392,11071488,13-09-2021 18:06:33.638,8191,
29-12-2020 20:21:46.392,11071488,13-09-2021 18:06:33.638,8191,
29-12-2020 20:21:46.392,11071488,13-09-2021 18:06:33.638,8191,
29-12-2020 20:21:46.392,11071488,13-09-2021 18:06:33.638,8191,
29-12-2020 20:21:46.392,11071488,13-09-2021 18:06:33.638,8191,
29-12-2020 20:21:46.392,11071488,13-09-2021 18:06:33.638,8191,
29-12-2020 20:21:46.392,11071488,13-09-2021 18:06:33.638,8191,
29-12-2020 20:21:46.392,11071488,13-09-2021 18:06:33.638,8191,
29-12-2020 20:21:46.392,11071488,13-09-2021 18:06:33.638,8191,
29-12-2020 20:21:46.392,11071488,13-09-2021 18:06:33.638,8191,
29-12-2020 20:21:46.392,11071488,13-09-2021 18:06:33.638,8191,
29-12-2020 20:21:46.392,11071488,13-09-2021 18:06:33.638,8191,
29-12-2020 20:21:46.392,11071488,13-09-2021 18:06:33.638,8191,
29-12-2020 20:21:46.392,11071488,13-09-2021 18:06:33.638,8191,
29-12-2020 20:21:46.392,11071488,13-09-2021 18:06:33.638,8191,
29-12-2020 20:21:46.392,11071488,13-09-2021 18:06:33.638,8191,
29-12-2020 20:21:46.392,11071488,13-09-2021 18:06:33.638,8191,
29-12-2020 20:21:46.392,11071488,13-09-2021 18:06:33.638,8191,
29-12-2020 20:21:46.392,11071488,13-09-2021 18:06:33.638,8191,
29-12-2020 20:21:46.392,11071488,13-09-2021 18:06:33.638,8191,
29-12-2020 20:21:46.392,11071488,13-09-2021 18:06:33.638,8191,
29-12-2020 20:21:46.392,11071488,13-09-2021 18:06:33.638,8191,
29-12-2020 20:21:46.392,11071488,13-09-2021 18:06:33.638,8191,
29-12-2020 20:21:46.392,11071488,13-09-2021 18:06:33.638,8191,
29-12-2020 20:21:46.392,11071488,13-09-2021 18:06:33.638,8191,
29-12-2020 20:21:46.392,11071488,13-09-2021 18:06:33.638,8191,
29-12-2020 20:21:46.392,11071488,13-09-2021 18:06:33.638,8191,
29-12-2020 20:21:46.392,11071488,13-09-2021 18:06:33.638,8191,
29-12-2020 20:21:46.392,11071488,13-09-2021 18:06:33.638,8191,
29-12-2020 20:21:46.392,11071488,13-09-2021 18:06:33.638,8191,
29-12-2020 20:21:46.392,11071488,13-09-2021 18:06:33.638,8191,
29-12-2020 20:21:46.392,11071488,13-09-2021 18:06:33.638,8191,
29-12-2020 20:21:46.392,11071488,13-09-2021 18:06:33.638,8191,
29-12-2020 20:21:46.392,11071488,13-09-2021 18:06:33.638,8191,
29-12-2020 20:21:46.392,11071488,13-09-2021 18:06:33.638,8191,
29-12-2020 20:21:46.392,11071488,13-09-2021 18:06:33.638,8191,
29-12-2020 20:21:46.392,11071488,13-09-2021 18:06:33.638,8191,
29-12-2020 20:21:46.392,11071488,13-09-2021 18:06:33.638,8191,
29-12-2020 20:21:46.392,11071488,13-09-2021 18:06:33.638,8191,
29-12-2020 20:21:46.392,11071488,13-09-2021 18:06:33.638,8191,
29-12-2020 20:21:46.392,11071488,13-09-2021 18:06:33.638,8191,
29-12-2020 20:21:46.392,11071488,13-09-2021 18:06:33.638,8191,
29-12-2020 20:21:46.392,11071488,13-09-2021 18:06:33.638,8191,
29-12-2020 20:21:46.392,11071488,13-09-2021 18:06:33.638,8191,
29-12-2020 20:21:46.392,11071488,13-09-2021 18:06:33.638,8191,
29-12-2020 20:21:46.392,11071488,13-09-2021 18:06:33.638,8191,
29-12-2020 20:21:46.392,11071488,13-09-2021 18:06:33.638,8191,
29-12-2020 20:21:46.392,11071488,13-09-2021 18:06:33.638,8191,
29-12-2020 20:21:46.392,11071488,13-09-2021 18:06:33.638,8191,
29-12-2020 20:21:46.392,11071488,13-09-2021 18:06:33.638,8191,
29-12-2020 20:21:46.392,11071488,13-09-2021 18:06:33.638,8191,
29-12-2020 20:21:46.392,11071488,13-09-2021 18:06:33.638,8191,
29-12-2020 20:21:46.392,11071488,13-09-2021 18:06:33.638,8191,
29-12-2020 20:21:46.392,11071488,13-09-2021 18:06:33.638,8191,
29-12-2020 20:21:46.392,11071488,13-09-2021 18:06:33.638,8191,
29-12-2020 20:21:46.392,11071488,13-09-2021 18:06:33.638,8191,
29-12-2020 20:21:46.392,11071488,13-09-2021 18:06:33.638,8191,
29-12-2020 20:21:46.392,11071488,13-09-2021 18:06:33.638,8191,
29-12-2020 20:21:46.392,11071488,13-09-2021 18:06:33.638,8191,
29-12-2020 20:21:46.392,11071488,13-09-2021 18:06:33.638,8191,
29-12-2020 20:21:46.392,11071488,13-09-2021 18:06:33.638,8191,
29-12-2020 20:21:46.392,11071488,13-09-2021 18:06:33.638,8191,
29-12-2020 20:21:46.392,11071488,13-09-2021 18:06:33.638,8191,
29-12-2020 20:21:46.392,11071488,13-09-2021 18:06:33.638,8191,
29-12-2020 20:21:46.392,11071488,13-09-2021 18:06:33.638,8191,
29-12-2020 20:21:46.392,11071488,13-09-2021 18:06:33.638,8191,
29-12-2020 20:21:46.392,11071488,13-09-2021 18:06:33.638,8191,
29-12-2020 20:21:46.392,11071488,13-09-2021 18:06:33.638,8191,
29-12-2020 20:21:46.392,11071488,13-09-2021 18:06:33.638,8191,
29-12-2020 20:21:46.392,11071488,13-09-2021 18:06:33.638,8191,
29-12-2020 20:21:46.392,11071488,13-09-2021 18:06:33.638,8191,
29-12-2020 20:21:46.392,11071488,13-09-2021 18:06:33.638,8191,
29-12-2020 20:21:46.392,11071488,13-09-2021 18:06:33.638,8191,
29-12-2020 20:21:46.392,11071488,13-09-2021 18:06:33.638,8191,
29-12-2020 20:21:46.392,11071488,13-09-2021 18:06:33.638,8191,
29-12-2020 20:21:46.392,11071488,13-09-2021 18:06:33.638,8191,
29-12-2020 20:21:46.392,11071488,13-09-2021 18:06:33.638,8191,
29-12-2020 20:21:46.392,11071488,13-09-2021 18:06:33.638,8191,
29-12-2020 20:21:46.392,11071488,13-09-2021 18:06:33.638,8191,
29-12-2020 20:21:46.392,11071488,13-09-2021 18:06:33.638,8191,
29-12-2020 20:21:46.392,11071488,13-09-2021 18:06:33.638,8191,
29-12-2020 20:21:46.392,11071488,13-09-2021 18:06:33.638,8191,
29-12-2020 20:21:46.392,11071488,13-09-2021 18:06:33.638,8191,
29-12-2020 20:21:46.392,11071488,13-09-2021 18:06:33.638,8191,
29-12-2020 20:21:46.392,11071488,13-09-2021 18:06:33.638,8191,
29-12-2020 20:21:46.392,11071488,13-09-2021 18:06:33.638,8191,
29-12-2020 20:21:46.392,11071488,13-09-2021 18:06:33.638,8191,
29-12-2020 20:21:46.392,11071488,13-09-2021 18:06:33.638,8191,
29-12-2020 20:21:46.392,11071488,13-09-2021 18:06:33.638,8191,
29-12-2020 20:21:46.392,11071488,13-09-2021 18:06:33.638,8191,
29-12-2020 20:21:46.392,11071488,13-09-2021 18:06:33.638,8191,
29-12-2020 20:21:46.392,11071488,13-09-2021 18:06:33.638,8191,
29-12-2020 20:21:46.392,11071488,13-09-2021 18:06:33.638,8191,
29-12-2020 20:21:46.392,11071488,13-09-2021 18:06:33.638,8191,
29-12-2020 20:21:46.392,11071488,13-09-2021 18:06:33.638,8191,
29-12-2020 20:21:46.392,11071488,13-09-2021 18:06:33.638,8191,
29-12-2020 20:21:46.392,11071488,13-09-2021 18:06:33.638,8191,
29-12-2020 20:21:46.392,11071488,13-09-2021 18:06:33.638,8191,
29-12-2020 20:21:46.392,11071488,13-09-2021 18:06:33.638,8191,
29-12-2020 20:21:46.392,11071488,13-09-2021 18:06:33.638,8191,
29-12-2020 20:21:46.392,11071488,13-09-2021 18:06:33.638,8191,
29-12-2020 20:21:46.392,11071488,13-09-2021 18:06:33.638,8191,
29-12-2020 20:21:46.392,11071488,13-09-2021 18:06:33.638,8191,
29-12-2020 20:21:46.392,11071488,13-09-2021 18:06:33.638,8191,
29-12-2020 20:21:46.392,11071488,13-09-2021 18:06:33.638,8191,
29-12-2020 20:21:46.392,11071488,13-09-2021 18:06:33.638,8191,
29-12-2020 20:21:46.392,11071488,13-09-2021 18:06:33.638,8191,
29-12-2020 20:21:46.392,11071488,13-09-2021 18:06:33.638,8191,
29-12-2020 20:21:46.392,11071488,13-09-2021 18:06:33.638,8191,
29-12-2020 20:21:46.392,11071488,13-09-2021 18:06:33.638,8191,
29-12-2020 20:21:46.392,11071488,13-09-2021 18:06:33.638,8191,
29-12-2020 20:21:46.392,11071488,13-09-2021 18:06:33.638,8191,
29-12-2020 20:21:46.648,11073536,13-09-2021 18:06:33.638,8191,
29-12-2020 20:21:46.648,11073536,13-09-2021 18:06:33.638,8191,
29-12-2020 20:21:46.648,11073536,13-09-2021 18:06:33.638,8191,
29-12-2020 20:21:46.648,11073536,13-09-2021 18:06:33.638,8191,
29-12-2020 20:21:46.648,11073536,13-09-2021 18:06:33.638,8191,
29-12-2020 20:21:46.648,11073536,13-09-2021 18:06:33.638,8191,
29-12-2020 20:21:46.648,11073536,13-09-2021 18:06:33.638,8191,
29-12-2020 20:21:46.648,11073536,13-09-2021 18:06:33.638,8191,
29-12-2020 20:21:46.648,11073536,13-09-2021 18:06:33.638,8191,
29-12-2020 20:21:46.648,11073536,13-09-2021 18:06:33.638,8191,
29-12-2020 20:21:46.648,11073536,13-09-2021 18:06:33.638,8191,
29-12-2020 20:21:46.648,11073536,13-09-2021 18:06:33.638,8191,
29-12-2020 20:21:46.648,11073536,13-09-2021 18:06:33.638,8191,
29-12-2020 20:21:46.648,11073536,13-09-2021 18:06:33.638,8191,
29-12-2020 20:21:46.648,11073536,13-09-2021 18:06:33.638,8191,
29-12-2020 20:21:46.648,11073536,13-09-2021 18:06:33.638,8191,
29-12-2020 20:21:46.648,11073536,13-09-2021 18:06:33.638,8191,
29-12-2020 20:21:46.648,11073536,13-09-2021 18:06:33.638,8191,
29-12-2020 20:21:46.648,11073536,13-09-2021 18:06:33.638,8191,
29-12-2020 20:21:46.648,11073536,13-09-2021 18:06:33.638,8191,
29-12-2020 20:21:46.648,11073536,13-09-2021 18:06:33.638,8191,
29-12-2020 20:21:46.648,11073536,13-09-2021 18:06:33.638,8191,
29-12-2020 20:21:46.648,11073536,13-09-2021 18:06:33.638,8191,
29-12-2020 20:21:46.648,11073536,13-09-2021 18:06:33.638,8191,
29-12-2020 20:21:46.648,11073536,13-09-2021 18:06:33.638,8191,
29-12-2020 20:21:46.648,11073536,13-09-2021 18:06:33.638,8191,
29-12-2020 20:21:46.648,11073536,13-09-2021 18:06:33.638,8191,
29-12-2020 20:21:46.648,11073536,13-09-2021 18:06:33.638,8191,
29-12-2020 20:21:46.648,11073536,13-09-2021 18:06:33.638,8191,
29-12-2020 20:21:46.648,11073536,13-09-2021 18:06:33.638,8191,
29-12-2020 20:21:46.648,11073536,13-09-2021 18:06:33.638,8191,
29-12-2020 20:21:46.648,11073536,13-09-2021 18:06:33.638,8191,
29-12-2020 20:21:46.648,11073536,13-09-2021 18:06:33.638,8191,
29-12-2020 20:21:46.648,11073536,13-09-2021 18:06:33.638,8191,
29-12-2020 20:21:46.648,11073536,13-09-2021 18:06:33.638,8191,
29-12-2020 20:21:46.648,11073536,13-09-2021 18:06:33.638,8191,
29-12-2020 20:21:46.648,11073536,13-09-2021 18:06:33.638,8191,
29-12-2020 20:21:46.648,11073536,13-09-2021 18:06:33.638,8191,
29-12-2020 20:21:46.648,11073536,13-09-2021 18:06:33.638,8191,
29-12-2020 20:21:46.648,11073536,13-09-2021 18:06:33.638,8191,
29-12-2020 20:21:46.648,11073536,13-09-2021 18:06:33.638,8191,
29-12-2020 20:21:46.648,11073536,13-09-2021 18:06:33.638,8191,
29-12-2020 20:21:46.648,11073536,13-09-2021 18:06:33.638,8191,
29-12-2020 20:21:46.648,11073536,13-09-2021 18:06:33.638,8191,
29-12-2020 20:21:46.648,11073536,13-09-2021 18:06:33.638,8191,
29-12-2020 20:21:46.648,11073536,13-09-2021 18:06:33.638,8191,
29-12-2020 20:21:46.648,11073536,13-09-2021 18:06:33.638,8191,
29-12-2020 20:21:46.648,11073536,13-09-2021 18:06:33.638,8191,
29-12-2020 20:21:46.648,11073536,13-09-2021 18:06:33.638,8191,
29-12-2020 20:21:46.648,11073536,13-09-2021 18:06:33.638,8191,
29-12-2020 20:21:46.648,11073536,13-09-2021 18:06:33.638,8191,
29-12-2020 20:21:46.648,11073536,13-09-2021 18:06:33.638,8191,
29-12-2020 20:21:46.648,11073536,13-09-2021 18:06:33.638,8191,
29-12-2020 20:21:46.648,11073536,13-09-2021 18:06:33.638,8191,
29-12-2020 20:21:46.648,11073536,13-09-2021 18:06:33.638,8191,
29-12-2020 20:21:46.648,11073536,13-09-2021 18:06:33.638,8191,
29-12-2020 20:21:46.648,11073536,13-09-2021 18:06:33.638,8191,
29-12-2020 20:21:46.648,11073536,13-09-2021 18:06:33.638,8191,
29-12-2020 20:21:46.648,11073536,13-09-2021 18:06:33.638,8191,
29-12-2020 20:21:46.648,11073536,13-09-2021 18:06:33.638,8191,
29-12-2020 20:21:46.648,11073536,13-09-2021 18:06:33.638,8191,
29-12-2020 20:21:46.648,11073536,13-09-2021 18:06:33.638,8191,
29-12-2020 20:21:46.648,11073536,13-09-2021 18:06:33.638,8191,
29-12-2020 20:21:46.648,11073536,13-09-2021 18:06:33.638,8191,
29-12-2020 20:21:46.648,11073536,13-09-2021 18:06:33.638,8191,
29-12-2020 20:21:46.648,11073536,13-09-2021 18:06:33.638,8191,
29-12-2020 20:21:46.648,11073536,13-09-2021 18:06:33.638,8191,
29-12-2020 20:21:46.648,11073536,13-09-2021 18:06:33.638,8191,
29-12-2020 20:21:46.648,11073536,13-09-2021 18:06:33.638,8191,
29-12-2020 20:21:46.648,11073536,13-09-2021 18:06:33.638,8191,
29-12-2020 20:21:46.648,11073536,13-09-2021 18:06:33.638,8191,
29-12-2020 20:21:46.648,11073536,13-09-2021 18:06:33.638,8191,
29-12-2020 20:21:46.648,11073536,13-09-2021 18:06:33.638,8191,
29-12-2020 20:21:46.648,11073536,13-09-2021 18:06:33.638,8191,
29-12-2020 20:21:46.648,11073536,13-09-2021 18:06:33.638,8191,
29-12-2020 20:21:46.648,11073536,13-09-2021 18:06:33.638,8191,
29-12-2020 20:21:46.648,11073536,13-09-2021 18:06:33.638,8191,
29-12-2020 20:21:46.648,11073536,13-09-2021 18:06:33.638,8191,
29-12-2020 20:21:46.648,11073536,13-09-2021 18:06:33.638,8191,
29-12-2020 20:21:46.648,11073536,13-09-2021 18:06:33.638,8191,
29-12-2020 20:21:46.648,11073536,13-09-2021 18:06:33.638,8191,
29-12-2020 20:21:46.648,11073536,13-09-2021 18:06:33.638,8191,
29-12-2020 20:21:46.648,11073536,13-09-2021 18:06:33.638,8191,
29-12-2020 20:21:46.648,11073536,13-09-2021 18:06:33.638,8191,
29-12-2020 20:21:46.648,11073536,13-09-2021 18:06:33.638,8191,
29-12-2020 20:21:46.648,11073536,13-09-2021 18:06:33.638,8191,
29-12-2020 20:21:46.648,11073536,13-09-2021 18:06:33.638,8191,
29-12-2020 20:21:46.648,11073536,13-09-2021 18:06:33.638,8191,
29-12-2020 20:21:46.648,11073536,13-09-2021 18:06:33.638,8191,
29-12-2020 20:21:46.648,11073536,13-09-2021 18:06:33.638,8191,
29-12-2020 20:21:46.648,11073536,13-09-2021 18:06:33.638,8191,
29-12-2020 20:21:46.648,11073536,13-09-2021 18:06:33.638,8191,
29-12-2020 20:21:46.648,11073536,13-09-2021 18:06:33.638,8191,
29-12-2020 20:21:46.648,11073536,13-09-2021 18:06:33.638,8191,
29-12-2020 20:21:46.648,11073536,13-09-2021 18:06:33.638,8191,
29-12-2020 20:21:46.648,11073536,13-09-2021 18:06:33.638,8191,
29-12-2020 20:21:46.648,11073536,13-09-2021 18:06:33.638,8191,
29-12-2020 20:21:46.648,11073536,13-09-2021 18:06:33.638,8191,
29-12-2020 20:21:46.648,11073536,13-09-2021 18:06:33.638,8191,
29-12-2020 20:21:46.648,11073536,13-09-2021 18:06:33.638,8191,
29-12-2020 20:21:46.648,11073536,13-09-2021 18:06:33.638,8191,
29-12-2020 20:21:46.648,11073536,13-09-2021 18:06:33.638,8191,
29-12-2020 20:21:46.648,11073536,13-09-2021 18:06:33.638,8191,
29-12-2020 20:21:46.648,11073536,13-09-2021 18:06:33.638,8191,
29-12-2020 20:21:46.648,11073536,13-09-2021 18:06:33.638,8191,
29-12-2020 20:21:46.648,11073536,13-09-2021 18:06:33.638,8191,
29-12-2020 20:21:46.648,11073536,13-09-2021 18:06:33.638,8191,
29-12-2020 20:21:46.648,11073536,13-09-2021 18:06:33.638,8191,
29-12-2020 20:21:46.648,11073536,13-09-2021 18:06:33.638,8191,
29-12-2020 20:21:46.648,11073536,13-09-2021 18:06:33.638,8191,
29-12-2020 20:21:46.648,11073536,13-09-2021 18:06:33.638,8191,
29-12-2020 20:21:46.648,11073536,13-09-2021 18:06:33.638,8191,
29-12-2020 20:21:46.648,11073536,13-09-2021 18:06:33.638,8191,
29-12-2020 20:21:46.648,11073536,13-09-2021 18:06:33.638,8191,
29-12-2020 20:21:46.648,11073536,13-09-2021 18:06:33.638,8191,
29-12-2020 20:21:46.648,11073536,13-09-2021 18:06:33.638,8191,
29-12-2020 20:21:46.648,11073536,13-09-2021 18:06:33.638,8191,
29-12-2020 20:21:46.648,11073536,13-09-2021 18:06:33.638,8191,
29-12-2020 20:21:46.648,11073536,13-09-2021 18:06:33.638,8191,
29-12-2020 20:21:46.648,11073536,13-09-2021 18:06:33.638,8191,
29-12-2020 20:21:46.648,11073536,13-09-2021 18:06:33.638,8191,
29-12-2020 20:21:46.648,11073536,13-09-2021 18:06:33.638,8191,
29-12-2020 20:21:46.648,11073536,13-09-2021 18:06:33.638,8191,
29-12-2020 20:21:46.648,11073536,13-09-2021 18:06:33.638,8191,
29-12-2020 20:21:46.648,11073536,13-09-2021 18:06:33.638,8191,
29-12-2020 20:21:46.648,11073536,13-09-2021 18:06:33.638,8191,
29-12-2020 20:21:46.648,11073536,13-09-2021 18:06:33.638,8191,
29-12-2020 20:21:46.648,11073536,13-09-2021 18:06:33.638,8191,
29-12-2020 20:21:46.904,11075584,13-09-2021 18:06:33.638,8191,
29-12-2020 20:21:46.904,11075584,13-09-2021 18:06:33.638,8191,
29-12-2020 20:21:46.904,11075584,13-09-2021 18:06:33.638,8191,
29-12-2020 20:21:46.904,11075584,13-09-2021 18:06:33.638,8191,
29-12-2020 20:21:46.904,11075584,13-09-2021 18:06:33.638,8191,
29-12-2020 20:21:46.904,11075584,13-09-2021 18:06:33.638,8191,
29-12-2020 20:21:46.904,11075584,13-09-2021 18:06:33.638,8191,
29-12-2020 20:21:46.904,11075584,13-09-2021 18:06:33.638,8191,
29-12-2020 20:21:46.904,11075584,13-09-2021 18:06:33.638,8191,
29-12-2020 20:21:46.904,11075584,13-09-2021 18:06:33.638,8191,
29-12-2020 20:21:46.904,11075584,13-09-2021 18:06:33.638,8191,
29-12-2020 20:21:46.904,11075584,13-09-2021 18:06:33.638,8191,
29-12-2020 20:21:46.904,11075584,13-09-2021 18:06:33.638,8191,
29-12-2020 20:21:46.904,11075584,13-09-2021 18:06:33.638,8191,
29-12-2020 20:21:46.904,11075584,13-09-2021 18:06:33.638,8191,
29-12-2020 20:21:46.904,11075584,13-09-2021 18:06:33.638,8191,
29-12-2020 20:21:46.904,11075584,13-09-2021 18:06:33.638,8191,
29-12-2020 20:21:46.904,11075584,13-09-2021 18:06:33.638,8191,
29-12-2020 20:21:46.904,11075584,13-09-2021 18:06:33.638,8191,
29-12-2020 20:21:46.904,11075584,13-09-2021 18:06:33.638,8191,
29-12-2020 20:21:46.904,11075584,13-09-2021 18:06:33.638,8191,
29-12-2020 20:21:46.904,11075584,13-09-2021 18:06:33.638,8191,
29-12-2020 20:21:46.904,11075584,13-09-2021 18:06:33.638,8191,
29-12-2020 20:21:46.904,11075584,13-09-2021 18:06:33.638,8191,
29-12-2020 20:21:46.904,11075584,13-09-2021 18:06:33.638,8191,
29-12-2020 20:21:46.904,11075584,13-09-2021 18:06:33.638,8191,
29-12-2020 20:21:46.904,11075584,13-09-2021 18:06:33.638,8191,
29-12-2020 20:21:46.904,11075584,13-09-2021 18:06:33.638,8191,
29-12-2020 20:21:46.904,11075584,13-09-2021 18:06:33.638,8191,
29-12-2020 20:21:46.904,11075584,13-09-2021 18:06:33.638,8191,
29-12-2020 20:21:46.904,11075584,13-09-2021 18:06:33.638,8191,
29-12-2020 20:21:46.904,11075584,13-09-2021 18:06:33.638,8191,
29-12-2020 20:21:46.904,11075584,13-09-2021 18:06:33.638,8191,
29-12-2020 20:21:46.904,11075584,13-09-2021 18:06:33.638,8191,
29-12-2020 20:21:46.904,11075584,13-09-2021 18:06:33.638,8191,
29-12-2020 20:21:46.904,11075584,13-09-2021 18:06:33.638,8191,
29-12-2020 20:21:46.904,11075584,13-09-2021 18:06:33.638,8191,
29-12-2020 20:21:46.904,11075584,13-09-2021 18:06:33.638,8191,
29-12-2020 20:21:46.904,11075584,13-09-2021 18:06:33.638,8191,
29-12-2020 20:21:46.904,11075584,13-09-2021 18:06:33.638,8191,
29-12-2020 20:21:46.904,11075584,13-09-2021 18:06:33.638,8191,
29-12-2020 20:21:46.904,11075584,13-09-2021 18:06:33.638,8191,
29-12-2020 20:21:46.904,11075584,13-09-2021 18:06:33.638,8191,
29-12-2020 20:21:46.904,11075584,13-09-2021 18:06:33.638,8191,
29-12-2020 20:21:46.904,11075584,13-09-2021 18:06:33.638,8191,
29-12-2020 20:21:46.904,11075584,13-09-2021 18:06:33.638,8191,
29-12-2020 20:21:46.904,11075584,13-09-2021 18:06:33.638,8191,
29-12-2020 20:21:46.904,11075584,13-09-2021 18:06:33.638,8191,
29-12-2020 20:21:46.904,11075584,13-09-2021 18:06:33.638,8191,
29-12-2020 20:21:46.904,11075584,13-09-2021 18:06:33.638,8191,
29-12-2020 20:21:46.904,11075584,13-09-2021 18:06:33.638,8191,
29-12-2020 20:21:46.904,11075584,13-09-2021 18:06:33.638,8191,
29-12-2020 20:21:46.904,11075584,13-09-2021 18:06:33.638,8191,
29-12-2020 20:21:46.904,11075584,13-09-2021 18:06:33.638,8191,
29-12-2020 20:21:46.904,11075584,13-09-2021 18:06:33.638,8191,
29-12-2020 20:21:46.904,11075584,13-09-2021 18:06:33.638,8191,
29-12-2020 20:21:46.904,11075584,13-09-2021 18:06:33.638,8191,
29-12-2020 20:21:46.904,11075584,13-09-2021 18:06:33.638,8191,
29-12-2020 20:21:46.904,11075584,13-09-2021 18:06:33.638,8191,
29-12-2020 20:21:46.904,11075584,13-09-2021 18:06:33.638,8191,
29-12-2020 20:21:46.904,11075584,13-09-2021 18:06:33.638,8191,
29-12-2020 20:21:46.904,11075584,13-09-2021 18:06:33.638,8191,
29-12-2020 20:21:46.904,11075584,13-09-2021 18:06:33.638,8191,
29-12-2020 20:21:46.904,11075584,13-09-2021 18:06:33.638,8191,
29-12-2020 20:21:46.904,11075584,13-09-2021 18:06:33.638,8191,
29-12-2020 20:21:46.904,11075584,13-09-2021 18:06:33.638,8191,
29-12-2020 20:21:46.904,11075584,13-09-2021 18:06:33.638,8191,
29-12-2020 20:21:46.904,11075584,13-09-2021 18:06:33.638,8191,
29-12-2020 20:21:46.904,11075584,13-09-2021 18:06:33.638,8191,
29-12-2020 20:21:46.904,11075584,13-09-2021 18:06:33.638,8191,
29-12-2020 20:21:46.904,11075584,13-09-2021 18:06:33.638,8191,
29-12-2020 20:21:46.904,11075584,13-09-2021 18:06:33.638,8191,
29-12-2020 20:21:46.904,11075584,13-09-2021 18:06:33.638,8191,
29-12-2020 20:21:46.904,11075584,13-09-2021 18:06:33.638,8191,
29-12-2020 20:21:46.904,11075584,13-09-2021 18:06:33.638,8191,
29-12-2020 20:21:46.904,11075584,13-09-2021 18:06:33.638,8191,
29-12-2020 20:21:46.904,11075584,13-09-2021 18:06:33.638,8191,
29-12-2020 20:21:46.904,11075584,13-09-2021 18:06:33.638,8191,
29-12-2020 20:21:46.904,11075584,13-09-2021 18:06:33.638,8191,
29-12-2020 20:21:46.904,11075584,13-09-2021 18:06:33.638,8191,
29-12-2020 20:21:46.904,11075584,13-09-2021 18:06:33.638,8191,
29-12-2020 20:21:46.904,11075584,13-09-2021 18:06:33.638,8191,
29-12-2020 20:21:46.904,11075584,13-09-2021 18:06:33.638,8191,
29-12-2020 20:21:46.904,11075584,13-09-2021 18:06:33.638,8191,
29-12-2020 20:21:46.904,11075584,13-09-2021 18:06:33.638,8191,
29-12-2020 20:21:46.904,11075584,13-09-2021 18:06:33.638,8191,
29-12-2020 20:21:46.904,11075584,13-09-2021 18:06:33.638,8191,
29-12-2020 20:21:46.904,11075584,13-09-2021 18:06:33.638,8191,
29-12-2020 20:21:46.904,11075584,13-09-2021 18:06:33.638,8191,
29-12-2020 20:21:46.904,11075584,13-09-2021 18:06:33.638,8191,
29-12-2020 20:21:46.904,11075584,13-09-2021 18:06:33.638,8191,
29-12-2020 20:21:46.904,11075584,13-09-2021 18:06:33.638,8191,
29-12-2020 20:21:46.904,11075584,13-09-2021 18:06:33.638,8191,
29-12-2020 20:21:46.904,11075584,13-09-2021 18:06:33.638,8191,
29-12-2020 20:21:46.904,11075584,13-09-2021 18:06:33.638,8191,
29-12-2020 20:21:46.904,11075584,13-09-2021 18:06:33.638,8191,
29-12-2020 20:21:46.904,11075584,13-09-2021 18:06:33.638,8191,
29-12-2020 20:21:46.904,11075584,13-09-2021 18:06:33.638,8191,
29-12-2020 20:21:46.904,11075584,13-09-2021 18:06:33.638,8191,
29-12-2020 20:21:46.904,11075584,13-09-2021 18:06:33.638,8191,
29-12-2020 20:21:46.904,11075584,13-09-2021 18:06:33.638,8191,
29-12-2020 20:21:46.904,11075584,13-09-2021 18:06:33.638,8191,
29-12-2020 20:21:46.904,11075584,13-09-2021 18:06:33.638,8191,
29-12-2020 20:21:46.904,11075584,13-09-2021 18:06:33.638,8191,
29-12-2020 20:21:46.904,11075584,13-09-2021 18:06:33.638,8191,
29-12-2020 20:21:46.904,11075584,13-09-2021 18:06:33.638,8191,
29-12-2020 20:21:46.904,11075584,13-09-2021 18:06:33.638,8191,
29-12-2020 20:21:46.904,11075584,13-09-2021 18:06:33.638,8191,
29-12-2020 20:21:46.904,11075584,13-09-2021 18:06:33.638,8191,
29-12-2020 20:21:46.904,11075584,13-09-2021 18:06:33.638,8191,
29-12-2020 20:21:46.904,11075584,13-09-2021 18:06:33.638,8191,
29-12-2020 20:21:46.904,11075584,13-09-2021 18:06:33.638,8191,
29-12-2020 20:21:46.904,11075584,13-09-2021 18:06:33.638,8191,
29-12-2020 20:21:46.904,11075584,13-09-2021 18:06:33.638,8191,
29-12-2020 20:21:46.904,11075584,13-09-2021 18:06:33.638,8191,
29-12-2020 20:21:46.904,11075584,13-09-2021 18:06:33.638,8191,
29-12-2020 20:21:46.904,11075584,13-09-2021 18:06:33.638,8191,
29-12-2020 20:21:46.904,11075584,13-09-2021 18:06:33.638,8191,
29-12-2020 20:21:46.904,11075584,13-09-2021 18:06:33.638,8191,
29-12-2020 20:21:46.904,11075584,13-09-2021 18:06:33.638,8191,
29-12-2020 20:21:46.904,11075584,13-09-2021 18:06:33.638,8191,
29-12-2020 20:21:46.904,11075584,13-09-2021 18:06:33.638,8191,
29-12-2020 20:21:46.904,11075584,13-09-2021 18:06:33.638,8191,
29-12-2020 20:21:46.904,11075584,13-09-2021 18:06:33.638,8191,
29-12-2020 20:21:46.904,11075584,13-09-2021 18:06:33.638,8191,
29-12-2020 20:21:46.904,11075584,13-09-2021 18:06:33.638,8191,
29-12-2020 20:21:46.904,11075584,13-09-2021 18:06:33.638,8191,
29-12-2020 20:21:46.904,11075584,13-09-2021 18:06:33.638,8191,
29-12-2020 20:21:47.160,11077632,13-09-2021 18:06:33.654,8191,
29-12-2020 20:21:47.160,11077632,13-09-2021 18:06:33.654,8191,
29-12-2020 20:21:47.160,11077632,13-09-2021 18:06:33.654,8191,
29-12-2020 20:21:47.160,11077632,13-09-2021 18:06:33.654,8191,
29-12-2020 20:21:47.160,11077632,13-09-2021 18:06:33.654,8191,
29-12-2020 20:21:47.160,11077632,13-09-2021 18:06:33.654,8191,
29-12-2020 20:21:47.160,11077632,13-09-2021 18:06:33.654,8191,
29-12-2020 20:21:47.160,11077632,13-09-2021 18:06:33.654,8191,
29-12-2020 20:21:47.160,11077632,13-09-2021 18:06:33.654,8191,
29-12-2020 20:21:47.160,11077632,13-09-2021 18:06:33.654,8191,
29-12-2020 20:21:47.160,11077632,13-09-2021 18:06:33.654,8191,
29-12-2020 20:21:47.160,11077632,13-09-2021 18:06:33.654,8191,
29-12-2020 20:21:47.160,11077632,13-09-2021 18:06:33.654,8191,
29-12-2020 20:21:47.160,11077632,13-09-2021 18:06:33.654,8191,
29-12-2020 20:21:47.160,11077632,13-09-2021 18:06:33.654,8191,
29-12-2020 20:21:47.160,11077632,13-09-2021 18:06:33.654,8191,
29-12-2020 20:21:47.160,11077632,13-09-2021 18:06:33.654,8191,
29-12-2020 20:21:47.160,11077632,13-09-2021 18:06:33.654,8191,
29-12-2020 20:21:47.160,11077632,13-09-2021 18:06:33.654,8191,
29-12-2020 20:21:47.160,11077632,13-09-2021 18:06:33.654,8191,
29-12-2020 20:21:47.160,11077632,13-09-2021 18:06:33.654,8191,
29-12-2020 20:21:47.160,11077632,13-09-2021 18:06:33.654,8191,
29-12-2020 20:21:47.160,11077632,13-09-2021 18:06:33.654,8191,
29-12-2020 20:21:47.160,11077632,13-09-2021 18:06:33.654,8191,
29-12-2020 20:21:47.160,11077632,13-09-2021 18:06:33.654,8191,
29-12-2020 20:21:47.160,11077632,13-09-2021 18:06:33.654,8191,
29-12-2020 20:21:47.160,11077632,13-09-2021 18:06:33.654,8191,
29-12-2020 20:21:47.160,11077632,13-09-2021 18:06:33.654,8191,
29-12-2020 20:21:47.160,11077632,13-09-2021 18:06:33.654,8191,
29-12-2020 20:21:47.160,11077632,13-09-2021 18:06:33.654,8191,
29-12-2020 20:21:47.160,11077632,13-09-2021 18:06:33.654,8191,
29-12-2020 20:21:47.160,11077632,13-09-2021 18:06:33.654,8191,
29-12-2020 20:21:47.160,11077632,13-09-2021 18:06:33.654,8191,
29-12-2020 20:21:47.160,11077632,13-09-2021 18:06:33.654,8191,
29-12-2020 20:21:47.160,11077632,13-09-2021 18:06:33.654,8191,
29-12-2020 20:21:47.160,11077632,13-09-2021 18:06:33.654,8191,
29-12-2020 20:21:47.160,11077632,13-09-2021 18:06:33.654,8191,
29-12-2020 20:21:47.160,11077632,13-09-2021 18:06:33.654,8191,
29-12-2020 20:21:47.160,11077632,13-09-2021 18:06:33.654,8191,
29-12-2020 20:21:47.160,11077632,13-09-2021 18:06:33.654,8191,
29-12-2020 20:21:47.160,11077632,13-09-2021 18:06:33.654,8191,
29-12-2020 20:21:47.160,11077632,13-09-2021 18:06:33.654,8191,
29-12-2020 20:21:47.160,11077632,13-09-2021 18:06:33.654,8191,
29-12-2020 20:21:47.160,11077632,13-09-2021 18:06:33.654,8191,
29-12-2020 20:21:47.160,11077632,13-09-2021 18:06:33.654,8191,
29-12-2020 20:21:47.160,11077632,13-09-2021 18:06:33.654,8191,
29-12-2020 20:21:47.160,11077632,13-09-2021 18:06:33.654,8191,
29-12-2020 20:21:47.160,11077632,13-09-2021 18:06:33.654,8191,
29-12-2020 20:21:47.160,11077632,13-09-2021 18:06:33.654,8191,
29-12-2020 20:21:47.160,11077632,13-09-2021 18:06:33.654,8191,
29-12-2020 20:21:47.160,11077632,13-09-2021 18:06:33.654,8191,
29-12-2020 20:21:47.160,11077632,13-09-2021 18:06:33.654,8191,
29-12-2020 20:21:47.160,11077632,13-09-2021 18:06:33.654,8191,
29-12-2020 20:21:47.160,11077632,13-09-2021 18:06:33.654,8191,
29-12-2020 20:21:47.160,11077632,13-09-2021 18:06:33.654,8191,
29-12-2020 20:21:47.160,11077632,13-09-2021 18:06:33.654,8191,
29-12-2020 20:21:47.160,11077632,13-09-2021 18:06:33.654,8191,
29-12-2020 20:21:47.160,11077632,13-09-2021 18:06:33.654,8191,
29-12-2020 20:21:47.160,11077632,13-09-2021 18:06:33.654,8191,
29-12-2020 20:21:47.160,11077632,13-09-2021 18:06:33.654,8191,
29-12-2020 20:21:47.160,11077632,13-09-2021 18:06:33.654,8191,
29-12-2020 20:21:47.160,11077632,13-09-2021 18:06:33.654,8191,
29-12-2020 20:21:47.160,11077632,13-09-2021 18:06:33.654,8191,
29-12-2020 20:21:47.160,11077632,13-09-2021 18:06:33.654,8191,
29-12-2020 20:21:47.160,11077632,13-09-2021 18:06:33.654,8191,
29-12-2020 20:21:47.160,11077632,13-09-2021 18:06:33.654,8191,
29-12-2020 20:21:47.160,11077632,13-09-2021 18:06:33.654,8191,
29-12-2020 20:21:47.160,11077632,13-09-2021 18:06:33.654,8191,
29-12-2020 20:21:47.160,11077632,13-09-2021 18:06:33.654,8191,
29-12-2020 20:21:47.160,11077632,13-09-2021 18:06:33.654,8191,
29-12-2020 20:21:47.160,11077632,13-09-2021 18:06:33.654,8191,
29-12-2020 20:21:47.160,11077632,13-09-2021 18:06:33.654,8191,
29-12-2020 20:21:47.160,11077632,13-09-2021 18:06:33.654,8191,
29-12-2020 20:21:47.160,11077632,13-09-2021 18:06:33.654,8191,
29-12-2020 20:21:47.160,11077632,13-09-2021 18:06:33.654,8191,
29-12-2020 20:21:47.160,11077632,13-09-2021 18:06:33.654,8191,
29-12-2020 20:21:47.160,11077632,13-09-2021 18:06:33.654,8191,
29-12-2020 20:21:47.160,11077632,13-09-2021 18:06:33.654,8191,
29-12-2020 20:21:47.160,11077632,13-09-2021 18:06:33.654,8191,
29-12-2020 20:21:47.160,11077632,13-09-2021 18:06:33.654,8191,
29-12-2020 20:21:47.160,11077632,13-09-2021 18:06:33.654,8191,
29-12-2020 20:21:47.160,11077632,13-09-2021 18:06:33.654,8191,
29-12-2020 20:21:47.160,11077632,13-09-2021 18:06:33.654,8191,
29-12-2020 20:21:47.160,11077632,13-09-2021 18:06:33.654,8191,
29-12-2020 20:21:47.160,11077632,13-09-2021 18:06:33.654,8191,
29-12-2020 20:21:47.160,11077632,13-09-2021 18:06:33.654,8191,
29-12-2020 20:21:47.160,11077632,13-09-2021 18:06:33.654,8191,
29-12-2020 20:21:47.160,11077632,13-09-2021 18:06:33.654,8191,
29-12-2020 20:21:47.160,11077632,13-09-2021 18:06:33.654,8191,
29-12-2020 20:21:47.160,11077632,13-09-2021 18:06:33.654,8191,
29-12-2020 20:21:47.160,11077632,13-09-2021 18:06:33.654,8191,
29-12-2020 20:21:47.160,11077632,13-09-2021 18:06:33.654,8191,
29-12-2020 20:21:47.160,11077632,13-09-2021 18:06:33.654,8191,
29-12-2020 20:21:47.160,11077632,13-09-2021 18:06:33.654,8191,
29-12-2020 20:21:47.160,11077632,13-09-2021 18:06:33.654,8191,
29-12-2020 20:21:47.160,11077632,13-09-2021 18:06:33.654,8191,
29-12-2020 20:21:47.160,11077632,13-09-2021 18:06:33.654,8191,
29-12-2020 20:21:47.160,11077632,13-09-2021 18:06:33.654,8191,
29-12-2020 20:21:47.160,11077632,13-09-2021 18:06:33.654,8191,
29-12-2020 20:21:47.160,11077632,13-09-2021 18:06:33.654,8191,
29-12-2020 20:21:47.160,11077632,13-09-2021 18:06:33.654,8191,
29-12-2020 20:21:47.160,11077632,13-09-2021 18:06:33.654,8191,
29-12-2020 20:21:47.160,11077632,13-09-2021 18:06:33.654,8191,
29-12-2020 20:21:47.160,11077632,13-09-2021 18:06:33.654,8191,
29-12-2020 20:21:47.160,11077632,13-09-2021 18:06:33.654,8191,
29-12-2020 20:21:47.160,11077632,13-09-2021 18:06:33.654,8191,
29-12-2020 20:21:47.160,11077632,13-09-2021 18:06:33.654,8191,
29-12-2020 20:21:47.160,11077632,13-09-2021 18:06:33.654,8191,
29-12-2020 20:21:47.160,11077632,13-09-2021 18:06:33.654,8191,
29-12-2020 20:21:47.160,11077632,13-09-2021 18:06:33.654,8191,
29-12-2020 20:21:47.160,11077632,13-09-2021 18:06:33.654,8191,
29-12-2020 20:21:47.160,11077632,13-09-2021 18:06:33.654,8191,
29-12-2020 20:21:47.160,11077632,13-09-2021 18:06:33.654,8191,
29-12-2020 20:21:47.160,11077632,13-09-2021 18:06:33.654,8191,
29-12-2020 20:21:47.160,11077632,13-09-2021 18:06:33.654,8191,
29-12-2020 20:21:47.160,11077632,13-09-2021 18:06:33.654,8191,
29-12-2020 20:21:47.160,11077632,13-09-2021 18:06:33.654,8191,
29-12-2020 20:21:47.160,11077632,13-09-2021 18:06:33.654,8191,
29-12-2020 20:21:47.160,11077632,13-09-2021 18:06:33.654,8191,
29-12-2020 20:21:47.160,11077632,13-09-2021 18:06:33.654,8191,
29-12-2020 20:21:47.160,11077632,13-09-2021 18:06:33.654,8191,
29-12-2020 20:21:47.160,11077632,13-09-2021 18:06:33.654,8191,
29-12-2020 20:21:47.160,11077632,13-09-2021 18:06:33.654,8191,
29-12-2020 20:21:47.160,11077632,13-09-2021 18:06:33.654,8191,
29-12-2020 20:21:47.160,11077632,13-09-2021 18:06:33.654,8191,
29-12-2020 20:21:47.160,11077632,13-09-2021 18:06:33.654,8191,
29-12-2020 20:21:47.160,11077632,13-09-2021 18:06:33.654,8191,
29-12-2020 20:21:47.160,11077632,13-09-2021 18:06:33.654,8191,
29-12-2020 20:21:47.416,11079680,13-09-2021 18:06:34.666,8191,
29-12-2020 20:21:47.416,11079680,13-09-2021 18:06:34.666,8191,
29-12-2020 20:21:47.416,11079680,13-09-2021 18:06:34.666,8191,
29-12-2020 20:21:47.416,11079680,13-09-2021 18:06:34.666,8191,
29-12-2020 20:21:47.416,11079680,13-09-2021 18:06:34.666,8191,
29-12-2020 20:21:47.416,11079680,13-09-2021 18:06:34.666,8191,
29-12-2020 20:21:47.416,11079680,13-09-2021 18:06:34.666,8191,
29-12-2020 20:21:47.416,11079680,13-09-2021 18:06:34.666,8191,
29-12-2020 20:21:47.416,11079680,13-09-2021 18:06:34.666,8191,
29-12-2020 20:21:47.416,11079680,13-09-2021 18:06:34.666,8191,
29-12-2020 20:21:47.416,11079680,13-09-2021 18:06:34.666,8191,
29-12-2020 20:21:47.416,11079680,13-09-2021 18:06:34.666,8191,
29-12-2020 20:21:47.416,11079680,13-09-2021 18:06:34.666,8191,
29-12-2020 20:21:47.416,11079680,13-09-2021 18:06:34.666,8191,
29-12-2020 20:21:47.416,11079680,13-09-2021 18:06:34.666,8191,
29-12-2020 20:21:47.416,11079680,13-09-2021 18:06:34.666,8191,
29-12-2020 20:21:47.416,11079680,13-09-2021 18:06:34.666,8191,
29-12-2020 20:21:47.416,11079680,13-09-2021 18:06:34.666,8191,
29-12-2020 20:21:47.416,11079680,13-09-2021 18:06:34.666,8191,
29-12-2020 20:21:47.416,11079680,13-09-2021 18:06:34.666,8191,
29-12-2020 20:21:47.416,11079680,13-09-2021 18:06:34.666,8191,
29-12-2020 20:21:47.416,11079680,13-09-2021 18:06:34.666,8191,
29-12-2020 20:21:47.416,11079680,13-09-2021 18:06:34.666,8191,
29-12-2020 20:21:47.416,11079680,13-09-2021 18:06:34.666,8191,
29-12-2020 20:21:47.416,11079680,13-09-2021 18:06:34.666,8191,
29-12-2020 20:21:47.416,11079680,13-09-2021 18:06:34.666,8191,
29-12-2020 20:21:47.416,11079680,13-09-2021 18:06:34.666,8191,
29-12-2020 20:21:47.416,11079680,13-09-2021 18:06:34.666,8191,
29-12-2020 20:21:47.416,11079680,13-09-2021 18:06:34.666,8191,
29-12-2020 20:21:47.416,11079680,13-09-2021 18:06:34.666,8191,
29-12-2020 20:21:47.416,11079680,13-09-2021 18:06:34.666,8191,
29-12-2020 20:21:47.416,11079680,13-09-2021 18:06:34.666,8191,
29-12-2020 20:21:47.416,11079680,13-09-2021 18:06:34.666,8191,
29-12-2020 20:21:47.416,11079680,13-09-2021 18:06:34.666,8191,
29-12-2020 20:21:47.416,11079680,13-09-2021 18:06:34.666,8191,
29-12-2020 20:21:47.416,11079680,13-09-2021 18:06:34.666,8191,
29-12-2020 20:21:47.416,11079680,13-09-2021 18:06:34.666,8191,
29-12-2020 20:21:47.416,11079680,13-09-2021 18:06:34.666,8191,
29-12-2020 20:21:47.416,11079680,13-09-2021 18:06:34.666,8191,
29-12-2020 20:21:47.416,11079680,13-09-2021 18:06:34.666,8191,
29-12-2020 20:21:47.416,11079680,13-09-2021 18:06:34.666,8191,
29-12-2020 20:21:47.416,11079680,13-09-2021 18:06:34.666,8191,
29-12-2020 20:21:47.416,11079680,13-09-2021 18:06:34.666,8191,
29-12-2020 20:21:47.416,11079680,13-09-2021 18:06:34.666,8191,
29-12-2020 20:21:47.416,11079680,13-09-2021 18:06:34.666,8191,
29-12-2020 20:21:47.416,11079680,13-09-2021 18:06:34.666,8191,
29-12-2020 20:21:47.416,11079680,13-09-2021 18:06:34.666,8191,
29-12-2020 20:21:47.416,11079680,13-09-2021 18:06:34.666,8191,
29-12-2020 20:21:47.416,11079680,13-09-2021 18:06:34.666,8191,
29-12-2020 20:21:47.416,11079680,13-09-2021 18:06:34.666,8191,
29-12-2020 20:21:47.416,11079680,13-09-2021 18:06:34.666,8191,
29-12-2020 20:21:47.416,11079680,13-09-2021 18:06:34.666,8191,
29-12-2020 20:21:47.416,11079680,13-09-2021 18:06:34.666,8191,
29-12-2020 20:21:47.416,11079680,13-09-2021 18:06:34.666,8191,
29-12-2020 20:21:47.416,11079680,13-09-2021 18:06:34.666,8191,
29-12-2020 20:21:47.416,11079680,13-09-2021 18:06:34.666,8191,
29-12-2020 20:21:47.416,11079680,13-09-2021 18:06:34.666,8191,
29-12-2020 20:21:47.416,11079680,13-09-2021 18:06:34.666,8191,
29-12-2020 20:21:47.416,11079680,13-09-2021 18:06:34.666,8191,
29-12-2020 20:21:47.416,11079680,13-09-2021 18:06:34.666,8191,
29-12-2020 20:21:47.416,11079680,13-09-2021 18:06:34.666,8191,
29-12-2020 20:21:47.416,11079680,13-09-2021 18:06:34.666,8191,
29-12-2020 20:21:47.416,11079680,13-09-2021 18:06:34.666,8191,
29-12-2020 20:21:47.416,11079680,13-09-2021 18:06:34.666,8191,
29-12-2020 20:21:47.416,11079680,13-09-2021 18:06:34.666,8191,
29-12-2020 20:21:47.416,11079680,13-09-2021 18:06:34.666,8191,
29-12-2020 20:21:47.416,11079680,13-09-2021 18:06:34.666,8191,
29-12-2020 20:21:47.416,11079680,13-09-2021 18:06:34.666,8191,
29-12-2020 20:21:47.416,11079680,13-09-2021 18:06:34.666,8191,
29-12-2020 20:21:47.416,11079680,13-09-2021 18:06:34.666,8191,
29-12-2020 20:21:47.416,11079680,13-09-2021 18:06:34.666,8191,
29-12-2020 20:21:47.416,11079680,13-09-2021 18:06:34.666,8191,
29-12-2020 20:21:47.416,11079680,13-09-2021 18:06:34.666,8191,
29-12-2020 20:21:47.416,11079680,13-09-2021 18:06:34.666,8191,
29-12-2020 20:21:47.416,11079680,13-09-2021 18:06:34.666,8191,
29-12-2020 20:21:47.416,11079680,13-09-2021 18:06:34.666,8191,
29-12-2020 20:21:47.416,11079680,13-09-2021 18:06:34.666,8191,
29-12-2020 20:21:47.416,11079680,13-09-2021 18:06:34.666,8191,
29-12-2020 20:21:47.416,11079680,13-09-2021 18:06:34.666,8191,
29-12-2020 20:21:47.416,11079680,13-09-2021 18:06:34.666,8191,
29-12-2020 20:21:47.416,11079680,13-09-2021 18:06:34.666,8191,
29-12-2020 20:21:47.416,11079680,13-09-2021 18:06:34.666,8191,
29-12-2020 20:21:47.416,11079680,13-09-2021 18:06:34.666,8191,
29-12-2020 20:21:47.416,11079680,13-09-2021 18:06:34.666,8191,
29-12-2020 20:21:47.416,11079680,13-09-2021 18:06:34.666,8191,
29-12-2020 20:21:47.416,11079680,13-09-2021 18:06:34.666,8191,
29-12-2020 20:21:47.416,11079680,13-09-2021 18:06:34.666,8191,
29-12-2020 20:21:47.416,11079680,13-09-2021 18:06:34.666,8191,
29-12-2020 20:21:47.416,11079680,13-09-2021 18:06:34.666,8191,
29-12-2020 20:21:47.416,11079680,13-09-2021 18:06:34.666,8191,
29-12-2020 20:21:47.416,11079680,13-09-2021 18:06:34.666,8191,
29-12-2020 20:21:47.416,11079680,13-09-2021 18:06:34.666,8191,
29-12-2020 20:21:47.416,11079680,13-09-2021 18:06:34.666,8191,
29-12-2020 20:21:47.416,11079680,13-09-2021 18:06:34.666,8191,
29-12-2020 20:21:47.416,11079680,13-09-2021 18:06:34.666,8191,
29-12-2020 20:21:47.416,11079680,13-09-2021 18:06:34.666,8191,
29-12-2020 20:21:47.416,11079680,13-09-2021 18:06:34.666,8191,
29-12-2020 20:21:47.416,11079680,13-09-2021 18:06:34.666,8191,
29-12-2020 20:21:47.416,11079680,13-09-2021 18:06:34.666,8191,
29-12-2020 20:21:47.416,11079680,13-09-2021 18:06:34.666,8191,
29-12-2020 20:21:47.416,11079680,13-09-2021 18:06:34.666,8191,
29-12-2020 20:21:47.416,11079680,13-09-2021 18:06:34.666,8191,
29-12-2020 20:21:47.416,11079680,13-09-2021 18:06:34.666,8191,
29-12-2020 20:21:47.416,11079680,13-09-2021 18:06:34.666,8191,
29-12-2020 20:21:47.416,11079680,13-09-2021 18:06:34.666,8191,
29-12-2020 20:21:47.416,11079680,13-09-2021 18:06:34.666,8191,
29-12-2020 20:21:47.416,11079680,13-09-2021 18:06:34.666,8191,
29-12-2020 20:21:47.416,11079680,13-09-2021 18:06:34.666,8191,
29-12-2020 20:21:47.416,11079680,13-09-2021 18:06:34.666,8191,
29-12-2020 20:21:47.416,11079680,13-09-2021 18:06:34.666,8191,
29-12-2020 20:21:47.416,11079680,13-09-2021 18:06:34.666,8191,
29-12-2020 20:21:47.416,11079680,13-09-2021 18:06:34.666,8191,
29-12-2020 20:21:47.416,11079680,13-09-2021 18:06:34.666,8191,
29-12-2020 20:21:47.416,11079680,13-09-2021 18:06:34.666,8191,
29-12-2020 20:21:47.416,11079680,13-09-2021 18:06:34.666,8191,
29-12-2020 20:21:47.416,11079680,13-09-2021 18:06:34.666,8191,
29-12-2020 20:21:47.416,11079680,13-09-2021 18:06:34.666,8191,
29-12-2020 20:21:47.416,11079680,13-09-2021 18:06:34.666,8191,
29-12-2020 20:21:47.416,11079680,13-09-2021 18:06:34.666,8191,
29-12-2020 20:21:47.416,11079680,13-09-2021 18:06:34.666,8191,
29-12-2020 20:21:47.416,11079680,13-09-2021 18:06:34.666,8191,
29-12-2020 20:21:47.416,11079680,13-09-2021 18:06:34.666,8191,
29-12-2020 20:21:47.416,11079680,13-09-2021 18:06:34.666,8191,
29-12-2020 20:21:47.416,11079680,13-09-2021 18:06:34.666,8191,
29-12-2020 20:21:47.416,11079680,13-09-2021 18:06:34.666,8191,
29-12-2020 20:21:47.416,11079680,13-09-2021 18:06:34.666,8191,
29-12-2020 20:21:47.416,11079680,13-09-2021 18:06:34.666,8191,
29-12-2020 20:21:47.416,11079680,13-09-2021 18:06:34.666,8191,
29-12-2020 20:21:47.672,11081728,13-09-2021 18:06:34.671,8191,
29-12-2020 20:21:47.672,11081728,13-09-2021 18:06:34.671,8191,
29-12-2020 20:21:47.672,11081728,13-09-2021 18:06:34.671,8191,
29-12-2020 20:21:47.672,11081728,13-09-2021 18:06:34.671,8191,
29-12-2020 20:21:47.672,11081728,13-09-2021 18:06:34.671,8191,
29-12-2020 20:21:47.672,11081728,13-09-2021 18:06:34.671,8191,
29-12-2020 20:21:47.672,11081728,13-09-2021 18:06:34.671,8191,
29-12-2020 20:21:47.672,11081728,13-09-2021 18:06:34.671,8191,
29-12-2020 20:21:47.672,11081728,13-09-2021 18:06:34.671,8191,
29-12-2020 20:21:47.672,11081728,13-09-2021 18:06:34.671,8191,
29-12-2020 20:21:47.672,11081728,13-09-2021 18:06:34.671,8191,
29-12-2020 20:21:47.672,11081728,13-09-2021 18:06:34.671,8191,
29-12-2020 20:21:47.672,11081728,13-09-2021 18:06:34.671,8191,
29-12-2020 20:21:47.672,11081728,13-09-2021 18:06:34.671,8191,
29-12-2020 20:21:47.672,11081728,13-09-2021 18:06:34.671,8191,
29-12-2020 20:21:47.672,11081728,13-09-2021 18:06:34.671,8191,
29-12-2020 20:21:47.672,11081728,13-09-2021 18:06:34.671,8191,
29-12-2020 20:21:47.672,11081728,13-09-2021 18:06:34.671,8191,
29-12-2020 20:21:47.672,11081728,13-09-2021 18:06:34.671,8191,
29-12-2020 20:21:47.672,11081728,13-09-2021 18:06:34.671,8191,
29-12-2020 20:21:47.672,11081728,13-09-2021 18:06:34.671,8191,
29-12-2020 20:21:47.672,11081728,13-09-2021 18:06:34.671,8191,
29-12-2020 20:21:47.672,11081728,13-09-2021 18:06:34.671,8191,
29-12-2020 20:21:47.672,11081728,13-09-2021 18:06:34.671,8191,
29-12-2020 20:21:47.672,11081728,13-09-2021 18:06:34.671,8191,
29-12-2020 20:21:47.672,11081728,13-09-2021 18:06:34.671,8191,
29-12-2020 20:21:47.672,11081728,13-09-2021 18:06:34.671,8191,
29-12-2020 20:21:47.672,11081728,13-09-2021 18:06:34.671,8191,
29-12-2020 20:21:47.672,11081728,13-09-2021 18:06:34.671,8191,
29-12-2020 20:21:47.672,11081728,13-09-2021 18:06:34.671,8191,
29-12-2020 20:21:47.672,11081728,13-09-2021 18:06:34.671,8191,
29-12-2020 20:21:47.672,11081728,13-09-2021 18:06:34.671,8191,
29-12-2020 20:21:47.672,11081728,13-09-2021 18:06:34.671,8191,
29-12-2020 20:21:47.672,11081728,13-09-2021 18:06:34.671,8191,
29-12-2020 20:21:47.672,11081728,13-09-2021 18:06:34.671,8191,
29-12-2020 20:21:47.672,11081728,13-09-2021 18:06:34.671,8191,
29-12-2020 20:21:47.672,11081728,13-09-2021 18:06:34.671,8191,
29-12-2020 20:21:47.672,11081728,13-09-2021 18:06:34.671,8191,
29-12-2020 20:21:47.672,11081728,13-09-2021 18:06:34.671,8191,
29-12-2020 20:21:47.672,11081728,13-09-2021 18:06:34.671,8191,
29-12-2020 20:21:47.672,11081728,13-09-2021 18:06:34.671,8191,
29-12-2020 20:21:47.672,11081728,13-09-2021 18:06:34.671,8191,
29-12-2020 20:21:47.672,11081728,13-09-2021 18:06:34.671,8191,
29-12-2020 20:21:47.672,11081728,13-09-2021 18:06:34.671,8191,
29-12-2020 20:21:47.672,11081728,13-09-2021 18:06:34.671,8191,
29-12-2020 20:21:47.672,11081728,13-09-2021 18:06:34.671,8191,
29-12-2020 20:21:47.672,11081728,13-09-2021 18:06:34.671,8191,
29-12-2020 20:21:47.672,11081728,13-09-2021 18:06:34.671,8191,
29-12-2020 20:21:47.672,11081728,13-09-2021 18:06:34.671,8191,
29-12-2020 20:21:47.672,11081728,13-09-2021 18:06:34.671,8191,
29-12-2020 20:21:47.672,11081728,13-09-2021 18:06:34.671,8191,
29-12-2020 20:21:47.672,11081728,13-09-2021 18:06:34.671,8191,
29-12-2020 20:21:47.672,11081728,13-09-2021 18:06:34.671,8191,
29-12-2020 20:21:47.672,11081728,13-09-2021 18:06:34.671,8191,
29-12-2020 20:21:47.672,11081728,13-09-2021 18:06:34.671,8191,
29-12-2020 20:21:47.672,11081728,13-09-2021 18:06:34.671,8191,
29-12-2020 20:21:47.672,11081728,13-09-2021 18:06:34.671,8191,
29-12-2020 20:21:47.672,11081728,13-09-2021 18:06:34.671,8191,
29-12-2020 20:21:47.672,11081728,13-09-2021 18:06:34.671,8191,
29-12-2020 20:21:47.672,11081728,13-09-2021 18:06:34.671,8191,
29-12-2020 20:21:47.672,11081728,13-09-2021 18:06:34.671,8191,
29-12-2020 20:21:47.672,11081728,13-09-2021 18:06:34.671,8191,
29-12-2020 20:21:47.672,11081728,13-09-2021 18:06:34.671,8191,
29-12-2020 20:21:47.672,11081728,13-09-2021 18:06:34.671,8191,
29-12-2020 20:21:47.672,11081728,13-09-2021 18:06:34.671,8191,
29-12-2020 20:21:47.672,11081728,13-09-2021 18:06:34.671,8191,
29-12-2020 20:21:47.672,11081728,13-09-2021 18:06:34.671,8191,
29-12-2020 20:21:47.672,11081728,13-09-2021 18:06:34.671,8191,
29-12-2020 20:21:47.672,11081728,13-09-2021 18:06:34.671,8191,
29-12-2020 20:21:47.672,11081728,13-09-2021 18:06:34.671,8191,
29-12-2020 20:21:47.672,11081728,13-09-2021 18:06:34.671,8191,
29-12-2020 20:21:47.672,11081728,13-09-2021 18:06:34.671,8191,
29-12-2020 20:21:47.672,11081728,13-09-2021 18:06:34.671,8191,
29-12-2020 20:21:47.672,11081728,13-09-2021 18:06:34.671,8191,
29-12-2020 20:21:47.672,11081728,13-09-2021 18:06:34.671,8191,
29-12-2020 20:21:47.672,11081728,13-09-2021 18:06:34.671,8191,
29-12-2020 20:21:47.672,11081728,13-09-2021 18:06:34.671,8191,
29-12-2020 20:21:47.672,11081728,13-09-2021 18:06:34.671,8191,
29-12-2020 20:21:47.672,11081728,13-09-2021 18:06:34.671,8191,
29-12-2020 20:21:47.672,11081728,13-09-2021 18:06:34.671,8191,
29-12-2020 20:21:47.672,11081728,13-09-2021 18:06:34.671,8191,
29-12-2020 20:21:47.672,11081728,13-09-2021 18:06:34.671,8191,
29-12-2020 20:21:47.672,11081728,13-09-2021 18:06:34.671,8191,
29-12-2020 20:21:47.672,11081728,13-09-2021 18:06:34.671,8191,
29-12-2020 20:21:47.672,11081728,13-09-2021 18:06:34.671,8191,
29-12-2020 20:21:47.672,11081728,13-09-2021 18:06:34.671,8191,
29-12-2020 20:21:47.672,11081728,13-09-2021 18:06:34.671,8191,
29-12-2020 20:21:47.672,11081728,13-09-2021 18:06:34.671,8191,
29-12-2020 20:21:47.672,11081728,13-09-2021 18:06:34.671,8191,
29-12-2020 20:21:47.672,11081728,13-09-2021 18:06:34.671,8191,
29-12-2020 20:21:47.672,11081728,13-09-2021 18:06:34.671,8191,
29-12-2020 20:21:47.672,11081728,13-09-2021 18:06:34.671,8191,
29-12-2020 20:21:47.672,11081728,13-09-2021 18:06:34.671,8191,
29-12-2020 20:21:47.672,11081728,13-09-2021 18:06:34.671,8191,
29-12-2020 20:21:47.672,11081728,13-09-2021 18:06:34.671,8191,
29-12-2020 20:21:47.672,11081728,13-09-2021 18:06:34.671,8191,
29-12-2020 20:21:47.672,11081728,13-09-2021 18:06:34.671,8191,
29-12-2020 20:21:47.672,11081728,13-09-2021 18:06:34.671,8191,
29-12-2020 20:21:47.672,11081728,13-09-2021 18:06:34.671,8191,
29-12-2020 20:21:47.672,11081728,13-09-2021 18:06:34.671,8191,
29-12-2020 20:21:47.672,11081728,13-09-2021 18:06:34.671,8191,
29-12-2020 20:21:47.672,11081728,13-09-2021 18:06:34.671,8191,
29-12-2020 20:21:47.672,11081728,13-09-2021 18:06:34.671,8191,
29-12-2020 20:21:47.672,11081728,13-09-2021 18:06:34.671,8191,
29-12-2020 20:21:47.672,11081728,13-09-2021 18:06:34.671,8191,
29-12-2020 20:21:47.672,11081728,13-09-2021 18:06:34.671,8191,
29-12-2020 20:21:47.672,11081728,13-09-2021 18:06:34.671,8191,
29-12-2020 20:21:47.672,11081728,13-09-2021 18:06:34.671,8191,
29-12-2020 20:21:47.672,11081728,13-09-2021 18:06:34.671,8191,
29-12-2020 20:21:47.672,11081728,13-09-2021 18:06:34.671,8191,
29-12-2020 20:21:47.672,11081728,13-09-2021 18:06:34.671,8191,
29-12-2020 20:21:47.672,11081728,13-09-2021 18:06:34.671,8191,
29-12-2020 20:21:47.672,11081728,13-09-2021 18:06:34.671,8191,
29-12-2020 20:21:47.672,11081728,13-09-2021 18:06:34.671,8191,
29-12-2020 20:21:47.672,11081728,13-09-2021 18:06:34.671,8191,
29-12-2020 20:21:47.672,11081728,13-09-2021 18:06:34.671,8191,
29-12-2020 20:21:47.672,11081728,13-09-2021 18:06:34.671,8191,
29-12-2020 20:21:47.672,11081728,13-09-2021 18:06:34.671,8191,
29-12-2020 20:21:47.672,11081728,13-09-2021 18:06:34.671,8191,
29-12-2020 20:21:47.672,11081728,13-09-2021 18:06:34.671,8191,
29-12-2020 20:21:47.672,11081728,13-09-2021 18:06:34.671,8191,
29-12-2020 20:21:47.672,11081728,13-09-2021 18:06:34.671,8191,
29-12-2020 20:21:47.672,11081728,13-09-2021 18:06:34.671,8191,
29-12-2020 20:21:47.672,11081728,13-09-2021 18:06:34.671,8191,
29-12-2020 20:21:47.672,11081728,13-09-2021 18:06:34.671,8191,
29-12-2020 20:21:47.672,11081728,13-09-2021 18:06:34.671,8191,
29-12-2020 20:21:47.672,11081728,13-09-2021 18:06:34.671,8191,
29-12-2020 20:21:47.672,11081728,13-09-2021 18:06:34.671,8191,
29-12-2020 20:21:47.928,11083776,13-09-2021 18:06:34.673,8191,
29-12-2020 20:21:47.928,11083776,13-09-2021 18:06:34.673,8191,
29-12-2020 20:21:47.928,11083776,13-09-2021 18:06:34.673,8191,
29-12-2020 20:21:47.928,11083776,13-09-2021 18:06:34.673,8191,
29-12-2020 20:21:47.928,11083776,13-09-2021 18:06:34.673,8191,
29-12-2020 20:21:47.928,11083776,13-09-2021 18:06:34.673,8191,
29-12-2020 20:21:47.928,11083776,13-09-2021 18:06:34.673,8191,
29-12-2020 20:21:47.928,11083776,13-09-2021 18:06:34.673,8191,
29-12-2020 20:21:47.928,11083776,13-09-2021 18:06:34.673,8191,
29-12-2020 20:21:47.928,11083776,13-09-2021 18:06:34.673,8191,
29-12-2020 20:21:47.928,11083776,13-09-2021 18:06:34.673,8191,
29-12-2020 20:21:47.928,11083776,13-09-2021 18:06:34.673,8191,
29-12-2020 20:21:47.928,11083776,13-09-2021 18:06:34.673,8191,
29-12-2020 20:21:47.928,11083776,13-09-2021 18:06:34.673,8191,
29-12-2020 20:21:47.928,11083776,13-09-2021 18:06:34.673,8191,
29-12-2020 20:21:47.928,11083776,13-09-2021 18:06:34.673,8191,
29-12-2020 20:21:47.928,11083776,13-09-2021 18:06:34.673,8191,
29-12-2020 20:21:47.928,11083776,13-09-2021 18:06:34.673,8191,
29-12-2020 20:21:47.928,11083776,13-09-2021 18:06:34.673,8191,
29-12-2020 20:21:47.928,11083776,13-09-2021 18:06:34.673,8191,
29-12-2020 20:21:47.928,11083776,13-09-2021 18:06:34.673,8191,
29-12-2020 20:21:47.928,11083776,13-09-2021 18:06:34.673,8191,
29-12-2020 20:21:47.928,11083776,13-09-2021 18:06:34.673,8191,
29-12-2020 20:21:47.928,11083776,13-09-2021 18:06:34.673,8191,
29-12-2020 20:21:47.928,11083776,13-09-2021 18:06:34.673,8191,
29-12-2020 20:21:47.928,11083776,13-09-2021 18:06:34.673,8191,
29-12-2020 20:21:47.928,11083776,13-09-2021 18:06:34.673,8191,
29-12-2020 20:21:47.928,11083776,13-09-2021 18:06:34.673,8191,
29-12-2020 20:21:47.928,11083776,13-09-2021 18:06:34.673,8191,
29-12-2020 20:21:47.928,11083776,13-09-2021 18:06:34.673,8191,
29-12-2020 20:21:47.928,11083776,13-09-2021 18:06:34.673,8191,
29-12-2020 20:21:47.928,11083776,13-09-2021 18:06:34.673,8191,
29-12-2020 20:21:47.928,11083776,13-09-2021 18:06:34.673,8191,
29-12-2020 20:21:47.928,11083776,13-09-2021 18:06:34.673,8191,
29-12-2020 20:21:47.928,11083776,13-09-2021 18:06:34.673,8191,
29-12-2020 20:21:47.928,11083776,13-09-2021 18:06:34.673,8191,
29-12-2020 20:21:47.928,11083776,13-09-2021 18:06:34.673,8191,
29-12-2020 20:21:47.928,11083776,13-09-2021 18:06:34.673,8191,
29-12-2020 20:21:47.928,11083776,13-09-2021 18:06:34.673,8191,
29-12-2020 20:21:47.928,11083776,13-09-2021 18:06:34.673,8191,
29-12-2020 20:21:47.928,11083776,13-09-2021 18:06:34.673,8191,
29-12-2020 20:21:47.928,11083776,13-09-2021 18:06:34.673,8191,
29-12-2020 20:21:47.928,11083776,13-09-2021 18:06:34.673,8191,
29-12-2020 20:21:47.928,11083776,13-09-2021 18:06:34.673,8191,
29-12-2020 20:21:47.928,11083776,13-09-2021 18:06:34.673,8191,
29-12-2020 20:21:47.928,11083776,13-09-2021 18:06:34.673,8191,
29-12-2020 20:21:47.928,11083776,13-09-2021 18:06:34.673,8191,
29-12-2020 20:21:47.928,11083776,13-09-2021 18:06:34.673,8191,
29-12-2020 20:21:47.928,11083776,13-09-2021 18:06:34.673,8191,
29-12-2020 20:21:47.928,11083776,13-09-2021 18:06:34.673,8191,
29-12-2020 20:21:47.928,11083776,13-09-2021 18:06:34.673,8191,
29-12-2020 20:21:47.928,11083776,13-09-2021 18:06:34.673,8191,
29-12-2020 20:21:47.928,11083776,13-09-2021 18:06:34.673,8191,
29-12-2020 20:21:47.928,11083776,13-09-2021 18:06:34.673,8191,
29-12-2020 20:21:47.928,11083776,13-09-2021 18:06:34.673,8191,
29-12-2020 20:21:47.928,11083776,13-09-2021 18:06:34.673,8191,
29-12-2020 20:21:47.928,11083776,13-09-2021 18:06:34.673,8191,
29-12-2020 20:21:47.928,11083776,13-09-2021 18:06:34.673,8191,
29-12-2020 20:21:47.928,11083776,13-09-2021 18:06:34.673,8191,
29-12-2020 20:21:47.928,11083776,13-09-2021 18:06:34.673,8191,
29-12-2020 20:21:47.928,11083776,13-09-2021 18:06:34.673,8191,
29-12-2020 20:21:47.928,11083776,13-09-2021 18:06:34.673,8191,
29-12-2020 20:21:47.928,11083776,13-09-2021 18:06:34.673,8191,
29-12-2020 20:21:47.928,11083776,13-09-2021 18:06:34.673,8191,
29-12-2020 20:21:47.928,11083776,13-09-2021 18:06:34.673,8191,
29-12-2020 20:21:47.928,11083776,13-09-2021 18:06:34.673,8191,
29-12-2020 20:21:47.928,11083776,13-09-2021 18:06:34.673,8191,
29-12-2020 20:21:47.928,11083776,13-09-2021 18:06:34.673,8191,
29-12-2020 20:21:47.928,11083776,13-09-2021 18:06:34.673,8191,
29-12-2020 20:21:47.928,11083776,13-09-2021 18:06:34.673,8191,
29-12-2020 20:21:47.928,11083776,13-09-2021 18:06:34.673,8191,
29-12-2020 20:21:47.928,11083776,13-09-2021 18:06:34.673,8191,
29-12-2020 20:21:47.928,11083776,13-09-2021 18:06:34.673,8191,
29-12-2020 20:21:47.928,11083776,13-09-2021 18:06:34.673,8191,
29-12-2020 20:21:47.928,11083776,13-09-2021 18:06:34.673,8191,
29-12-2020 20:21:47.928,11083776,13-09-2021 18:06:34.673,8191,
29-12-2020 20:21:47.928,11083776,13-09-2021 18:06:34.673,8191,
29-12-2020 20:21:47.928,11083776,13-09-2021 18:06:34.673,8191,
29-12-2020 20:21:47.928,11083776,13-09-2021 18:06:34.673,8191,
29-12-2020 20:21:47.928,11083776,13-09-2021 18:06:34.673,8191,
29-12-2020 20:21:47.928,11083776,13-09-2021 18:06:34.673,8191,
29-12-2020 20:21:47.928,11083776,13-09-2021 18:06:34.673,8191,
29-12-2020 20:21:47.928,11083776,13-09-2021 18:06:34.673,8191,
29-12-2020 20:21:47.928,11083776,13-09-2021 18:06:34.673,8191,
29-12-2020 20:21:47.928,11083776,13-09-2021 18:06:34.673,8191,
29-12-2020 20:21:47.928,11083776,13-09-2021 18:06:34.673,8191,
29-12-2020 20:21:47.928,11083776,13-09-2021 18:06:34.673,8191,
29-12-2020 20:21:47.928,11083776,13-09-2021 18:06:34.673,8191,
29-12-2020 20:21:47.928,11083776,13-09-2021 18:06:34.673,8191,
29-12-2020 20:21:47.928,11083776,13-09-2021 18:06:34.673,8191,
29-12-2020 20:21:47.928,11083776,13-09-2021 18:06:34.673,8191,
29-12-2020 20:21:47.928,11083776,13-09-2021 18:06:34.673,8191,
29-12-2020 20:21:47.928,11083776,13-09-2021 18:06:34.673,8191,
29-12-2020 20:21:47.928,11083776,13-09-2021 18:06:34.673,8191,
29-12-2020 20:21:47.928,11083776,13-09-2021 18:06:34.673,8191,
29-12-2020 20:21:47.928,11083776,13-09-2021 18:06:34.673,8191,
29-12-2020 20:21:47.928,11083776,13-09-2021 18:06:34.673,8191,
29-12-2020 20:21:47.928,11083776,13-09-2021 18:06:34.673,8191,
29-12-2020 20:21:47.928,11083776,13-09-2021 18:06:34.673,8191,
29-12-2020 20:21:47.928,11083776,13-09-2021 18:06:34.673,8191,
29-12-2020 20:21:47.928,11083776,13-09-2021 18:06:34.673,8191,
29-12-2020 20:21:47.928,11083776,13-09-2021 18:06:34.673,8191,
29-12-2020 20:21:47.928,11083776,13-09-2021 18:06:34.673,8191,
29-12-2020 20:21:47.928,11083776,13-09-2021 18:06:34.673,8191,
29-12-2020 20:21:47.928,11083776,13-09-2021 18:06:34.673,8191,
29-12-2020 20:21:47.928,11083776,13-09-2021 18:06:34.673,8191,
29-12-2020 20:21:47.928,11083776,13-09-2021 18:06:34.673,8191,
29-12-2020 20:21:47.928,11083776,13-09-2021 18:06:34.673,8191,
29-12-2020 20:21:47.928,11083776,13-09-2021 18:06:34.673,8191,
29-12-2020 20:21:47.928,11083776,13-09-2021 18:06:34.673,8191,
29-12-2020 20:21:47.928,11083776,13-09-2021 18:06:34.673,8191,
29-12-2020 20:21:47.928,11083776,13-09-2021 18:06:34.673,8191,
29-12-2020 20:21:47.928,11083776,13-09-2021 18:06:34.673,8191,
29-12-2020 20:21:47.928,11083776,13-09-2021 18:06:34.673,8191,
29-12-2020 20:21:47.928,11083776,13-09-2021 18:06:34.673,8191,
29-12-2020 20:21:47.928,11083776,13-09-2021 18:06:34.673,8191,
29-12-2020 20:21:47.928,11083776,13-09-2021 18:06:34.673,8191,
29-12-2020 20:21:47.928,11083776,13-09-2021 18:06:34.673,8191,
29-12-2020 20:21:47.928,11083776,13-09-2021 18:06:34.673,8191,
29-12-2020 20:21:47.928,11083776,13-09-2021 18:06:34.673,8191,
29-12-2020 20:21:47.928,11083776,13-09-2021 18:06:34.673,8191,
29-12-2020 20:21:47.928,11083776,13-09-2021 18:06:34.673,8191,
29-12-2020 20:21:47.928,11083776,13-09-2021 18:06:34.673,8191,
29-12-2020 20:21:47.928,11083776,13-09-2021 18:06:34.673,8191,
29-12-2020 20:21:47.928,11083776,13-09-2021 18:06:34.673,8191,
29-12-2020 20:21:47.928,11083776,13-09-2021 18:06:34.673,8191,
29-12-2020 20:21:47.928,11083776,13-09-2021 18:06:34.673,8191,
29-12-2020 20:21:47.928,11083776,13-09-2021 18:06:34.673,8191,
29-12-2020 20:21:48.184,11085824,13-09-2021 18:06:34.676,8191,
29-12-2020 20:21:48.184,11085824,13-09-2021 18:06:34.676,8191,
29-12-2020 20:21:48.184,11085824,13-09-2021 18:06:34.676,8191,
29-12-2020 20:21:48.184,11085824,13-09-2021 18:06:34.676,8191,
29-12-2020 20:21:48.184,11085824,13-09-2021 18:06:34.676,8191,
29-12-2020 20:21:48.184,11085824,13-09-2021 18:06:34.676,8191,
29-12-2020 20:21:48.184,11085824,13-09-2021 18:06:34.676,8191,
29-12-2020 20:21:48.184,11085824,13-09-2021 18:06:34.676,8191,
29-12-2020 20:21:48.184,11085824,13-09-2021 18:06:34.676,8191,
29-12-2020 20:21:48.184,11085824,13-09-2021 18:06:34.676,8191,
29-12-2020 20:21:48.184,11085824,13-09-2021 18:06:34.676,8191,
29-12-2020 20:21:48.184,11085824,13-09-2021 18:06:34.676,8191,
29-12-2020 20:21:48.184,11085824,13-09-2021 18:06:34.676,8191,
29-12-2020 20:21:48.184,11085824,13-09-2021 18:06:34.676,8191,
29-12-2020 20:21:48.184,11085824,13-09-2021 18:06:34.676,8191,
29-12-2020 20:21:48.184,11085824,13-09-2021 18:06:34.676,8191,
29-12-2020 20:21:48.184,11085824,13-09-2021 18:06:34.676,8191,
29-12-2020 20:21:48.184,11085824,13-09-2021 18:06:34.676,8191,
29-12-2020 20:21:48.184,11085824,13-09-2021 18:06:34.676,8191,
29-12-2020 20:21:48.184,11085824,13-09-2021 18:06:34.676,8191,
29-12-2020 20:21:48.184,11085824,13-09-2021 18:06:34.676,8191,
29-12-2020 20:21:48.184,11085824,13-09-2021 18:06:34.676,8191,
29-12-2020 20:21:48.184,11085824,13-09-2021 18:06:34.676,8191,
29-12-2020 20:21:48.184,11085824,13-09-2021 18:06:34.676,8191,
29-12-2020 20:21:48.184,11085824,13-09-2021 18:06:34.676,8191,
29-12-2020 20:21:48.184,11085824,13-09-2021 18:06:34.676,8191,
29-12-2020 20:21:48.184,11085824,13-09-2021 18:06:34.676,8191,
29-12-2020 20:21:48.184,11085824,13-09-2021 18:06:34.676,8191,
29-12-2020 20:21:48.184,11085824,13-09-2021 18:06:34.676,8191,
29-12-2020 20:21:48.184,11085824,13-09-2021 18:06:34.676,8191,
29-12-2020 20:21:48.184,11085824,13-09-2021 18:06:34.676,8191,
29-12-2020 20:21:48.184,11085824,13-09-2021 18:06:34.676,8191,
29-12-2020 20:21:48.184,11085824,13-09-2021 18:06:34.676,8191,
29-12-2020 20:21:48.184,11085824,13-09-2021 18:06:34.676,8191,
29-12-2020 20:21:48.184,11085824,13-09-2021 18:06:34.676,8191,
29-12-2020 20:21:48.184,11085824,13-09-2021 18:06:34.676,8191,
29-12-2020 20:21:48.184,11085824,13-09-2021 18:06:34.676,8191,
29-12-2020 20:21:48.184,11085824,13-09-2021 18:06:34.676,8191,
29-12-2020 20:21:48.184,11085824,13-09-2021 18:06:34.676,8191,
29-12-2020 20:21:48.184,11085824,13-09-2021 18:06:34.676,8191,
29-12-2020 20:21:48.184,11085824,13-09-2021 18:06:34.676,8191,
29-12-2020 20:21:48.184,11085824,13-09-2021 18:06:34.676,8191,
29-12-2020 20:21:48.184,11085824,13-09-2021 18:06:34.676,8191,
29-12-2020 20:21:48.184,11085824,13-09-2021 18:06:34.676,8191,
29-12-2020 20:21:48.184,11085824,13-09-2021 18:06:34.676,8191,
29-12-2020 20:21:48.184,11085824,13-09-2021 18:06:34.676,8191,
29-12-2020 20:21:48.184,11085824,13-09-2021 18:06:34.676,8191,
29-12-2020 20:21:48.184,11085824,13-09-2021 18:06:34.676,8191,
29-12-2020 20:21:48.184,11085824,13-09-2021 18:06:34.676,8191,
29-12-2020 20:21:48.184,11085824,13-09-2021 18:06:34.676,8191,
29-12-2020 20:21:48.184,11085824,13-09-2021 18:06:34.676,8191,
29-12-2020 20:21:48.184,11085824,13-09-2021 18:06:34.676,8191,
29-12-2020 20:21:48.184,11085824,13-09-2021 18:06:34.676,8191,
29-12-2020 20:21:48.184,11085824,13-09-2021 18:06:34.676,8191,
29-12-2020 20:21:48.184,11085824,13-09-2021 18:06:34.676,8191,
29-12-2020 20:21:48.184,11085824,13-09-2021 18:06:34.676,8191,
29-12-2020 20:21:48.184,11085824,13-09-2021 18:06:34.676,8191,
29-12-2020 20:21:48.184,11085824,13-09-2021 18:06:34.676,8191,
29-12-2020 20:21:48.184,11085824,13-09-2021 18:06:34.676,8191,
29-12-2020 20:21:48.184,11085824,13-09-2021 18:06:34.676,8191,
29-12-2020 20:21:48.184,11085824,13-09-2021 18:06:34.676,8191,
29-12-2020 20:21:48.184,11085824,13-09-2021 18:06:34.676,8191,
29-12-2020 20:21:48.184,11085824,13-09-2021 18:06:34.676,8191,
29-12-2020 20:21:48.184,11085824,13-09-2021 18:06:34.676,8191,
29-12-2020 20:21:48.184,11085824,13-09-2021 18:06:34.676,8191,
29-12-2020 20:21:48.184,11085824,13-09-2021 18:06:34.676,8191,
29-12-2020 20:21:48.184,11085824,13-09-2021 18:06:34.676,8191,
29-12-2020 20:21:48.184,11085824,13-09-2021 18:06:34.676,8191,
29-12-2020 20:21:48.184,11085824,13-09-2021 18:06:34.676,8191,
29-12-2020 20:21:48.184,11085824,13-09-2021 18:06:34.676,8191,
29-12-2020 20:21:48.184,11085824,13-09-2021 18:06:34.676,8191,
29-12-2020 20:21:48.184,11085824,13-09-2021 18:06:34.676,8191,
29-12-2020 20:21:48.184,11085824,13-09-2021 18:06:34.676,8191,
29-12-2020 20:21:48.184,11085824,13-09-2021 18:06:34.676,8191,
29-12-2020 20:21:48.184,11085824,13-09-2021 18:06:34.676,8191,
29-12-2020 20:21:48.184,11085824,13-09-2021 18:06:34.676,8191,
29-12-2020 20:21:48.184,11085824,13-09-2021 18:06:34.676,8191,
29-12-2020 20:21:48.184,11085824,13-09-2021 18:06:34.676,8191,
29-12-2020 20:21:48.184,11085824,13-09-2021 18:06:34.676,8191,
29-12-2020 20:21:48.184,11085824,13-09-2021 18:06:34.676,8191,
29-12-2020 20:21:48.184,11085824,13-09-2021 18:06:34.676,8191,
29-12-2020 20:21:48.184,11085824,13-09-2021 18:06:34.676,8191,
29-12-2020 20:21:48.184,11085824,13-09-2021 18:06:34.676,8191,
29-12-2020 20:21:48.184,11085824,13-09-2021 18:06:34.676,8191,
29-12-2020 20:21:48.184,11085824,13-09-2021 18:06:34.676,8191,
29-12-2020 20:21:48.184,11085824,13-09-2021 18:06:34.676,8191,
29-12-2020 20:21:48.184,11085824,13-09-2021 18:06:34.676,8191,
29-12-2020 20:21:48.184,11085824,13-09-2021 18:06:34.676,8191,
29-12-2020 20:21:48.184,11085824,13-09-2021 18:06:34.676,8191,
29-12-2020 20:21:48.184,11085824,13-09-2021 18:06:34.676,8191,
29-12-2020 20:21:48.184,11085824,13-09-2021 18:06:34.676,8191,
29-12-2020 20:21:48.184,11085824,13-09-2021 18:06:34.676,8191,
29-12-2020 20:21:48.184,11085824,13-09-2021 18:06:34.676,8191,
29-12-2020 20:21:48.184,11085824,13-09-2021 18:06:34.676,8191,
29-12-2020 20:21:48.184,11085824,13-09-2021 18:06:34.676,8191,
29-12-2020 20:21:48.184,11085824,13-09-2021 18:06:34.676,8191,
29-12-2020 20:21:48.184,11085824,13-09-2021 18:06:34.676,8191,
29-12-2020 20:21:48.184,11085824,13-09-2021 18:06:34.676,8191,
29-12-2020 20:21:48.184,11085824,13-09-2021 18:06:34.676,8191,
29-12-2020 20:21:48.184,11085824,13-09-2021 18:06:34.676,8191,
29-12-2020 20:21:48.184,11085824,13-09-2021 18:06:34.676,8191,
29-12-2020 20:21:48.184,11085824,13-09-2021 18:06:34.676,8191,
29-12-2020 20:21:48.184,11085824,13-09-2021 18:06:34.676,8191,
29-12-2020 20:21:48.184,11085824,13-09-2021 18:06:34.676,8191,
29-12-2020 20:21:48.184,11085824,13-09-2021 18:06:34.676,8191,
29-12-2020 20:21:48.184,11085824,13-09-2021 18:06:34.676,8191,
29-12-2020 20:21:48.184,11085824,13-09-2021 18:06:34.676,8191,
29-12-2020 20:21:48.184,11085824,13-09-2021 18:06:34.676,8191,
29-12-2020 20:21:48.184,11085824,13-09-2021 18:06:34.676,8191,
29-12-2020 20:21:48.184,11085824,13-09-2021 18:06:34.676,8191,
29-12-2020 20:21:48.184,11085824,13-09-2021 18:06:34.676,8191,
29-12-2020 20:21:48.184,11085824,13-09-2021 18:06:34.676,8191,
29-12-2020 20:21:48.184,11085824,13-09-2021 18:06:34.676,8191,
29-12-2020 20:21:48.184,11085824,13-09-2021 18:06:34.676,8191,
29-12-2020 20:21:48.184,11085824,13-09-2021 18:06:34.676,8191,
29-12-2020 20:21:48.184,11085824,13-09-2021 18:06:34.676,8191,
29-12-2020 20:21:48.184,11085824,13-09-2021 18:06:34.676,8191,
29-12-2020 20:21:48.184,11085824,13-09-2021 18:06:34.676,8191,
29-12-2020 20:21:48.184,11085824,13-09-2021 18:06:34.676,8191,
29-12-2020 20:21:48.184,11085824,13-09-2021 18:06:34.676,8191,
29-12-2020 20:21:48.184,11085824,13-09-2021 18:06:34.676,8191,
29-12-2020 20:21:48.184,11085824,13-09-2021 18:06:34.676,8191,
29-12-2020 20:21:48.184,11085824,13-09-2021 18:06:34.676,8191,
29-12-2020 20:21:48.184,11085824,13-09-2021 18:06:34.676,8191,
29-12-2020 20:21:48.184,11085824,13-09-2021 18:06:34.676,8191,
29-12-2020 20:21:48.184,11085824,13-09-2021 18:06:34.676,8191,
29-12-2020 20:21:48.184,11085824,13-09-2021 18:06:34.676,8191,
29-12-2020 20:21:48.184,11085824,13-09-2021 18:06:34.676,8191,
29-12-2020 20:21:48.440,11087872,13-09-2021 18:06:35.696,8191,
29-12-2020 20:21:48.440,11087872,13-09-2021 18:06:35.696,8191,
29-12-2020 20:21:48.440,11087872,13-09-2021 18:06:35.696,8191,
29-12-2020 20:21:48.440,11087872,13-09-2021 18:06:35.696,8191,
29-12-2020 20:21:48.440,11087872,13-09-2021 18:06:35.696,8191,
29-12-2020 20:21:48.440,11087872,13-09-2021 18:06:35.696,8191,
29-12-2020 20:21:48.440,11087872,13-09-2021 18:06:35.696,8191,
29-12-2020 20:21:48.440,11087872,13-09-2021 18:06:35.696,8191,
29-12-2020 20:21:48.440,11087872,13-09-2021 18:06:35.696,8191,
29-12-2020 20:21:48.440,11087872,13-09-2021 18:06:35.696,8191,
29-12-2020 20:21:48.440,11087872,13-09-2021 18:06:35.696,8191,
29-12-2020 20:21:48.440,11087872,13-09-2021 18:06:35.696,8191,
29-12-2020 20:21:48.440,11087872,13-09-2021 18:06:35.696,8191,
29-12-2020 20:21:48.440,11087872,13-09-2021 18:06:35.696,8191,
29-12-2020 20:21:48.440,11087872,13-09-2021 18:06:35.696,8191,
29-12-2020 20:21:48.440,11087872,13-09-2021 18:06:35.696,8191,
29-12-2020 20:21:48.440,11087872,13-09-2021 18:06:35.696,8191,
29-12-2020 20:21:48.440,11087872,13-09-2021 18:06:35.696,8191,
29-12-2020 20:21:48.440,11087872,13-09-2021 18:06:35.696,8191,
29-12-2020 20:21:48.440,11087872,13-09-2021 18:06:35.696,8191,
29-12-2020 20:21:48.440,11087872,13-09-2021 18:06:35.696,8191,
29-12-2020 20:21:48.440,11087872,13-09-2021 18:06:35.696,8191,
29-12-2020 20:21:48.440,11087872,13-09-2021 18:06:35.696,8191,
29-12-2020 20:21:48.440,11087872,13-09-2021 18:06:35.696,8191,
29-12-2020 20:21:48.440,11087872,13-09-2021 18:06:35.696,8191,
29-12-2020 20:21:48.440,11087872,13-09-2021 18:06:35.696,8191,
29-12-2020 20:21:48.440,11087872,13-09-2021 18:06:35.696,8191,
29-12-2020 20:21:48.440,11087872,13-09-2021 18:06:35.696,8191,
29-12-2020 20:21:48.440,11087872,13-09-2021 18:06:35.696,8191,
29-12-2020 20:21:48.440,11087872,13-09-2021 18:06:35.696,8191,
29-12-2020 20:21:48.440,11087872,13-09-2021 18:06:35.696,8191,
29-12-2020 20:21:48.440,11087872,13-09-2021 18:06:35.696,8191,
29-12-2020 20:21:48.440,11087872,13-09-2021 18:06:35.696,8191,
29-12-2020 20:21:48.440,11087872,13-09-2021 18:06:35.696,8191,
29-12-2020 20:21:48.440,11087872,13-09-2021 18:06:35.696,8191,
29-12-2020 20:21:48.440,11087872,13-09-2021 18:06:35.696,8191,
29-12-2020 20:21:48.440,11087872,13-09-2021 18:06:35.696,8191,
29-12-2020 20:21:48.440,11087872,13-09-2021 18:06:35.696,8191,
29-12-2020 20:21:48.440,11087872,13-09-2021 18:06:35.696,8191,
29-12-2020 20:21:48.440,11087872,13-09-2021 18:06:35.696,8191,
29-12-2020 20:21:48.440,11087872,13-09-2021 18:06:35.696,8191,
29-12-2020 20:21:48.440,11087872,13-09-2021 18:06:35.696,8191,
29-12-2020 20:21:48.440,11087872,13-09-2021 18:06:35.696,8191,
29-12-2020 20:21:48.440,11087872,13-09-2021 18:06:35.696,8191,
29-12-2020 20:21:48.440,11087872,13-09-2021 18:06:35.696,8191,
29-12-2020 20:21:48.440,11087872,13-09-2021 18:06:35.696,8191,
29-12-2020 20:21:48.440,11087872,13-09-2021 18:06:35.696,8191,
29-12-2020 20:21:48.440,11087872,13-09-2021 18:06:35.696,8191,
29-12-2020 20:21:48.440,11087872,13-09-2021 18:06:35.696,8191,
29-12-2020 20:21:48.440,11087872,13-09-2021 18:06:35.696,8191,
29-12-2020 20:21:48.440,11087872,13-09-2021 18:06:35.696,8191,
29-12-2020 20:21:48.440,11087872,13-09-2021 18:06:35.696,8191,
29-12-2020 20:21:48.440,11087872,13-09-2021 18:06:35.696,8191,
29-12-2020 20:21:48.440,11087872,13-09-2021 18:06:35.696,8191,
29-12-2020 20:21:48.440,11087872,13-09-2021 18:06:35.696,8191,
29-12-2020 20:21:48.440,11087872,13-09-2021 18:06:35.696,8191,
29-12-2020 20:21:48.440,11087872,13-09-2021 18:06:35.696,8191,
29-12-2020 20:21:48.440,11087872,13-09-2021 18:06:35.696,8191,
29-12-2020 20:21:48.440,11087872,13-09-2021 18:06:35.696,8191,
29-12-2020 20:21:48.440,11087872,13-09-2021 18:06:35.696,8191,
29-12-2020 20:21:48.440,11087872,13-09-2021 18:06:35.696,8191,
29-12-2020 20:21:48.440,11087872,13-09-2021 18:06:35.696,8191,
29-12-2020 20:21:48.440,11087872,13-09-2021 18:06:35.696,8191,
29-12-2020 20:21:48.440,11087872,13-09-2021 18:06:35.696,8191,
29-12-2020 20:21:48.440,11087872,13-09-2021 18:06:35.696,8191,
29-12-2020 20:21:48.440,11087872,13-09-2021 18:06:35.696,8191,
29-12-2020 20:21:48.440,11087872,13-09-2021 18:06:35.696,8191,
29-12-2020 20:21:48.440,11087872,13-09-2021 18:06:35.696,8191,
29-12-2020 20:21:48.440,11087872,13-09-2021 18:06:35.696,8191,
29-12-2020 20:21:48.440,11087872,13-09-2021 18:06:35.696,8191,
29-12-2020 20:21:48.440,11087872,13-09-2021 18:06:35.696,8191,
29-12-2020 20:21:48.440,11087872,13-09-2021 18:06:35.696,8191,
29-12-2020 20:21:48.440,11087872,13-09-2021 18:06:35.696,8191,
29-12-2020 20:21:48.440,11087872,13-09-2021 18:06:35.696,8191,
29-12-2020 20:21:48.440,11087872,13-09-2021 18:06:35.696,8191,
29-12-2020 20:21:48.440,11087872,13-09-2021 18:06:35.696,8191,
29-12-2020 20:21:48.440,11087872,13-09-2021 18:06:35.696,8191,
29-12-2020 20:21:48.440,11087872,13-09-2021 18:06:35.696,8191,
29-12-2020 20:21:48.440,11087872,13-09-2021 18:06:35.696,8191,
29-12-2020 20:21:48.440,11087872,13-09-2021 18:06:35.696,8191,
29-12-2020 20:21:48.440,11087872,13-09-2021 18:06:35.696,8191,
29-12-2020 20:21:48.440,11087872,13-09-2021 18:06:35.696,8191,
29-12-2020 20:21:48.440,11087872,13-09-2021 18:06:35.696,8191,
29-12-2020 20:21:48.440,11087872,13-09-2021 18:06:35.696,8191,
29-12-2020 20:21:48.440,11087872,13-09-2021 18:06:35.696,8191,
29-12-2020 20:21:48.440,11087872,13-09-2021 18:06:35.696,8191,
29-12-2020 20:21:48.440,11087872,13-09-2021 18:06:35.696,8191,
29-12-2020 20:21:48.440,11087872,13-09-2021 18:06:35.696,8191,
29-12-2020 20:21:48.440,11087872,13-09-2021 18:06:35.696,8191,
29-12-2020 20:21:48.440,11087872,13-09-2021 18:06:35.696,8191,
29-12-2020 20:21:48.440,11087872,13-09-2021 18:06:35.696,8191,
29-12-2020 20:21:48.440,11087872,13-09-2021 18:06:35.696,8191,
29-12-2020 20:21:48.440,11087872,13-09-2021 18:06:35.696,8191,
29-12-2020 20:21:48.440,11087872,13-09-2021 18:06:35.696,8191,
29-12-2020 20:21:48.440,11087872,13-09-2021 18:06:35.696,8191,
29-12-2020 20:21:48.440,11087872,13-09-2021 18:06:35.696,8191,
29-12-2020 20:21:48.440,11087872,13-09-2021 18:06:35.696,8191,
29-12-2020 20:21:48.440,11087872,13-09-2021 18:06:35.696,8191,
29-12-2020 20:21:48.440,11087872,13-09-2021 18:06:35.696,8191,
29-12-2020 20:21:48.440,11087872,13-09-2021 18:06:35.696,8191,
29-12-2020 20:21:48.440,11087872,13-09-2021 18:06:35.696,8191,
29-12-2020 20:21:48.440,11087872,13-09-2021 18:06:35.696,8191,
29-12-2020 20:21:48.440,11087872,13-09-2021 18:06:35.696,8191,
29-12-2020 20:21:48.440,11087872,13-09-2021 18:06:35.696,8191,
29-12-2020 20:21:48.440,11087872,13-09-2021 18:06:35.696,8191,
29-12-2020 20:21:48.440,11087872,13-09-2021 18:06:35.696,8191,
29-12-2020 20:21:48.440,11087872,13-09-2021 18:06:35.696,8191,
29-12-2020 20:21:48.440,11087872,13-09-2021 18:06:35.696,8191,
29-12-2020 20:21:48.440,11087872,13-09-2021 18:06:35.696,8191,
29-12-2020 20:21:48.440,11087872,13-09-2021 18:06:35.696,8191,
29-12-2020 20:21:48.440,11087872,13-09-2021 18:06:35.696,8191,
29-12-2020 20:21:48.440,11087872,13-09-2021 18:06:35.696,8191,
29-12-2020 20:21:48.440,11087872,13-09-2021 18:06:35.696,8191,
29-12-2020 20:21:48.440,11087872,13-09-2021 18:06:35.696,8191,
29-12-2020 20:21:48.440,11087872,13-09-2021 18:06:35.696,8191,
29-12-2020 20:21:48.440,11087872,13-09-2021 18:06:35.696,8191,
29-12-2020 20:21:48.440,11087872,13-09-2021 18:06:35.696,8191,
29-12-2020 20:21:48.440,11087872,13-09-2021 18:06:35.696,8191,
29-12-2020 20:21:48.440,11087872,13-09-2021 18:06:35.696,8191,
29-12-2020 20:21:48.440,11087872,13-09-2021 18:06:35.696,8191,
29-12-2020 20:21:48.440,11087872,13-09-2021 18:06:35.696,8191,
29-12-2020 20:21:48.440,11087872,13-09-2021 18:06:35.696,8191,
29-12-2020 20:21:48.440,11087872,13-09-2021 18:06:35.696,8191,
29-12-2020 20:21:48.440,11087872,13-09-2021 18:06:35.696,8191,
29-12-2020 20:21:48.440,11087872,13-09-2021 18:06:35.696,8191,
29-12-2020 20:21:48.440,11087872,13-09-2021 18:06:35.696,8191,
29-12-2020 20:21:48.440,11087872,13-09-2021 18:06:35.696,8191,
29-12-2020 20:21:48.440,11087872,13-09-2021 18:06:35.696,8191,
29-12-2020 20:21:48.696,11089920,13-09-2021 18:06:35.699,8191,
29-12-2020 20:21:48.696,11089920,13-09-2021 18:06:35.699,8191,
29-12-2020 20:21:48.696,11089920,13-09-2021 18:06:35.699,8191,
29-12-2020 20:21:48.696,11089920,13-09-2021 18:06:35.699,8191,
29-12-2020 20:21:48.696,11089920,13-09-2021 18:06:35.699,8191,
29-12-2020 20:21:48.696,11089920,13-09-2021 18:06:35.699,8191,
29-12-2020 20:21:48.696,11089920,13-09-2021 18:06:35.699,8191,
29-12-2020 20:21:48.696,11089920,13-09-2021 18:06:35.699,8191,
29-12-2020 20:21:48.696,11089920,13-09-2021 18:06:35.699,8191,
29-12-2020 20:21:48.696,11089920,13-09-2021 18:06:35.699,8191,
29-12-2020 20:21:48.696,11089920,13-09-2021 18:06:35.699,8191,
29-12-2020 20:21:48.696,11089920,13-09-2021 18:06:35.699,8191,
29-12-2020 20:21:48.696,11089920,13-09-2021 18:06:35.699,8191,
29-12-2020 20:21:48.696,11089920,13-09-2021 18:06:35.699,8191,
29-12-2020 20:21:48.696,11089920,13-09-2021 18:06:35.699,8191,
29-12-2020 20:21:48.696,11089920,13-09-2021 18:06:35.699,8191,
29-12-2020 20:21:48.696,11089920,13-09-2021 18:06:35.699,8191,
29-12-2020 20:21:48.696,11089920,13-09-2021 18:06:35.699,8191,
29-12-2020 20:21:48.696,11089920,13-09-2021 18:06:35.699,8191,
29-12-2020 20:21:48.696,11089920,13-09-2021 18:06:35.699,8191,
29-12-2020 20:21:48.696,11089920,13-09-2021 18:06:35.699,8191,
29-12-2020 20:21:48.696,11089920,13-09-2021 18:06:35.699,8191,
29-12-2020 20:21:48.696,11089920,13-09-2021 18:06:35.699,8191,
29-12-2020 20:21:48.696,11089920,13-09-2021 18:06:35.699,8191,
29-12-2020 20:21:48.696,11089920,13-09-2021 18:06:35.699,8191,
29-12-2020 20:21:48.696,11089920,13-09-2021 18:06:35.699,8191,
29-12-2020 20:21:48.696,11089920,13-09-2021 18:06:35.699,8191,
29-12-2020 20:21:48.696,11089920,13-09-2021 18:06:35.699,8191,
29-12-2020 20:21:48.696,11089920,13-09-2021 18:06:35.699,8191,
29-12-2020 20:21:48.696,11089920,13-09-2021 18:06:35.699,8191,
29-12-2020 20:21:48.696,11089920,13-09-2021 18:06:35.699,8191,
29-12-2020 20:21:48.696,11089920,13-09-2021 18:06:35.699,8191,
29-12-2020 20:21:48.696,11089920,13-09-2021 18:06:35.699,8191,
29-12-2020 20:21:48.696,11089920,13-09-2021 18:06:35.699,8191,
29-12-2020 20:21:48.696,11089920,13-09-2021 18:06:35.699,8191,
29-12-2020 20:21:48.696,11089920,13-09-2021 18:06:35.699,8191,
29-12-2020 20:21:48.696,11089920,13-09-2021 18:06:35.699,8191,
29-12-2020 20:21:48.696,11089920,13-09-2021 18:06:35.699,8191,
29-12-2020 20:21:48.696,11089920,13-09-2021 18:06:35.699,8191,
29-12-2020 20:21:48.696,11089920,13-09-2021 18:06:35.699,8191,
29-12-2020 20:21:48.696,11089920,13-09-2021 18:06:35.699,8191,
29-12-2020 20:21:48.696,11089920,13-09-2021 18:06:35.699,8191,
29-12-2020 20:21:48.696,11089920,13-09-2021 18:06:35.699,8191,
29-12-2020 20:21:48.696,11089920,13-09-2021 18:06:35.699,8191,
29-12-2020 20:21:48.696,11089920,13-09-2021 18:06:35.699,8191,
29-12-2020 20:21:48.696,11089920,13-09-2021 18:06:35.699,8191,
29-12-2020 20:21:48.696,11089920,13-09-2021 18:06:35.699,8191,
29-12-2020 20:21:48.696,11089920,13-09-2021 18:06:35.699,8191,
29-12-2020 20:21:48.696,11089920,13-09-2021 18:06:35.699,8191,
29-12-2020 20:21:48.696,11089920,13-09-2021 18:06:35.699,8191,
29-12-2020 20:21:48.696,11089920,13-09-2021 18:06:35.699,8191,
29-12-2020 20:21:48.696,11089920,13-09-2021 18:06:35.699,8191,
29-12-2020 20:21:48.696,11089920,13-09-2021 18:06:35.699,8191,
29-12-2020 20:21:48.696,11089920,13-09-2021 18:06:35.699,8191,
29-12-2020 20:21:48.696,11089920,13-09-2021 18:06:35.699,8191,
29-12-2020 20:21:48.696,11089920,13-09-2021 18:06:35.699,8191,
29-12-2020 20:21:48.696,11089920,13-09-2021 18:06:35.699,8191,
29-12-2020 20:21:48.696,11089920,13-09-2021 18:06:35.699,8191,
29-12-2020 20:21:48.696,11089920,13-09-2021 18:06:35.699,8191,
29-12-2020 20:21:48.696,11089920,13-09-2021 18:06:35.699,8191,
29-12-2020 20:21:48.696,11089920,13-09-2021 18:06:35.699,8191,
29-12-2020 20:21:48.696,11089920,13-09-2021 18:06:35.699,8191,
29-12-2020 20:21:48.696,11089920,13-09-2021 18:06:35.699,8191,
29-12-2020 20:21:48.696,11089920,13-09-2021 18:06:35.699,8191,
29-12-2020 20:21:48.696,11089920,13-09-2021 18:06:35.699,8191,
29-12-2020 20:21:48.696,11089920,13-09-2021 18:06:35.699,8191,
29-12-2020 20:21:48.696,11089920,13-09-2021 18:06:35.699,8191,
29-12-2020 20:21:48.696,11089920,13-09-2021 18:06:35.699,8191,
29-12-2020 20:21:48.696,11089920,13-09-2021 18:06:35.699,8191,
29-12-2020 20:21:48.696,11089920,13-09-2021 18:06:35.699,8191,
29-12-2020 20:21:48.696,11089920,13-09-2021 18:06:35.699,8191,
29-12-2020 20:21:48.696,11089920,13-09-2021 18:06:35.699,8191,
29-12-2020 20:21:48.696,11089920,13-09-2021 18:06:35.699,8191,
29-12-2020 20:21:48.696,11089920,13-09-2021 18:06:35.699,8191,
29-12-2020 20:21:48.696,11089920,13-09-2021 18:06:35.699,8191,
29-12-2020 20:21:48.696,11089920,13-09-2021 18:06:35.699,8191,
29-12-2020 20:21:48.696,11089920,13-09-2021 18:06:35.699,8191,
29-12-2020 20:21:48.696,11089920,13-09-2021 18:06:35.699,8191,
29-12-2020 20:21:48.696,11089920,13-09-2021 18:06:35.699,8191,
29-12-2020 20:21:48.696,11089920,13-09-2021 18:06:35.699,8191,
29-12-2020 20:21:48.696,11089920,13-09-2021 18:06:35.699,8191,
29-12-2020 20:21:48.696,11089920,13-09-2021 18:06:35.699,8191,
29-12-2020 20:21:48.696,11089920,13-09-2021 18:06:35.699,8191,
29-12-2020 20:21:48.696,11089920,13-09-2021 18:06:35.699,8191,
29-12-2020 20:21:48.696,11089920,13-09-2021 18:06:35.699,8191,
29-12-2020 20:21:48.696,11089920,13-09-2021 18:06:35.699,8191,
29-12-2020 20:21:48.696,11089920,13-09-2021 18:06:35.699,8191,
29-12-2020 20:21:48.696,11089920,13-09-2021 18:06:35.699,8191,
29-12-2020 20:21:48.696,11089920,13-09-2021 18:06:35.699,8191,
29-12-2020 20:21:48.696,11089920,13-09-2021 18:06:35.699,8191,
29-12-2020 20:21:48.696,11089920,13-09-2021 18:06:35.699,8191,
29-12-2020 20:21:48.696,11089920,13-09-2021 18:06:35.699,8191,
29-12-2020 20:21:48.696,11089920,13-09-2021 18:06:35.699,8191,
29-12-2020 20:21:48.696,11089920,13-09-2021 18:06:35.699,8191,
29-12-2020 20:21:48.696,11089920,13-09-2021 18:06:35.699,8191,
29-12-2020 20:21:48.696,11089920,13-09-2021 18:06:35.699,8191,
29-12-2020 20:21:48.696,11089920,13-09-2021 18:06:35.699,8191,
29-12-2020 20:21:48.696,11089920,13-09-2021 18:06:35.699,8191,
29-12-2020 20:21:48.696,11089920,13-09-2021 18:06:35.699,8191,
29-12-2020 20:21:48.696,11089920,13-09-2021 18:06:35.699,8191,
29-12-2020 20:21:48.696,11089920,13-09-2021 18:06:35.699,8191,
29-12-2020 20:21:48.696,11089920,13-09-2021 18:06:35.699,8191,
29-12-2020 20:21:48.696,11089920,13-09-2021 18:06:35.699,8191,
29-12-2020 20:21:48.696,11089920,13-09-2021 18:06:35.699,8191,
29-12-2020 20:21:48.696,11089920,13-09-2021 18:06:35.699,8191,
29-12-2020 20:21:48.696,11089920,13-09-2021 18:06:35.699,8191,
29-12-2020 20:21:48.696,11089920,13-09-2021 18:06:35.699,8191,
29-12-2020 20:21:48.696,11089920,13-09-2021 18:06:35.699,8191,
29-12-2020 20:21:48.696,11089920,13-09-2021 18:06:35.699,8191,
29-12-2020 20:21:48.696,11089920,13-09-2021 18:06:35.699,8191,
29-12-2020 20:21:48.696,11089920,13-09-2021 18:06:35.699,8191,
29-12-2020 20:21:48.696,11089920,13-09-2021 18:06:35.699,8191,
29-12-2020 20:21:48.696,11089920,13-09-2021 18:06:35.699,8191,
29-12-2020 20:21:48.696,11089920,13-09-2021 18:06:35.699,8191,
29-12-2020 20:21:48.696,11089920,13-09-2021 18:06:35.699,8191,
29-12-2020 20:21:48.696,11089920,13-09-2021 18:06:35.699,8191,
29-12-2020 20:21:48.696,11089920,13-09-2021 18:06:35.699,8191,
29-12-2020 20:21:48.696,11089920,13-09-2021 18:06:35.699,8191,
29-12-2020 20:21:48.696,11089920,13-09-2021 18:06:35.699,8191,
29-12-2020 20:21:48.696,11089920,13-09-2021 18:06:35.699,8191,
29-12-2020 20:21:48.696,11089920,13-09-2021 18:06:35.699,8191,
29-12-2020 20:21:48.696,11089920,13-09-2021 18:06:35.699,8191,
29-12-2020 20:21:48.696,11089920,13-09-2021 18:06:35.699,8191,
29-12-2020 20:21:48.696,11089920,13-09-2021 18:06:35.699,8191,
29-12-2020 20:21:48.696,11089920,13-09-2021 18:06:35.699,8191,
29-12-2020 20:21:48.696,11089920,13-09-2021 18:06:35.699,8191,
29-12-2020 20:21:48.696,11089920,13-09-2021 18:06:35.699,8191,
29-12-2020 20:21:48.696,11089920,13-09-2021 18:06:35.699,8191,
29-12-2020 20:21:48.952,11091968,13-09-2021 18:06:35.700,8191,
29-12-2020 20:21:48.952,11091968,13-09-2021 18:06:35.700,8191,
29-12-2020 20:21:48.952,11091968,13-09-2021 18:06:35.700,8191,
29-12-2020 20:21:48.952,11091968,13-09-2021 18:06:35.700,8191,
29-12-2020 20:21:48.952,11091968,13-09-2021 18:06:35.700,8191,
29-12-2020 20:21:48.952,11091968,13-09-2021 18:06:35.700,8191,
29-12-2020 20:21:48.952,11091968,13-09-2021 18:06:35.700,8191,
29-12-2020 20:21:48.952,11091968,13-09-2021 18:06:35.700,8191,
29-12-2020 20:21:48.952,11091968,13-09-2021 18:06:35.700,8191,
29-12-2020 20:21:48.952,11091968,13-09-2021 18:06:35.700,8191,
29-12-2020 20:21:48.952,11091968,13-09-2021 18:06:35.700,8191,
29-12-2020 20:21:48.952,11091968,13-09-2021 18:06:35.700,8191,
29-12-2020 20:21:48.952,11091968,13-09-2021 18:06:35.700,8191,
29-12-2020 20:21:48.952,11091968,13-09-2021 18:06:35.700,8191,
29-12-2020 20:21:48.952,11091968,13-09-2021 18:06:35.700,8191,
29-12-2020 20:21:48.952,11091968,13-09-2021 18:06:35.700,8191,
29-12-2020 20:21:48.952,11091968,13-09-2021 18:06:35.700,8191,
29-12-2020 20:21:48.952,11091968,13-09-2021 18:06:35.700,8191,
29-12-2020 20:21:48.952,11091968,13-09-2021 18:06:35.700,8191,
29-12-2020 20:21:48.952,11091968,13-09-2021 18:06:35.700,8191,
29-12-2020 20:21:48.952,11091968,13-09-2021 18:06:35.700,8191,
29-12-2020 20:21:48.952,11091968,13-09-2021 18:06:35.700,8191,
29-12-2020 20:21:48.952,11091968,13-09-2021 18:06:35.700,8191,
29-12-2020 20:21:48.952,11091968,13-09-2021 18:06:35.700,8191,
29-12-2020 20:21:48.952,11091968,13-09-2021 18:06:35.700,8191,
29-12-2020 20:21:48.952,11091968,13-09-2021 18:06:35.700,8191,
29-12-2020 20:21:48.952,11091968,13-09-2021 18:06:35.700,8191,
29-12-2020 20:21:48.952,11091968,13-09-2021 18:06:35.700,8191,
29-12-2020 20:21:48.952,11091968,13-09-2021 18:06:35.700,8191,
29-12-2020 20:21:48.952,11091968,13-09-2021 18:06:35.700,8191,
29-12-2020 20:21:48.952,11091968,13-09-2021 18:06:35.700,8191,
29-12-2020 20:21:48.952,11091968,13-09-2021 18:06:35.700,8191,
29-12-2020 20:21:48.952,11091968,13-09-2021 18:06:35.700,8191,
29-12-2020 20:21:48.952,11091968,13-09-2021 18:06:35.700,8191,
29-12-2020 20:21:48.952,11091968,13-09-2021 18:06:35.700,8191,
29-12-2020 20:21:48.952,11091968,13-09-2021 18:06:35.700,8191,
29-12-2020 20:21:48.952,11091968,13-09-2021 18:06:35.700,8191,
29-12-2020 20:21:48.952,11091968,13-09-2021 18:06:35.700,8191,
29-12-2020 20:21:48.952,11091968,13-09-2021 18:06:35.700,8191,
29-12-2020 20:21:48.952,11091968,13-09-2021 18:06:35.700,8191,
29-12-2020 20:21:48.952,11091968,13-09-2021 18:06:35.700,8191,
29-12-2020 20:21:48.952,11091968,13-09-2021 18:06:35.700,8191,
29-12-2020 20:21:48.952,11091968,13-09-2021 18:06:35.700,8191,
29-12-2020 20:21:48.952,11091968,13-09-2021 18:06:35.700,8191,
29-12-2020 20:21:48.952,11091968,13-09-2021 18:06:35.700,8191,
29-12-2020 20:21:48.952,11091968,13-09-2021 18:06:35.700,8191,
29-12-2020 20:21:48.952,11091968,13-09-2021 18:06:35.700,8191,
29-12-2020 20:21:48.952,11091968,13-09-2021 18:06:35.700,8191,
29-12-2020 20:21:48.952,11091968,13-09-2021 18:06:35.700,8191,
29-12-2020 20:21:48.952,11091968,13-09-2021 18:06:35.700,8191,
29-12-2020 20:21:48.952,11091968,13-09-2021 18:06:35.700,8191,
29-12-2020 20:21:48.952,11091968,13-09-2021 18:06:35.700,8191,
29-12-2020 20:21:48.952,11091968,13-09-2021 18:06:35.700,8191,
29-12-2020 20:21:48.952,11091968,13-09-2021 18:06:35.700,8191,
29-12-2020 20:21:48.952,11091968,13-09-2021 18:06:35.700,8191,
29-12-2020 20:21:48.952,11091968,13-09-2021 18:06:35.700,8191,
29-12-2020 20:21:48.952,11091968,13-09-2021 18:06:35.700,8191,
29-12-2020 20:21:48.952,11091968,13-09-2021 18:06:35.700,8191,
29-12-2020 20:21:48.952,11091968,13-09-2021 18:06:35.700,8191,
29-12-2020 20:21:48.952,11091968,13-09-2021 18:06:35.700,8191,
29-12-2020 20:21:48.952,11091968,13-09-2021 18:06:35.700,8191,
29-12-2020 20:21:48.952,11091968,13-09-2021 18:06:35.700,8191,
29-12-2020 20:21:48.952,11091968,13-09-2021 18:06:35.700,8191,
29-12-2020 20:21:48.952,11091968,13-09-2021 18:06:35.700,8191,
29-12-2020 20:21:48.952,11091968,13-09-2021 18:06:35.700,8191,
29-12-2020 20:21:48.952,11091968,13-09-2021 18:06:35.700,8191,
29-12-2020 20:21:48.952,11091968,13-09-2021 18:06:35.700,8191,
29-12-2020 20:21:48.952,11091968,13-09-2021 18:06:35.700,8191,
29-12-2020 20:21:48.952,11091968,13-09-2021 18:06:35.700,8191,
29-12-2020 20:21:48.952,11091968,13-09-2021 18:06:35.700,8191,
29-12-2020 20:21:48.952,11091968,13-09-2021 18:06:35.700,8191,
29-12-2020 20:21:48.952,11091968,13-09-2021 18:06:35.700,8191,
29-12-2020 20:21:48.952,11091968,13-09-2021 18:06:35.700,8191,
29-12-2020 20:21:48.952,11091968,13-09-2021 18:06:35.700,8191,
29-12-2020 20:21:48.952,11091968,13-09-2021 18:06:35.700,8191,
29-12-2020 20:21:48.952,11091968,13-09-2021 18:06:35.700,8191,
29-12-2020 20:21:48.952,11091968,13-09-2021 18:06:35.700,8191,
29-12-2020 20:21:48.952,11091968,13-09-2021 18:06:35.700,8191,
29-12-2020 20:21:48.952,11091968,13-09-2021 18:06:35.700,8191,
29-12-2020 20:21:48.952,11091968,13-09-2021 18:06:35.700,8191,
29-12-2020 20:21:48.952,11091968,13-09-2021 18:06:35.700,8191,
29-12-2020 20:21:48.952,11091968,13-09-2021 18:06:35.700,8191,
29-12-2020 20:21:48.952,11091968,13-09-2021 18:06:35.700,8191,
29-12-2020 20:21:48.952,11091968,13-09-2021 18:06:35.700,8191,
29-12-2020 20:21:48.952,11091968,13-09-2021 18:06:35.700,8191,
29-12-2020 20:21:48.952,11091968,13-09-2021 18:06:35.700,8191,
29-12-2020 20:21:48.952,11091968,13-09-2021 18:06:35.700,8191,
29-12-2020 20:21:48.952,11091968,13-09-2021 18:06:35.700,8191,
29-12-2020 20:21:48.952,11091968,13-09-2021 18:06:35.700,8191,
29-12-2020 20:21:48.952,11091968,13-09-2021 18:06:35.700,8191,
29-12-2020 20:21:48.952,11091968,13-09-2021 18:06:35.700,8191,
29-12-2020 20:21:48.952,11091968,13-09-2021 18:06:35.700,8191,
29-12-2020 20:21:48.952,11091968,13-09-2021 18:06:35.700,8191,
29-12-2020 20:21:48.952,11091968,13-09-2021 18:06:35.700,8191,
29-12-2020 20:21:48.952,11091968,13-09-2021 18:06:35.700,8191,
29-12-2020 20:21:48.952,11091968,13-09-2021 18:06:35.700,8191,
29-12-2020 20:21:48.952,11091968,13-09-2021 18:06:35.700,8191,
29-12-2020 20:21:48.952,11091968,13-09-2021 18:06:35.700,8191,
29-12-2020 20:21:48.952,11091968,13-09-2021 18:06:35.700,8191,
29-12-2020 20:21:48.952,11091968,13-09-2021 18:06:35.700,8191,
29-12-2020 20:21:48.952,11091968,13-09-2021 18:06:35.700,8191,
29-12-2020 20:21:48.952,11091968,13-09-2021 18:06:35.700,8191,
29-12-2020 20:21:48.952,11091968,13-09-2021 18:06:35.700,8191,
29-12-2020 20:21:48.952,11091968,13-09-2021 18:06:35.700,8191,
29-12-2020 20:21:48.952,11091968,13-09-2021 18:06:35.700,8191,
29-12-2020 20:21:48.952,11091968,13-09-2021 18:06:35.700,8191,
29-12-2020 20:21:48.952,11091968,13-09-2021 18:06:35.700,8191,
29-12-2020 20:21:48.952,11091968,13-09-2021 18:06:35.700,8191,
29-12-2020 20:21:48.952,11091968,13-09-2021 18:06:35.700,8191,
29-12-2020 20:21:48.952,11091968,13-09-2021 18:06:35.700,8191,
29-12-2020 20:21:48.952,11091968,13-09-2021 18:06:35.700,8191,
29-12-2020 20:21:48.952,11091968,13-09-2021 18:06:35.700,8191,
29-12-2020 20:21:48.952,11091968,13-09-2021 18:06:35.700,8191,
29-12-2020 20:21:48.952,11091968,13-09-2021 18:06:35.700,8191,
29-12-2020 20:21:48.952,11091968,13-09-2021 18:06:35.700,8191,
29-12-2020 20:21:48.952,11091968,13-09-2021 18:06:35.700,8191,
29-12-2020 20:21:48.952,11091968,13-09-2021 18:06:35.700,8191,
29-12-2020 20:21:48.952,11091968,13-09-2021 18:06:35.700,8191,
29-12-2020 20:21:48.952,11091968,13-09-2021 18:06:35.700,8191,
29-12-2020 20:21:48.952,11091968,13-09-2021 18:06:35.700,8191,
29-12-2020 20:21:48.952,11091968,13-09-2021 18:06:35.700,8191,
29-12-2020 20:21:48.952,11091968,13-09-2021 18:06:35.700,8191,
29-12-2020 20:21:48.952,11091968,13-09-2021 18:06:35.700,8191,
29-12-2020 20:21:48.952,11091968,13-09-2021 18:06:35.700,8191,
29-12-2020 20:21:48.952,11091968,13-09-2021 18:06:35.700,8191,
29-12-2020 20:21:48.952,11091968,13-09-2021 18:06:35.700,8191,
29-12-2020 20:21:48.952,11091968,13-09-2021 18:06:35.700,8191,
29-12-2020 20:21:48.952,11091968,13-09-2021 18:06:35.700,8191,
29-12-2020 20:21:49.208,11094016,13-09-2021 18:06:35.705,8191,
29-12-2020 20:21:49.208,11094016,13-09-2021 18:06:35.705,8191,
29-12-2020 20:21:49.208,11094016,13-09-2021 18:06:35.705,8191,
29-12-2020 20:21:49.208,11094016,13-09-2021 18:06:35.705,8191,
29-12-2020 20:21:49.208,11094016,13-09-2021 18:06:35.705,8191,
29-12-2020 20:21:49.208,11094016,13-09-2021 18:06:35.705,8191,
29-12-2020 20:21:49.208,11094016,13-09-2021 18:06:35.705,8191,
29-12-2020 20:21:49.208,11094016,13-09-2021 18:06:35.705,8191,
29-12-2020 20:21:49.208,11094016,13-09-2021 18:06:35.705,8191,
29-12-2020 20:21:49.208,11094016,13-09-2021 18:06:35.705,8191,
29-12-2020 20:21:49.208,11094016,13-09-2021 18:06:35.705,8191,
29-12-2020 20:21:49.208,11094016,13-09-2021 18:06:35.705,8191,
29-12-2020 20:21:49.208,11094016,13-09-2021 18:06:35.705,8191,
29-12-2020 20:21:49.208,11094016,13-09-2021 18:06:35.705,8191,
29-12-2020 20:21:49.208,11094016,13-09-2021 18:06:35.705,8191,
29-12-2020 20:21:49.208,11094016,13-09-2021 18:06:35.705,8191,
29-12-2020 20:21:49.208,11094016,13-09-2021 18:06:35.705,8191,
29-12-2020 20:21:49.208,11094016,13-09-2021 18:06:35.705,8191,
29-12-2020 20:21:49.208,11094016,13-09-2021 18:06:35.705,8191,
29-12-2020 20:21:49.208,11094016,13-09-2021 18:06:35.705,8191,
29-12-2020 20:21:49.208,11094016,13-09-2021 18:06:35.705,8191,
29-12-2020 20:21:49.208,11094016,13-09-2021 18:06:35.705,8191,
29-12-2020 20:21:49.208,11094016,13-09-2021 18:06:35.705,8191,
29-12-2020 20:21:49.208,11094016,13-09-2021 18:06:35.705,8191,
29-12-2020 20:21:49.208,11094016,13-09-2021 18:06:35.705,8191,
29-12-2020 20:21:49.208,11094016,13-09-2021 18:06:35.705,8191,
29-12-2020 20:21:49.208,11094016,13-09-2021 18:06:35.705,8191,
29-12-2020 20:21:49.208,11094016,13-09-2021 18:06:35.705,8191,
29-12-2020 20:21:49.208,11094016,13-09-2021 18:06:35.705,8191,
29-12-2020 20:21:49.208,11094016,13-09-2021 18:06:35.705,8191,
29-12-2020 20:21:49.208,11094016,13-09-2021 18:06:35.705,8191,
29-12-2020 20:21:49.208,11094016,13-09-2021 18:06:35.705,8191,
29-12-2020 20:21:49.208,11094016,13-09-2021 18:06:35.705,8191,
29-12-2020 20:21:49.208,11094016,13-09-2021 18:06:35.705,8191,
29-12-2020 20:21:49.208,11094016,13-09-2021 18:06:35.705,8191,
29-12-2020 20:21:49.208,11094016,13-09-2021 18:06:35.705,8191,
29-12-2020 20:21:49.208,11094016,13-09-2021 18:06:35.705,8191,
29-12-2020 20:21:49.208,11094016,13-09-2021 18:06:35.705,8191,
29-12-2020 20:21:49.208,11094016,13-09-2021 18:06:35.705,8191,
29-12-2020 20:21:49.208,11094016,13-09-2021 18:06:35.705,8191,
29-12-2020 20:21:49.208,11094016,13-09-2021 18:06:35.705,8191,
29-12-2020 20:21:49.208,11094016,13-09-2021 18:06:35.705,8191,
29-12-2020 20:21:49.208,11094016,13-09-2021 18:06:35.705,8191,
29-12-2020 20:21:49.208,11094016,13-09-2021 18:06:35.705,8191,
29-12-2020 20:21:49.208,11094016,13-09-2021 18:06:35.705,8191,
29-12-2020 20:21:49.208,11094016,13-09-2021 18:06:35.705,8191,
29-12-2020 20:21:49.208,11094016,13-09-2021 18:06:35.705,8191,
29-12-2020 20:21:49.208,11094016,13-09-2021 18:06:35.705,8191,
29-12-2020 20:21:49.208,11094016,13-09-2021 18:06:35.705,8191,
29-12-2020 20:21:49.208,11094016,13-09-2021 18:06:35.705,8191,
29-12-2020 20:21:49.208,11094016,13-09-2021 18:06:35.705,8191,
29-12-2020 20:21:49.208,11094016,13-09-2021 18:06:35.705,8191,
29-12-2020 20:21:49.208,11094016,13-09-2021 18:06:35.705,8191,
29-12-2020 20:21:49.208,11094016,13-09-2021 18:06:35.705,8191,
29-12-2020 20:21:49.208,11094016,13-09-2021 18:06:35.705,8191,
29-12-2020 20:21:49.208,11094016,13-09-2021 18:06:35.705,8191,
29-12-2020 20:21:49.208,11094016,13-09-2021 18:06:35.705,8191,
29-12-2020 20:21:49.208,11094016,13-09-2021 18:06:35.705,8191,
29-12-2020 20:21:49.208,11094016,13-09-2021 18:06:35.705,8191,
29-12-2020 20:21:49.208,11094016,13-09-2021 18:06:35.705,8191,
29-12-2020 20:21:49.208,11094016,13-09-2021 18:06:35.705,8191,
29-12-2020 20:21:49.208,11094016,13-09-2021 18:06:35.705,8191,
29-12-2020 20:21:49.208,11094016,13-09-2021 18:06:35.705,8191,
29-12-2020 20:21:49.208,11094016,13-09-2021 18:06:35.705,8191,
29-12-2020 20:21:49.208,11094016,13-09-2021 18:06:35.705,8191,
29-12-2020 20:21:49.208,11094016,13-09-2021 18:06:35.705,8191,
29-12-2020 20:21:49.208,11094016,13-09-2021 18:06:35.705,8191,
29-12-2020 20:21:49.208,11094016,13-09-2021 18:06:35.705,8191,
29-12-2020 20:21:49.208,11094016,13-09-2021 18:06:35.705,8191,
29-12-2020 20:21:49.208,11094016,13-09-2021 18:06:35.705,8191,
29-12-2020 20:21:49.208,11094016,13-09-2021 18:06:35.705,8191,
29-12-2020 20:21:49.208,11094016,13-09-2021 18:06:35.705,8191,
29-12-2020 20:21:49.208,11094016,13-09-2021 18:06:35.705,8191,
29-12-2020 20:21:49.208,11094016,13-09-2021 18:06:35.705,8191,
29-12-2020 20:21:49.208,11094016,13-09-2021 18:06:35.705,8191,
29-12-2020 20:21:49.208,11094016,13-09-2021 18:06:35.705,8191,
29-12-2020 20:21:49.208,11094016,13-09-2021 18:06:35.705,8191,
29-12-2020 20:21:49.208,11094016,13-09-2021 18:06:35.705,8191,
29-12-2020 20:21:49.208,11094016,13-09-2021 18:06:35.705,8191,
29-12-2020 20:21:49.208,11094016,13-09-2021 18:06:35.705,8191,
29-12-2020 20:21:49.208,11094016,13-09-2021 18:06:35.705,8191,
29-12-2020 20:21:49.208,11094016,13-09-2021 18:06:35.705,8191,
29-12-2020 20:21:49.208,11094016,13-09-2021 18:06:35.705,8191,
29-12-2020 20:21:49.208,11094016,13-09-2021 18:06:35.705,8191,
29-12-2020 20:21:49.208,11094016,13-09-2021 18:06:35.705,8191,
29-12-2020 20:21:49.208,11094016,13-09-2021 18:06:35.705,8191,
29-12-2020 20:21:49.208,11094016,13-09-2021 18:06:35.705,8191,
29-12-2020 20:21:49.208,11094016,13-09-2021 18:06:35.705,8191,
29-12-2020 20:21:49.208,11094016,13-09-2021 18:06:35.705,8191,
29-12-2020 20:21:49.208,11094016,13-09-2021 18:06:35.705,8191,
29-12-2020 20:21:49.208,11094016,13-09-2021 18:06:35.705,8191,
29-12-2020 20:21:49.208,11094016,13-09-2021 18:06:35.705,8191,
29-12-2020 20:21:49.208,11094016,13-09-2021 18:06:35.705,8191,
29-12-2020 20:21:49.208,11094016,13-09-2021 18:06:35.705,8191,
29-12-2020 20:21:49.208,11094016,13-09-2021 18:06:35.705,8191,
29-12-2020 20:21:49.208,11094016,13-09-2021 18:06:35.705,8191,
29-12-2020 20:21:49.208,11094016,13-09-2021 18:06:35.705,8191,
29-12-2020 20:21:49.208,11094016,13-09-2021 18:06:35.705,8191,
29-12-2020 20:21:49.208,11094016,13-09-2021 18:06:35.705,8191,
29-12-2020 20:21:49.208,11094016,13-09-2021 18:06:35.705,8191,
29-12-2020 20:21:49.208,11094016,13-09-2021 18:06:35.705,8191,
29-12-2020 20:21:49.208,11094016,13-09-2021 18:06:35.705,8191,
29-12-2020 20:21:49.208,11094016,13-09-2021 18:06:35.705,8191,
29-12-2020 20:21:49.208,11094016,13-09-2021 18:06:35.705,8191,
29-12-2020 20:21:49.208,11094016,13-09-2021 18:06:35.705,8191,
29-12-2020 20:21:49.208,11094016,13-09-2021 18:06:35.705,8191,
29-12-2020 20:21:49.208,11094016,13-09-2021 18:06:35.705,8191,
29-12-2020 20:21:49.208,11094016,13-09-2021 18:06:35.705,8191,
29-12-2020 20:21:49.208,11094016,13-09-2021 18:06:35.705,8191,
29-12-2020 20:21:49.208,11094016,13-09-2021 18:06:35.705,8191,
29-12-2020 20:21:49.208,11094016,13-09-2021 18:06:35.705,8191,
29-12-2020 20:21:49.208,11094016,13-09-2021 18:06:35.705,8191,
29-12-2020 20:21:49.208,11094016,13-09-2021 18:06:35.705,8191,
29-12-2020 20:21:49.208,11094016,13-09-2021 18:06:35.705,8191,
29-12-2020 20:21:49.208,11094016,13-09-2021 18:06:35.705,8191,
29-12-2020 20:21:49.208,11094016,13-09-2021 18:06:35.705,8191,
29-12-2020 20:21:49.208,11094016,13-09-2021 18:06:35.705,8191,
29-12-2020 20:21:49.208,11094016,13-09-2021 18:06:35.705,8191,
29-12-2020 20:21:49.208,11094016,13-09-2021 18:06:35.705,8191,
29-12-2020 20:21:49.208,11094016,13-09-2021 18:06:35.705,8191,
29-12-2020 20:21:49.208,11094016,13-09-2021 18:06:35.705,8191,
29-12-2020 20:21:49.208,11094016,13-09-2021 18:06:35.705,8191,
29-12-2020 20:21:49.208,11094016,13-09-2021 18:06:35.705,8191,
29-12-2020 20:21:49.208,11094016,13-09-2021 18:06:35.705,8191,
29-12-2020 20:21:49.208,11094016,13-09-2021 18:06:35.705,8191,
29-12-2020 20:21:49.208,11094016,13-09-2021 18:06:35.705,8191,
29-12-2020 20:21:49.208,11094016,13-09-2021 18:06:35.705,8191,
29-12-2020 20:21:49.208,11094016,13-09-2021 18:06:35.705,8191,
29-12-2020 20:21:49.464,11096064,13-09-2021 18:06:36.716,8191,
29-12-2020 20:21:49.464,11096064,13-09-2021 18:06:36.716,8191,
29-12-2020 20:21:49.464,11096064,13-09-2021 18:06:36.716,8191,
29-12-2020 20:21:49.464,11096064,13-09-2021 18:06:36.716,8191,
29-12-2020 20:21:49.464,11096064,13-09-2021 18:06:36.716,8191,
29-12-2020 20:21:49.464,11096064,13-09-2021 18:06:36.716,8191,
29-12-2020 20:21:49.464,11096064,13-09-2021 18:06:36.716,8191,
29-12-2020 20:21:49.464,11096064,13-09-2021 18:06:36.716,8191,
29-12-2020 20:21:49.464,11096064,13-09-2021 18:06:36.716,8191,
29-12-2020 20:21:49.464,11096064,13-09-2021 18:06:36.716,8191,
29-12-2020 20:21:49.464,11096064,13-09-2021 18:06:36.716,8191,
29-12-2020 20:21:49.464,11096064,13-09-2021 18:06:36.716,8191,
29-12-2020 20:21:49.464,11096064,13-09-2021 18:06:36.716,8191,
29-12-2020 20:21:49.464,11096064,13-09-2021 18:06:36.716,8191,
29-12-2020 20:21:49.464,11096064,13-09-2021 18:06:36.716,8191,
29-12-2020 20:21:49.464,11096064,13-09-2021 18:06:36.716,8191,
29-12-2020 20:21:49.464,11096064,13-09-2021 18:06:36.716,8191,
29-12-2020 20:21:49.464,11096064,13-09-2021 18:06:36.716,8191,
29-12-2020 20:21:49.464,11096064,13-09-2021 18:06:36.716,8191,
29-12-2020 20:21:49.464,11096064,13-09-2021 18:06:36.716,8191,
29-12-2020 20:21:49.464,11096064,13-09-2021 18:06:36.716,8191,
29-12-2020 20:21:49.464,11096064,13-09-2021 18:06:36.716,8191,
29-12-2020 20:21:49.464,11096064,13-09-2021 18:06:36.716,8191,
29-12-2020 20:21:49.464,11096064,13-09-2021 18:06:36.716,8191,
29-12-2020 20:21:49.464,11096064,13-09-2021 18:06:36.716,8191,
29-12-2020 20:21:49.464,11096064,13-09-2021 18:06:36.716,8191,
29-12-2020 20:21:49.464,11096064,13-09-2021 18:06:36.716,8191,
29-12-2020 20:21:49.464,11096064,13-09-2021 18:06:36.716,8191,
29-12-2020 20:21:49.464,11096064,13-09-2021 18:06:36.716,8191,
29-12-2020 20:21:49.464,11096064,13-09-2021 18:06:36.716,8191,
29-12-2020 20:21:49.464,11096064,13-09-2021 18:06:36.716,8191,
29-12-2020 20:21:49.464,11096064,13-09-2021 18:06:36.716,8191,
29-12-2020 20:21:49.464,11096064,13-09-2021 18:06:36.716,8191,
29-12-2020 20:21:49.464,11096064,13-09-2021 18:06:36.716,8191,
29-12-2020 20:21:49.464,11096064,13-09-2021 18:06:36.716,8191,
29-12-2020 20:21:49.464,11096064,13-09-2021 18:06:36.716,8191,
29-12-2020 20:21:49.464,11096064,13-09-2021 18:06:36.716,8191,
29-12-2020 20:21:49.464,11096064,13-09-2021 18:06:36.716,8191,
29-12-2020 20:21:49.464,11096064,13-09-2021 18:06:36.716,8191,
29-12-2020 20:21:49.464,11096064,13-09-2021 18:06:36.716,8191,
29-12-2020 20:21:49.464,11096064,13-09-2021 18:06:36.716,8191,
29-12-2020 20:21:49.464,11096064,13-09-2021 18:06:36.716,8191,
29-12-2020 20:21:49.464,11096064,13-09-2021 18:06:36.716,8191,
29-12-2020 20:21:49.464,11096064,13-09-2021 18:06:36.716,8191,
29-12-2020 20:21:49.464,11096064,13-09-2021 18:06:36.716,8191,
29-12-2020 20:21:49.464,11096064,13-09-2021 18:06:36.716,8191,
29-12-2020 20:21:49.464,11096064,13-09-2021 18:06:36.716,8191,
29-12-2020 20:21:49.464,11096064,13-09-2021 18:06:36.716,8191,
29-12-2020 20:21:49.464,11096064,13-09-2021 18:06:36.716,8191,
29-12-2020 20:21:49.464,11096064,13-09-2021 18:06:36.716,8191,
29-12-2020 20:21:49.464,11096064,13-09-2021 18:06:36.716,8191,
29-12-2020 20:21:49.464,11096064,13-09-2021 18:06:36.716,8191,
29-12-2020 20:21:49.464,11096064,13-09-2021 18:06:36.716,8191,
29-12-2020 20:21:49.464,11096064,13-09-2021 18:06:36.716,8191,
29-12-2020 20:21:49.464,11096064,13-09-2021 18:06:36.716,8191,
29-12-2020 20:21:49.464,11096064,13-09-2021 18:06:36.716,8191,
29-12-2020 20:21:49.464,11096064,13-09-2021 18:06:36.716,8191,
29-12-2020 20:21:49.464,11096064,13-09-2021 18:06:36.716,8191,
29-12-2020 20:21:49.464,11096064,13-09-2021 18:06:36.716,8191,
29-12-2020 20:21:49.464,11096064,13-09-2021 18:06:36.716,8191,
29-12-2020 20:21:49.464,11096064,13-09-2021 18:06:36.716,8191,
29-12-2020 20:21:49.464,11096064,13-09-2021 18:06:36.716,8191,
29-12-2020 20:21:49.464,11096064,13-09-2021 18:06:36.716,8191,
29-12-2020 20:21:49.464,11096064,13-09-2021 18:06:36.716,8191,
29-12-2020 20:21:49.464,11096064,13-09-2021 18:06:36.716,8191,
29-12-2020 20:21:49.464,11096064,13-09-2021 18:06:36.716,8191,
29-12-2020 20:21:49.464,11096064,13-09-2021 18:06:36.716,8191,
29-12-2020 20:21:49.464,11096064,13-09-2021 18:06:36.716,8191,
29-12-2020 20:21:49.464,11096064,13-09-2021 18:06:36.716,8191,
29-12-2020 20:21:49.464,11096064,13-09-2021 18:06:36.716,8191,
29-12-2020 20:21:49.464,11096064,13-09-2021 18:06:36.716,8191,
29-12-2020 20:21:49.464,11096064,13-09-2021 18:06:36.716,8191,
29-12-2020 20:21:49.464,11096064,13-09-2021 18:06:36.716,8191,
29-12-2020 20:21:49.464,11096064,13-09-2021 18:06:36.716,8191,
29-12-2020 20:21:49.464,11096064,13-09-2021 18:06:36.716,8191,
29-12-2020 20:21:49.464,11096064,13-09-2021 18:06:36.716,8191,
29-12-2020 20:21:49.464,11096064,13-09-2021 18:06:36.716,8191,
29-12-2020 20:21:49.464,11096064,13-09-2021 18:06:36.716,8191,
29-12-2020 20:21:49.464,11096064,13-09-2021 18:06:36.716,8191,
29-12-2020 20:21:49.464,11096064,13-09-2021 18:06:36.716,8191,
29-12-2020 20:21:49.464,11096064,13-09-2021 18:06:36.716,8191,
29-12-2020 20:21:49.464,11096064,13-09-2021 18:06:36.716,8191,
29-12-2020 20:21:49.464,11096064,13-09-2021 18:06:36.716,8191,
29-12-2020 20:21:49.464,11096064,13-09-2021 18:06:36.716,8191,
29-12-2020 20:21:49.464,11096064,13-09-2021 18:06:36.716,8191,
29-12-2020 20:21:49.464,11096064,13-09-2021 18:06:36.716,8191,
29-12-2020 20:21:49.464,11096064,13-09-2021 18:06:36.716,8191,
29-12-2020 20:21:49.464,11096064,13-09-2021 18:06:36.716,8191,
29-12-2020 20:21:49.464,11096064,13-09-2021 18:06:36.716,8191,
29-12-2020 20:21:49.464,11096064,13-09-2021 18:06:36.716,8191,
29-12-2020 20:21:49.464,11096064,13-09-2021 18:06:36.716,8191,
29-12-2020 20:21:49.464,11096064,13-09-2021 18:06:36.716,8191,
29-12-2020 20:21:49.464,11096064,13-09-2021 18:06:36.716,8191,
29-12-2020 20:21:49.464,11096064,13-09-2021 18:06:36.716,8191,
29-12-2020 20:21:49.464,11096064,13-09-2021 18:06:36.716,8191,
29-12-2020 20:21:49.464,11096064,13-09-2021 18:06:36.716,8191,
29-12-2020 20:21:49.464,11096064,13-09-2021 18:06:36.716,8191,
29-12-2020 20:21:49.464,11096064,13-09-2021 18:06:36.716,8191,
29-12-2020 20:21:49.464,11096064,13-09-2021 18:06:36.716,8191,
29-12-2020 20:21:49.464,11096064,13-09-2021 18:06:36.716,8191,
29-12-2020 20:21:49.464,11096064,13-09-2021 18:06:36.716,8191,
29-12-2020 20:21:49.464,11096064,13-09-2021 18:06:36.716,8191,
29-12-2020 20:21:49.464,11096064,13-09-2021 18:06:36.716,8191,
29-12-2020 20:21:49.464,11096064,13-09-2021 18:06:36.716,8191,
29-12-2020 20:21:49.464,11096064,13-09-2021 18:06:36.716,8191,
29-12-2020 20:21:49.464,11096064,13-09-2021 18:06:36.716,8191,
29-12-2020 20:21:49.464,11096064,13-09-2021 18:06:36.716,8191,
29-12-2020 20:21:49.464,11096064,13-09-2021 18:06:36.716,8191,
29-12-2020 20:21:49.464,11096064,13-09-2021 18:06:36.716,8191,
29-12-2020 20:21:49.464,11096064,13-09-2021 18:06:36.716,8191,
29-12-2020 20:21:49.464,11096064,13-09-2021 18:06:36.716,8191,
29-12-2020 20:21:49.464,11096064,13-09-2021 18:06:36.716,8191,
29-12-2020 20:21:49.464,11096064,13-09-2021 18:06:36.716,8191,
29-12-2020 20:21:49.464,11096064,13-09-2021 18:06:36.716,8191,
29-12-2020 20:21:49.464,11096064,13-09-2021 18:06:36.716,8191,
29-12-2020 20:21:49.464,11096064,13-09-2021 18:06:36.716,8191,
29-12-2020 20:21:49.464,11096064,13-09-2021 18:06:36.716,8191,
29-12-2020 20:21:49.464,11096064,13-09-2021 18:06:36.716,8191,
29-12-2020 20:21:49.464,11096064,13-09-2021 18:06:36.716,8191,
29-12-2020 20:21:49.464,11096064,13-09-2021 18:06:36.716,8191,
29-12-2020 20:21:49.464,11096064,13-09-2021 18:06:36.716,8191,
29-12-2020 20:21:49.464,11096064,13-09-2021 18:06:36.716,8191,
29-12-2020 20:21:49.464,11096064,13-09-2021 18:06:36.716,8191,
29-12-2020 20:21:49.464,11096064,13-09-2021 18:06:36.716,8191,
29-12-2020 20:21:49.464,11096064,13-09-2021 18:06:36.716,8191,
29-12-2020 20:21:49.464,11096064,13-09-2021 18:06:36.716,8191,
29-12-2020 20:21:49.464,11096064,13-09-2021 18:06:36.716,8191,
29-12-2020 20:21:49.464,11096064,13-09-2021 18:06:36.716,8191,
29-12-2020 20:21:49.720,11098112,13-09-2021 18:06:36.718,8191,
29-12-2020 20:21:49.720,11098112,13-09-2021 18:06:36.718,8191,
29-12-2020 20:21:49.720,11098112,13-09-2021 18:06:36.718,8191,
29-12-2020 20:21:49.720,11098112,13-09-2021 18:06:36.718,8191,
29-12-2020 20:21:49.720,11098112,13-09-2021 18:06:36.718,8191,
29-12-2020 20:21:49.720,11098112,13-09-2021 18:06:36.718,8191,
29-12-2020 20:21:49.720,11098112,13-09-2021 18:06:36.718,8191,
29-12-2020 20:21:49.720,11098112,13-09-2021 18:06:36.718,8191,
29-12-2020 20:21:49.720,11098112,13-09-2021 18:06:36.718,8191,
29-12-2020 20:21:49.720,11098112,13-09-2021 18:06:36.718,8191,
29-12-2020 20:21:49.720,11098112,13-09-2021 18:06:36.718,8191,
29-12-2020 20:21:49.720,11098112,13-09-2021 18:06:36.718,8191,
29-12-2020 20:21:49.720,11098112,13-09-2021 18:06:36.718,8191,
29-12-2020 20:21:49.720,11098112,13-09-2021 18:06:36.718,8191,
29-12-2020 20:21:49.720,11098112,13-09-2021 18:06:36.718,8191,
29-12-2020 20:21:49.720,11098112,13-09-2021 18:06:36.718,8191,
29-12-2020 20:21:49.720,11098112,13-09-2021 18:06:36.718,8191,
29-12-2020 20:21:49.720,11098112,13-09-2021 18:06:36.718,8191,
29-12-2020 20:21:49.720,11098112,13-09-2021 18:06:36.718,8191,
29-12-2020 20:21:49.720,11098112,13-09-2021 18:06:36.718,8191,
29-12-2020 20:21:49.720,11098112,13-09-2021 18:06:36.718,8191,
29-12-2020 20:21:49.720,11098112,13-09-2021 18:06:36.718,8191,
29-12-2020 20:21:49.720,11098112,13-09-2021 18:06:36.718,8191,
29-12-2020 20:21:49.720,11098112,13-09-2021 18:06:36.718,8191,
29-12-2020 20:21:49.720,11098112,13-09-2021 18:06:36.718,8191,
29-12-2020 20:21:49.720,11098112,13-09-2021 18:06:36.718,8191,
29-12-2020 20:21:49.720,11098112,13-09-2021 18:06:36.718,8191,
29-12-2020 20:21:49.720,11098112,13-09-2021 18:06:36.718,8191,
29-12-2020 20:21:49.720,11098112,13-09-2021 18:06:36.718,8191,
29-12-2020 20:21:49.720,11098112,13-09-2021 18:06:36.718,8191,
29-12-2020 20:21:49.720,11098112,13-09-2021 18:06:36.718,8191,
29-12-2020 20:21:49.720,11098112,13-09-2021 18:06:36.718,8191,
29-12-2020 20:21:49.720,11098112,13-09-2021 18:06:36.718,8191,
29-12-2020 20:21:49.720,11098112,13-09-2021 18:06:36.718,8191,
29-12-2020 20:21:49.720,11098112,13-09-2021 18:06:36.718,8191,
29-12-2020 20:21:49.720,11098112,13-09-2021 18:06:36.718,8191,
29-12-2020 20:21:49.720,11098112,13-09-2021 18:06:36.718,8191,
29-12-2020 20:21:49.720,11098112,13-09-2021 18:06:36.718,8191,
29-12-2020 20:21:49.720,11098112,13-09-2021 18:06:36.718,8191,
29-12-2020 20:21:49.720,11098112,13-09-2021 18:06:36.718,8191,
29-12-2020 20:21:49.720,11098112,13-09-2021 18:06:36.718,8191,
29-12-2020 20:21:49.720,11098112,13-09-2021 18:06:36.718,8191,
29-12-2020 20:21:49.720,11098112,13-09-2021 18:06:36.718,8191,
29-12-2020 20:21:49.720,11098112,13-09-2021 18:06:36.718,8191,
29-12-2020 20:21:49.720,11098112,13-09-2021 18:06:36.718,8191,
29-12-2020 20:21:49.720,11098112,13-09-2021 18:06:36.718,8191,
29-12-2020 20:21:49.720,11098112,13-09-2021 18:06:36.718,8191,
29-12-2020 20:21:49.720,11098112,13-09-2021 18:06:36.718,8191,
29-12-2020 20:21:49.720,11098112,13-09-2021 18:06:36.718,8191,
29-12-2020 20:21:49.720,11098112,13-09-2021 18:06:36.718,8191,
29-12-2020 20:21:49.720,11098112,13-09-2021 18:06:36.718,8191,
29-12-2020 20:21:49.720,11098112,13-09-2021 18:06:36.718,8191,
29-12-2020 20:21:49.720,11098112,13-09-2021 18:06:36.718,8191,
29-12-2020 20:21:49.720,11098112,13-09-2021 18:06:36.718,8191,
29-12-2020 20:21:49.720,11098112,13-09-2021 18:06:36.718,8191,
29-12-2020 20:21:49.720,11098112,13-09-2021 18:06:36.718,8191,
29-12-2020 20:21:49.720,11098112,13-09-2021 18:06:36.718,8191,
29-12-2020 20:21:49.720,11098112,13-09-2021 18:06:36.718,8191,
29-12-2020 20:21:49.720,11098112,13-09-2021 18:06:36.718,8191,
29-12-2020 20:21:49.720,11098112,13-09-2021 18:06:36.718,8191,
29-12-2020 20:21:49.720,11098112,13-09-2021 18:06:36.718,8191,
29-12-2020 20:21:49.720,11098112,13-09-2021 18:06:36.718,8191,
29-12-2020 20:21:49.720,11098112,13-09-2021 18:06:36.718,8191,
29-12-2020 20:21:49.720,11098112,13-09-2021 18:06:36.718,8191,
29-12-2020 20:21:49.720,11098112,13-09-2021 18:06:36.718,8191,
29-12-2020 20:21:49.720,11098112,13-09-2021 18:06:36.718,8191,
29-12-2020 20:21:49.720,11098112,13-09-2021 18:06:36.718,8191,
29-12-2020 20:21:49.720,11098112,13-09-2021 18:06:36.718,8191,
29-12-2020 20:21:49.720,11098112,13-09-2021 18:06:36.718,8191,
29-12-2020 20:21:49.720,11098112,13-09-2021 18:06:36.718,8191,
29-12-2020 20:21:49.720,11098112,13-09-2021 18:06:36.718,8191,
29-12-2020 20:21:49.720,11098112,13-09-2021 18:06:36.718,8191,
29-12-2020 20:21:49.720,11098112,13-09-2021 18:06:36.718,8191,
29-12-2020 20:21:49.720,11098112,13-09-2021 18:06:36.718,8191,
29-12-2020 20:21:49.720,11098112,13-09-2021 18:06:36.718,8191,
29-12-2020 20:21:49.720,11098112,13-09-2021 18:06:36.718,8191,
29-12-2020 20:21:49.720,11098112,13-09-2021 18:06:36.718,8191,
29-12-2020 20:21:49.720,11098112,13-09-2021 18:06:36.718,8191,
29-12-2020 20:21:49.720,11098112,13-09-2021 18:06:36.718,8191,
29-12-2020 20:21:49.720,11098112,13-09-2021 18:06:36.718,8191,
29-12-2020 20:21:49.720,11098112,13-09-2021 18:06:36.718,8191,
29-12-2020 20:21:49.720,11098112,13-09-2021 18:06:36.718,8191,
29-12-2020 20:21:49.720,11098112,13-09-2021 18:06:36.718,8191,
29-12-2020 20:21:49.720,11098112,13-09-2021 18:06:36.718,8191,
29-12-2020 20:21:49.720,11098112,13-09-2021 18:06:36.718,8191,
29-12-2020 20:21:49.720,11098112,13-09-2021 18:06:36.718,8191,
29-12-2020 20:21:49.720,11098112,13-09-2021 18:06:36.718,8191,
29-12-2020 20:21:49.720,11098112,13-09-2021 18:06:36.718,8191,
29-12-2020 20:21:49.720,11098112,13-09-2021 18:06:36.718,8191,
29-12-2020 20:21:49.720,11098112,13-09-2021 18:06:36.718,8191,
29-12-2020 20:21:49.720,11098112,13-09-2021 18:06:36.718,8191,
29-12-2020 20:21:49.720,11098112,13-09-2021 18:06:36.718,8191,
29-12-2020 20:21:49.720,11098112,13-09-2021 18:06:36.718,8191,
29-12-2020 20:21:49.720,11098112,13-09-2021 18:06:36.718,8191,
29-12-2020 20:21:49.720,11098112,13-09-2021 18:06:36.718,8191,
29-12-2020 20:21:49.720,11098112,13-09-2021 18:06:36.718,8191,
29-12-2020 20:21:49.720,11098112,13-09-2021 18:06:36.718,8191,
29-12-2020 20:21:49.720,11098112,13-09-2021 18:06:36.718,8191,
29-12-2020 20:21:49.720,11098112,13-09-2021 18:06:36.718,8191,
29-12-2020 20:21:49.720,11098112,13-09-2021 18:06:36.718,8191,
29-12-2020 20:21:49.720,11098112,13-09-2021 18:06:36.718,8191,
29-12-2020 20:21:49.720,11098112,13-09-2021 18:06:36.718,8191,
29-12-2020 20:21:49.720,11098112,13-09-2021 18:06:36.718,8191,
29-12-2020 20:21:49.720,11098112,13-09-2021 18:06:36.718,8191,
29-12-2020 20:21:49.720,11098112,13-09-2021 18:06:36.718,8191,
29-12-2020 20:21:49.720,11098112,13-09-2021 18:06:36.718,8191,
29-12-2020 20:21:49.720,11098112,13-09-2021 18:06:36.718,8191,
29-12-2020 20:21:49.720,11098112,13-09-2021 18:06:36.718,8191,
29-12-2020 20:21:49.720,11098112,13-09-2021 18:06:36.718,8191,
29-12-2020 20:21:49.720,11098112,13-09-2021 18:06:36.718,8191,
29-12-2020 20:21:49.720,11098112,13-09-2021 18:06:36.718,8191,
29-12-2020 20:21:49.720,11098112,13-09-2021 18:06:36.718,8191,
29-12-2020 20:21:49.720,11098112,13-09-2021 18:06:36.718,8191,
29-12-2020 20:21:49.720,11098112,13-09-2021 18:06:36.718,8191,
29-12-2020 20:21:49.720,11098112,13-09-2021 18:06:36.718,8191,
29-12-2020 20:21:49.720,11098112,13-09-2021 18:06:36.718,8191,
29-12-2020 20:21:49.720,11098112,13-09-2021 18:06:36.718,8191,
29-12-2020 20:21:49.720,11098112,13-09-2021 18:06:36.718,8191,
29-12-2020 20:21:49.720,11098112,13-09-2021 18:06:36.718,8191,
29-12-2020 20:21:49.720,11098112,13-09-2021 18:06:36.718,8191,
29-12-2020 20:21:49.720,11098112,13-09-2021 18:06:36.718,8191,
29-12-2020 20:21:49.720,11098112,13-09-2021 18:06:36.718,8191,
29-12-2020 20:21:49.720,11098112,13-09-2021 18:06:36.718,8191,
29-12-2020 20:21:49.720,11098112,13-09-2021 18:06:36.718,8191,
29-12-2020 20:21:49.720,11098112,13-09-2021 18:06:36.718,8191,
29-12-2020 20:21:49.720,11098112,13-09-2021 18:06:36.718,8191,
29-12-2020 20:21:49.720,11098112,13-09-2021 18:06:36.718,8191,
29-12-2020 20:21:49.720,11098112,13-09-2021 18:06:36.718,8191,
29-12-2020 20:21:49.976,11100160,13-09-2021 18:06:36.719,8191,
29-12-2020 20:21:49.976,11100160,13-09-2021 18:06:36.719,8191,
29-12-2020 20:21:49.976,11100160,13-09-2021 18:06:36.719,8191,
29-12-2020 20:21:49.976,11100160,13-09-2021 18:06:36.719,8191,
29-12-2020 20:21:49.976,11100160,13-09-2021 18:06:36.719,8191,
29-12-2020 20:21:49.976,11100160,13-09-2021 18:06:36.719,8191,
29-12-2020 20:21:49.976,11100160,13-09-2021 18:06:36.719,8191,
29-12-2020 20:21:49.976,11100160,13-09-2021 18:06:36.719,8191,
29-12-2020 20:21:49.976,11100160,13-09-2021 18:06:36.719,8191,
29-12-2020 20:21:49.976,11100160,13-09-2021 18:06:36.719,8191,
29-12-2020 20:21:49.976,11100160,13-09-2021 18:06:36.719,8191,
29-12-2020 20:21:49.976,11100160,13-09-2021 18:06:36.719,8191,
29-12-2020 20:21:49.976,11100160,13-09-2021 18:06:36.719,8191,
29-12-2020 20:21:49.976,11100160,13-09-2021 18:06:36.719,8191,
29-12-2020 20:21:49.976,11100160,13-09-2021 18:06:36.719,8191,
29-12-2020 20:21:49.976,11100160,13-09-2021 18:06:36.719,8191,
29-12-2020 20:21:49.976,11100160,13-09-2021 18:06:36.719,8191,
29-12-2020 20:21:49.976,11100160,13-09-2021 18:06:36.719,8191,
29-12-2020 20:21:49.976,11100160,13-09-2021 18:06:36.719,8191,
29-12-2020 20:21:49.976,11100160,13-09-2021 18:06:36.719,8191,
29-12-2020 20:21:49.976,11100160,13-09-2021 18:06:36.719,8191,
29-12-2020 20:21:49.976,11100160,13-09-2021 18:06:36.719,8191,
29-12-2020 20:21:49.976,11100160,13-09-2021 18:06:36.719,8191,
29-12-2020 20:21:49.976,11100160,13-09-2021 18:06:36.719,8191,
29-12-2020 20:21:49.976,11100160,13-09-2021 18:06:36.719,8191,
29-12-2020 20:21:49.976,11100160,13-09-2021 18:06:36.719,8191,
29-12-2020 20:21:49.976,11100160,13-09-2021 18:06:36.719,8191,
29-12-2020 20:21:49.976,11100160,13-09-2021 18:06:36.719,8191,
29-12-2020 20:21:49.976,11100160,13-09-2021 18:06:36.719,8191,
29-12-2020 20:21:49.976,11100160,13-09-2021 18:06:36.719,8191,
29-12-2020 20:21:49.976,11100160,13-09-2021 18:06:36.719,8191,
29-12-2020 20:21:49.976,11100160,13-09-2021 18:06:36.719,8191,
29-12-2020 20:21:49.976,11100160,13-09-2021 18:06:36.719,8191,
29-12-2020 20:21:49.976,11100160,13-09-2021 18:06:36.719,8191,
29-12-2020 20:21:49.976,11100160,13-09-2021 18:06:36.719,8191,
29-12-2020 20:21:49.976,11100160,13-09-2021 18:06:36.719,8191,
29-12-2020 20:21:49.976,11100160,13-09-2021 18:06:36.719,8191,
29-12-2020 20:21:49.976,11100160,13-09-2021 18:06:36.719,8191,
29-12-2020 20:21:49.976,11100160,13-09-2021 18:06:36.719,8191,
29-12-2020 20:21:49.976,11100160,13-09-2021 18:06:36.719,8191,
29-12-2020 20:21:49.976,11100160,13-09-2021 18:06:36.719,8191,
29-12-2020 20:21:49.976,11100160,13-09-2021 18:06:36.719,8191,
29-12-2020 20:21:49.976,11100160,13-09-2021 18:06:36.719,8191,
29-12-2020 20:21:49.976,11100160,13-09-2021 18:06:36.719,8191,
29-12-2020 20:21:49.976,11100160,13-09-2021 18:06:36.719,8191,
29-12-2020 20:21:49.976,11100160,13-09-2021 18:06:36.719,8191,
29-12-2020 20:21:49.976,11100160,13-09-2021 18:06:36.719,8191,
29-12-2020 20:21:49.976,11100160,13-09-2021 18:06:36.719,8191,
29-12-2020 20:21:49.976,11100160,13-09-2021 18:06:36.719,8191,
29-12-2020 20:21:49.976,11100160,13-09-2021 18:06:36.719,8191,
29-12-2020 20:21:49.976,11100160,13-09-2021 18:06:36.719,8191,
29-12-2020 20:21:49.976,11100160,13-09-2021 18:06:36.719,8191,
29-12-2020 20:21:49.976,11100160,13-09-2021 18:06:36.719,8191,
29-12-2020 20:21:49.976,11100160,13-09-2021 18:06:36.719,8191,
29-12-2020 20:21:49.976,11100160,13-09-2021 18:06:36.719,8191,
29-12-2020 20:21:49.976,11100160,13-09-2021 18:06:36.719,8191,
29-12-2020 20:21:49.976,11100160,13-09-2021 18:06:36.719,8191,
29-12-2020 20:21:49.976,11100160,13-09-2021 18:06:36.719,8191,
29-12-2020 20:21:49.976,11100160,13-09-2021 18:06:36.719,8191,
29-12-2020 20:21:49.976,11100160,13-09-2021 18:06:36.719,8191,
29-12-2020 20:21:49.976,11100160,13-09-2021 18:06:36.719,8191,
29-12-2020 20:21:49.976,11100160,13-09-2021 18:06:36.719,8191,
29-12-2020 20:21:49.976,11100160,13-09-2021 18:06:36.719,8191,
29-12-2020 20:21:49.976,11100160,13-09-2021 18:06:36.719,8191,
29-12-2020 20:21:49.976,11100160,13-09-2021 18:06:36.719,8191,
29-12-2020 20:21:49.976,11100160,13-09-2021 18:06:36.719,8191,
29-12-2020 20:21:49.976,11100160,13-09-2021 18:06:36.719,8191,
29-12-2020 20:21:49.976,11100160,13-09-2021 18:06:36.719,8191,
29-12-2020 20:21:49.976,11100160,13-09-2021 18:06:36.719,8191,
29-12-2020 20:21:49.976,11100160,13-09-2021 18:06:36.719,8191,
29-12-2020 20:21:49.976,11100160,13-09-2021 18:06:36.719,8191,
29-12-2020 20:21:49.976,11100160,13-09-2021 18:06:36.719,8191,
29-12-2020 20:21:49.976,11100160,13-09-2021 18:06:36.719,8191,
29-12-2020 20:21:49.976,11100160,13-09-2021 18:06:36.719,8191,
29-12-2020 20:21:49.976,11100160,13-09-2021 18:06:36.719,8191,
29-12-2020 20:21:49.976,11100160,13-09-2021 18:06:36.719,8191,
29-12-2020 20:21:49.976,11100160,13-09-2021 18:06:36.719,8191,
29-12-2020 20:21:49.976,11100160,13-09-2021 18:06:36.719,8191,
29-12-2020 20:21:49.976,11100160,13-09-2021 18:06:36.719,8191,
29-12-2020 20:21:49.976,11100160,13-09-2021 18:06:36.719,8191,
29-12-2020 20:21:49.976,11100160,13-09-2021 18:06:36.719,8191,
29-12-2020 20:21:49.976,11100160,13-09-2021 18:06:36.719,8191,
29-12-2020 20:21:49.976,11100160,13-09-2021 18:06:36.719,8191,
29-12-2020 20:21:49.976,11100160,13-09-2021 18:06:36.719,8191,
29-12-2020 20:21:49.976,11100160,13-09-2021 18:06:36.719,8191,
29-12-2020 20:21:49.976,11100160,13-09-2021 18:06:36.719,8191,
29-12-2020 20:21:49.976,11100160,13-09-2021 18:06:36.719,8191,
29-12-2020 20:21:49.976,11100160,13-09-2021 18:06:36.719,8191,
29-12-2020 20:21:49.976,11100160,13-09-2021 18:06:36.719,8191,
29-12-2020 20:21:49.976,11100160,13-09-2021 18:06:36.719,8191,
29-12-2020 20:21:49.976,11100160,13-09-2021 18:06:36.719,8191,
29-12-2020 20:21:49.976,11100160,13-09-2021 18:06:36.719,8191,
29-12-2020 20:21:49.976,11100160,13-09-2021 18:06:36.719,8191,
29-12-2020 20:21:49.976,11100160,13-09-2021 18:06:36.719,8191,
29-12-2020 20:21:49.976,11100160,13-09-2021 18:06:36.719,8191,
29-12-2020 20:21:49.976,11100160,13-09-2021 18:06:36.719,8191,
29-12-2020 20:21:49.976,11100160,13-09-2021 18:06:36.719,8191,
29-12-2020 20:21:49.976,11100160,13-09-2021 18:06:36.719,8191,
29-12-2020 20:21:49.976,11100160,13-09-2021 18:06:36.719,8191,
29-12-2020 20:21:49.976,11100160,13-09-2021 18:06:36.719,8191,
29-12-2020 20:21:49.976,11100160,13-09-2021 18:06:36.719,8191,
29-12-2020 20:21:49.976,11100160,13-09-2021 18:06:36.719,8191,
29-12-2020 20:21:49.976,11100160,13-09-2021 18:06:36.719,8191,
29-12-2020 20:21:49.976,11100160,13-09-2021 18:06:36.719,8191,
29-12-2020 20:21:49.976,11100160,13-09-2021 18:06:36.719,8191,
29-12-2020 20:21:49.976,11100160,13-09-2021 18:06:36.719,8191,
29-12-2020 20:21:49.976,11100160,13-09-2021 18:06:36.719,8191,
29-12-2020 20:21:49.976,11100160,13-09-2021 18:06:36.719,8191,
29-12-2020 20:21:49.976,11100160,13-09-2021 18:06:36.719,8191,
29-12-2020 20:21:49.976,11100160,13-09-2021 18:06:36.719,8191,
29-12-2020 20:21:49.976,11100160,13-09-2021 18:06:36.719,8191,
29-12-2020 20:21:49.976,11100160,13-09-2021 18:06:36.719,8191,
29-12-2020 20:21:49.976,11100160,13-09-2021 18:06:36.719,8191,
29-12-2020 20:21:49.976,11100160,13-09-2021 18:06:36.719,8191,
29-12-2020 20:21:49.976,11100160,13-09-2021 18:06:36.719,8191,
29-12-2020 20:21:49.976,11100160,13-09-2021 18:06:36.719,8191,
29-12-2020 20:21:49.976,11100160,13-09-2021 18:06:36.719,8191,
29-12-2020 20:21:49.976,11100160,13-09-2021 18:06:36.719,8191,
29-12-2020 20:21:49.976,11100160,13-09-2021 18:06:36.719,8191,
29-12-2020 20:21:49.976,11100160,13-09-2021 18:06:36.719,8191,
29-12-2020 20:21:49.976,11100160,13-09-2021 18:06:36.719,8191,
29-12-2020 20:21:49.976,11100160,13-09-2021 18:06:36.719,8191,
29-12-2020 20:21:49.976,11100160,13-09-2021 18:06:36.719,8191,
29-12-2020 20:21:49.976,11100160,13-09-2021 18:06:36.719,8191,
29-12-2020 20:21:49.976,11100160,13-09-2021 18:06:36.719,8191,
29-12-2020 20:21:49.976,11100160,13-09-2021 18:06:36.719,8191,
29-12-2020 20:21:49.976,11100160,13-09-2021 18:06:36.719,8191,
29-12-2020 20:21:49.976,11100160,13-09-2021 18:06:36.719,8191,
29-12-2020 20:21:50.232,11102208,13-09-2021 18:06:36.720,8191,
29-12-2020 20:21:50.232,11102208,13-09-2021 18:06:36.720,8191,
29-12-2020 20:21:50.232,11102208,13-09-2021 18:06:36.720,8191,
29-12-2020 20:21:50.232,11102208,13-09-2021 18:06:36.720,8191,
29-12-2020 20:21:50.232,11102208,13-09-2021 18:06:36.720,8191,
29-12-2020 20:21:50.232,11102208,13-09-2021 18:06:36.720,8191,
29-12-2020 20:21:50.232,11102208,13-09-2021 18:06:36.720,8191,
29-12-2020 20:21:50.232,11102208,13-09-2021 18:06:36.720,8191,
29-12-2020 20:21:50.232,11102208,13-09-2021 18:06:36.720,8191,
29-12-2020 20:21:50.232,11102208,13-09-2021 18:06:36.720,8191,
29-12-2020 20:21:50.232,11102208,13-09-2021 18:06:36.720,8191,
29-12-2020 20:21:50.232,11102208,13-09-2021 18:06:36.720,8191,
29-12-2020 20:21:50.232,11102208,13-09-2021 18:06:36.720,8191,
29-12-2020 20:21:50.232,11102208,13-09-2021 18:06:36.720,8191,
29-12-2020 20:21:50.232,11102208,13-09-2021 18:06:36.720,8191,
29-12-2020 20:21:50.232,11102208,13-09-2021 18:06:36.720,8191,
29-12-2020 20:21:50.232,11102208,13-09-2021 18:06:36.720,8191,
29-12-2020 20:21:50.232,11102208,13-09-2021 18:06:36.720,8191,
29-12-2020 20:21:50.232,11102208,13-09-2021 18:06:36.720,8191,
29-12-2020 20:21:50.232,11102208,13-09-2021 18:06:36.720,8191,
29-12-2020 20:21:50.232,11102208,13-09-2021 18:06:36.720,8191,
29-12-2020 20:21:50.232,11102208,13-09-2021 18:06:36.720,8191,
29-12-2020 20:21:50.232,11102208,13-09-2021 18:06:36.720,8191,
29-12-2020 20:21:50.232,11102208,13-09-2021 18:06:36.720,8191,
29-12-2020 20:21:50.232,11102208,13-09-2021 18:06:36.720,8191,
29-12-2020 20:21:50.232,11102208,13-09-2021 18:06:36.720,8191,
29-12-2020 20:21:50.232,11102208,13-09-2021 18:06:36.720,8191,
29-12-2020 20:21:50.232,11102208,13-09-2021 18:06:36.720,8191,
29-12-2020 20:21:50.232,11102208,13-09-2021 18:06:36.720,8191,
29-12-2020 20:21:50.232,11102208,13-09-2021 18:06:36.720,8191,
29-12-2020 20:21:50.232,11102208,13-09-2021 18:06:36.720,8191,
29-12-2020 20:21:50.232,11102208,13-09-2021 18:06:36.720,8191,
29-12-2020 20:21:50.232,11102208,13-09-2021 18:06:36.720,8191,
29-12-2020 20:21:50.232,11102208,13-09-2021 18:06:36.720,8191,
29-12-2020 20:21:50.232,11102208,13-09-2021 18:06:36.720,8191,
29-12-2020 20:21:50.232,11102208,13-09-2021 18:06:36.720,8191,
29-12-2020 20:21:50.232,11102208,13-09-2021 18:06:36.720,8191,
29-12-2020 20:21:50.232,11102208,13-09-2021 18:06:36.720,8191,
29-12-2020 20:21:50.232,11102208,13-09-2021 18:06:36.720,8191,
29-12-2020 20:21:50.232,11102208,13-09-2021 18:06:36.720,8191,
29-12-2020 20:21:50.232,11102208,13-09-2021 18:06:36.720,8191,
29-12-2020 20:21:50.232,11102208,13-09-2021 18:06:36.720,8191,
29-12-2020 20:21:50.232,11102208,13-09-2021 18:06:36.720,8191,
29-12-2020 20:21:50.232,11102208,13-09-2021 18:06:36.720,8191,
29-12-2020 20:21:50.232,11102208,13-09-2021 18:06:36.720,8191,
29-12-2020 20:21:50.232,11102208,13-09-2021 18:06:36.720,8191,
29-12-2020 20:21:50.232,11102208,13-09-2021 18:06:36.720,8191,
29-12-2020 20:21:50.232,11102208,13-09-2021 18:06:36.720,8191,
29-12-2020 20:21:50.232,11102208,13-09-2021 18:06:36.720,8191,
29-12-2020 20:21:50.232,11102208,13-09-2021 18:06:36.720,8191,
29-12-2020 20:21:50.232,11102208,13-09-2021 18:06:36.720,8191,
29-12-2020 20:21:50.232,11102208,13-09-2021 18:06:36.720,8191,
29-12-2020 20:21:50.232,11102208,13-09-2021 18:06:36.720,8191,
29-12-2020 20:21:50.232,11102208,13-09-2021 18:06:36.720,8191,
29-12-2020 20:21:50.232,11102208,13-09-2021 18:06:36.720,8191,
29-12-2020 20:21:50.232,11102208,13-09-2021 18:06:36.720,8191,
29-12-2020 20:21:50.232,11102208,13-09-2021 18:06:36.720,8191,
29-12-2020 20:21:50.232,11102208,13-09-2021 18:06:36.720,8191,
29-12-2020 20:21:50.232,11102208,13-09-2021 18:06:36.720,8191,
29-12-2020 20:21:50.232,11102208,13-09-2021 18:06:36.720,8191,
29-12-2020 20:21:50.232,11102208,13-09-2021 18:06:36.720,8191,
29-12-2020 20:21:50.232,11102208,13-09-2021 18:06:36.720,8191,
29-12-2020 20:21:50.232,11102208,13-09-2021 18:06:36.720,8191,
29-12-2020 20:21:50.232,11102208,13-09-2021 18:06:36.720,8191,
29-12-2020 20:21:50.232,11102208,13-09-2021 18:06:36.720,8191,
29-12-2020 20:21:50.232,11102208,13-09-2021 18:06:36.720,8191,
29-12-2020 20:21:50.232,11102208,13-09-2021 18:06:36.720,8191,
29-12-2020 20:21:50.232,11102208,13-09-2021 18:06:36.720,8191,
29-12-2020 20:21:50.232,11102208,13-09-2021 18:06:36.720,8191,
29-12-2020 20:21:50.232,11102208,13-09-2021 18:06:36.720,8191,
29-12-2020 20:21:50.232,11102208,13-09-2021 18:06:36.720,8191,
29-12-2020 20:21:50.232,11102208,13-09-2021 18:06:36.720,8191,
29-12-2020 20:21:50.232,11102208,13-09-2021 18:06:36.720,8191,
29-12-2020 20:21:50.232,11102208,13-09-2021 18:06:36.720,8191,
29-12-2020 20:21:50.232,11102208,13-09-2021 18:06:36.720,8191,
29-12-2020 20:21:50.232,11102208,13-09-2021 18:06:36.720,8191,
29-12-2020 20:21:50.232,11102208,13-09-2021 18:06:36.720,8191,
29-12-2020 20:21:50.232,11102208,13-09-2021 18:06:36.720,8191,
29-12-2020 20:21:50.232,11102208,13-09-2021 18:06:36.720,8191,
29-12-2020 20:21:50.232,11102208,13-09-2021 18:06:36.720,8191,
29-12-2020 20:21:50.232,11102208,13-09-2021 18:06:36.720,8191,
29-12-2020 20:21:50.232,11102208,13-09-2021 18:06:36.720,8191,
29-12-2020 20:21:50.232,11102208,13-09-2021 18:06:36.720,8191,
29-12-2020 20:21:50.232,11102208,13-09-2021 18:06:36.720,8191,
29-12-2020 20:21:50.232,11102208,13-09-2021 18:06:36.720,8191,
29-12-2020 20:21:50.232,11102208,13-09-2021 18:06:36.720,8191,
29-12-2020 20:21:50.232,11102208,13-09-2021 18:06:36.720,8191,
29-12-2020 20:21:50.232,11102208,13-09-2021 18:06:36.720,8191,
29-12-2020 20:21:50.232,11102208,13-09-2021 18:06:36.720,8191,
29-12-2020 20:21:50.232,11102208,13-09-2021 18:06:36.720,8191,
29-12-2020 20:21:50.232,11102208,13-09-2021 18:06:36.720,8191,
29-12-2020 20:21:50.232,11102208,13-09-2021 18:06:36.720,8191,
29-12-2020 20:21:50.232,11102208,13-09-2021 18:06:36.720,8191,
29-12-2020 20:21:50.232,11102208,13-09-2021 18:06:36.720,8191,
29-12-2020 20:21:50.232,11102208,13-09-2021 18:06:36.720,8191,
29-12-2020 20:21:50.232,11102208,13-09-2021 18:06:36.720,8191,
29-12-2020 20:21:50.232,11102208,13-09-2021 18:06:36.720,8191,
29-12-2020 20:21:50.232,11102208,13-09-2021 18:06:36.720,8191,
29-12-2020 20:21:50.232,11102208,13-09-2021 18:06:36.720,8191,
29-12-2020 20:21:50.232,11102208,13-09-2021 18:06:36.720,8191,
29-12-2020 20:21:50.232,11102208,13-09-2021 18:06:36.720,8191,
29-12-2020 20:21:50.232,11102208,13-09-2021 18:06:36.720,8191,
29-12-2020 20:21:50.232,11102208,13-09-2021 18:06:36.720,8191,
29-12-2020 20:21:50.232,11102208,13-09-2021 18:06:36.720,8191,
29-12-2020 20:21:50.232,11102208,13-09-2021 18:06:36.720,8191,
29-12-2020 20:21:50.232,11102208,13-09-2021 18:06:36.720,8191,
29-12-2020 20:21:50.232,11102208,13-09-2021 18:06:36.720,8191,
29-12-2020 20:21:50.232,11102208,13-09-2021 18:06:36.720,8191,
29-12-2020 20:21:50.232,11102208,13-09-2021 18:06:36.720,8191,
29-12-2020 20:21:50.232,11102208,13-09-2021 18:06:36.720,8191,
29-12-2020 20:21:50.232,11102208,13-09-2021 18:06:36.720,8191,
29-12-2020 20:21:50.232,11102208,13-09-2021 18:06:36.720,8191,
29-12-2020 20:21:50.232,11102208,13-09-2021 18:06:36.720,8191,
29-12-2020 20:21:50.232,11102208,13-09-2021 18:06:36.720,8191,
29-12-2020 20:21:50.232,11102208,13-09-2021 18:06:36.720,8191,
29-12-2020 20:21:50.232,11102208,13-09-2021 18:06:36.720,8191,
29-12-2020 20:21:50.232,11102208,13-09-2021 18:06:36.720,8191,
29-12-2020 20:21:50.232,11102208,13-09-2021 18:06:36.720,8191,
29-12-2020 20:21:50.232,11102208,13-09-2021 18:06:36.720,8191,
29-12-2020 20:21:50.232,11102208,13-09-2021 18:06:36.720,8191,
29-12-2020 20:21:50.232,11102208,13-09-2021 18:06:36.720,8191,
29-12-2020 20:21:50.232,11102208,13-09-2021 18:06:36.720,8191,
29-12-2020 20:21:50.232,11102208,13-09-2021 18:06:36.720,8191,
29-12-2020 20:21:50.232,11102208,13-09-2021 18:06:36.720,8191,
29-12-2020 20:21:50.232,11102208,13-09-2021 18:06:36.720,8191,
29-12-2020 20:21:50.232,11102208,13-09-2021 18:06:36.720,8191,
29-12-2020 20:21:50.232,11102208,13-09-2021 18:06:36.720,8191,
29-12-2020 20:21:50.232,11102208,13-09-2021 18:06:36.720,8191,
29-12-2020 20:21:50.488,11104256,13-09-2021 18:06:37.734,8191,
29-12-2020 20:21:50.488,11104256,13-09-2021 18:06:37.734,8191,
29-12-2020 20:21:50.488,11104256,13-09-2021 18:06:37.734,8191,
29-12-2020 20:21:50.488,11104256,13-09-2021 18:06:37.734,8191,
29-12-2020 20:21:50.488,11104256,13-09-2021 18:06:37.734,8191,
29-12-2020 20:21:50.488,11104256,13-09-2021 18:06:37.734,8191,
29-12-2020 20:21:50.488,11104256,13-09-2021 18:06:37.734,8191,
29-12-2020 20:21:50.488,11104256,13-09-2021 18:06:37.734,8191,
29-12-2020 20:21:50.488,11104256,13-09-2021 18:06:37.734,8191,
29-12-2020 20:21:50.488,11104256,13-09-2021 18:06:37.734,8191,
29-12-2020 20:21:50.488,11104256,13-09-2021 18:06:37.734,8191,
29-12-2020 20:21:50.488,11104256,13-09-2021 18:06:37.734,8191,
29-12-2020 20:21:50.488,11104256,13-09-2021 18:06:37.734,8191,
29-12-2020 20:21:50.488,11104256,13-09-2021 18:06:37.734,8191,
29-12-2020 20:21:50.488,11104256,13-09-2021 18:06:37.734,8191,
29-12-2020 20:21:50.488,11104256,13-09-2021 18:06:37.734,8191,
29-12-2020 20:21:50.488,11104256,13-09-2021 18:06:37.734,8191,
29-12-2020 20:21:50.488,11104256,13-09-2021 18:06:37.734,8191,
29-12-2020 20:21:50.488,11104256,13-09-2021 18:06:37.734,8191,
29-12-2020 20:21:50.488,11104256,13-09-2021 18:06:37.734,8191,
29-12-2020 20:21:50.488,11104256,13-09-2021 18:06:37.734,8191,
29-12-2020 20:21:50.488,11104256,13-09-2021 18:06:37.734,8191,
29-12-2020 20:21:50.488,11104256,13-09-2021 18:06:37.734,8191,
29-12-2020 20:21:50.488,11104256,13-09-2021 18:06:37.734,8191,
29-12-2020 20:21:50.488,11104256,13-09-2021 18:06:37.734,8191,
29-12-2020 20:21:50.488,11104256,13-09-2021 18:06:37.734,8191,
29-12-2020 20:21:50.488,11104256,13-09-2021 18:06:37.734,8191,
29-12-2020 20:21:50.488,11104256,13-09-2021 18:06:37.734,8191,
29-12-2020 20:21:50.488,11104256,13-09-2021 18:06:37.734,8191,
29-12-2020 20:21:50.488,11104256,13-09-2021 18:06:37.734,8191,
29-12-2020 20:21:50.488,11104256,13-09-2021 18:06:37.734,8191,
29-12-2020 20:21:50.488,11104256,13-09-2021 18:06:37.734,8191,
29-12-2020 20:21:50.488,11104256,13-09-2021 18:06:37.734,8191,
29-12-2020 20:21:50.488,11104256,13-09-2021 18:06:37.734,8191,
29-12-2020 20:21:50.488,11104256,13-09-2021 18:06:37.734,8191,
29-12-2020 20:21:50.488,11104256,13-09-2021 18:06:37.734,8191,
29-12-2020 20:21:50.488,11104256,13-09-2021 18:06:37.734,8191,
29-12-2020 20:21:50.488,11104256,13-09-2021 18:06:37.734,8191,
29-12-2020 20:21:50.488,11104256,13-09-2021 18:06:37.734,8191,
29-12-2020 20:21:50.488,11104256,13-09-2021 18:06:37.734,8191,
29-12-2020 20:21:50.488,11104256,13-09-2021 18:06:37.734,8191,
29-12-2020 20:21:50.488,11104256,13-09-2021 18:06:37.734,8191,
29-12-2020 20:21:50.488,11104256,13-09-2021 18:06:37.734,8191,
29-12-2020 20:21:50.488,11104256,13-09-2021 18:06:37.734,8191,
29-12-2020 20:21:50.488,11104256,13-09-2021 18:06:37.734,8191,
29-12-2020 20:21:50.488,11104256,13-09-2021 18:06:37.734,8191,
29-12-2020 20:21:50.488,11104256,13-09-2021 18:06:37.734,8191,
29-12-2020 20:21:50.488,11104256,13-09-2021 18:06:37.734,8191,
29-12-2020 20:21:50.488,11104256,13-09-2021 18:06:37.734,8191,
29-12-2020 20:21:50.488,11104256,13-09-2021 18:06:37.734,8191,
29-12-2020 20:21:50.488,11104256,13-09-2021 18:06:37.734,8191,
29-12-2020 20:21:50.488,11104256,13-09-2021 18:06:37.734,8191,
29-12-2020 20:21:50.488,11104256,13-09-2021 18:06:37.734,8191,
29-12-2020 20:21:50.488,11104256,13-09-2021 18:06:37.734,8191,
29-12-2020 20:21:50.488,11104256,13-09-2021 18:06:37.734,8191,
29-12-2020 20:21:50.488,11104256,13-09-2021 18:06:37.734,8191,
29-12-2020 20:21:50.488,11104256,13-09-2021 18:06:37.734,8191,
29-12-2020 20:21:50.488,11104256,13-09-2021 18:06:37.734,8191,
29-12-2020 20:21:50.488,11104256,13-09-2021 18:06:37.734,8191,
29-12-2020 20:21:50.488,11104256,13-09-2021 18:06:37.734,8191,
29-12-2020 20:21:50.488,11104256,13-09-2021 18:06:37.734,8191,
29-12-2020 20:21:50.488,11104256,13-09-2021 18:06:37.734,8191,
29-12-2020 20:21:50.488,11104256,13-09-2021 18:06:37.734,8191,
29-12-2020 20:21:50.488,11104256,13-09-2021 18:06:37.734,8191,
29-12-2020 20:21:50.488,11104256,13-09-2021 18:06:37.734,8191,
29-12-2020 20:21:50.488,11104256,13-09-2021 18:06:37.734,8191,
29-12-2020 20:21:50.488,11104256,13-09-2021 18:06:37.734,8191,
29-12-2020 20:21:50.488,11104256,13-09-2021 18:06:37.734,8191,
29-12-2020 20:21:50.488,11104256,13-09-2021 18:06:37.734,8191,
29-12-2020 20:21:50.488,11104256,13-09-2021 18:06:37.734,8191,
29-12-2020 20:21:50.488,11104256,13-09-2021 18:06:37.734,8191,
29-12-2020 20:21:50.488,11104256,13-09-2021 18:06:37.734,8191,
29-12-2020 20:21:50.488,11104256,13-09-2021 18:06:37.734,8191,
29-12-2020 20:21:50.488,11104256,13-09-2021 18:06:37.734,8191,
29-12-2020 20:21:50.488,11104256,13-09-2021 18:06:37.734,8191,
29-12-2020 20:21:50.488,11104256,13-09-2021 18:06:37.734,8191,
29-12-2020 20:21:50.488,11104256,13-09-2021 18:06:37.734,8191,
29-12-2020 20:21:50.488,11104256,13-09-2021 18:06:37.734,8191,
29-12-2020 20:21:50.488,11104256,13-09-2021 18:06:37.734,8191,
29-12-2020 20:21:50.488,11104256,13-09-2021 18:06:37.734,8191,
29-12-2020 20:21:50.488,11104256,13-09-2021 18:06:37.734,8191,
29-12-2020 20:21:50.488,11104256,13-09-2021 18:06:37.734,8191,
29-12-2020 20:21:50.488,11104256,13-09-2021 18:06:37.734,8191,
29-12-2020 20:21:50.488,11104256,13-09-2021 18:06:37.734,8191,
29-12-2020 20:21:50.488,11104256,13-09-2021 18:06:37.734,8191,
29-12-2020 20:21:50.488,11104256,13-09-2021 18:06:37.734,8191,
29-12-2020 20:21:50.488,11104256,13-09-2021 18:06:37.734,8191,
29-12-2020 20:21:50.488,11104256,13-09-2021 18:06:37.734,8191,
29-12-2020 20:21:50.488,11104256,13-09-2021 18:06:37.734,8191,
29-12-2020 20:21:50.488,11104256,13-09-2021 18:06:37.734,8191,
29-12-2020 20:21:50.488,11104256,13-09-2021 18:06:37.734,8191,
29-12-2020 20:21:50.488,11104256,13-09-2021 18:06:37.734,8191,
29-12-2020 20:21:50.488,11104256,13-09-2021 18:06:37.734,8191,
29-12-2020 20:21:50.488,11104256,13-09-2021 18:06:37.734,8191,
29-12-2020 20:21:50.488,11104256,13-09-2021 18:06:37.734,8191,
29-12-2020 20:21:50.488,11104256,13-09-2021 18:06:37.734,8191,
29-12-2020 20:21:50.488,11104256,13-09-2021 18:06:37.734,8191,
29-12-2020 20:21:50.488,11104256,13-09-2021 18:06:37.734,8191,
29-12-2020 20:21:50.488,11104256,13-09-2021 18:06:37.734,8191,
29-12-2020 20:21:50.488,11104256,13-09-2021 18:06:37.734,8191,
29-12-2020 20:21:50.488,11104256,13-09-2021 18:06:37.734,8191,
29-12-2020 20:21:50.488,11104256,13-09-2021 18:06:37.734,8191,
29-12-2020 20:21:50.488,11104256,13-09-2021 18:06:37.734,8191,
29-12-2020 20:21:50.488,11104256,13-09-2021 18:06:37.734,8191,
29-12-2020 20:21:50.488,11104256,13-09-2021 18:06:37.734,8191,
29-12-2020 20:21:50.488,11104256,13-09-2021 18:06:37.734,8191,
29-12-2020 20:21:50.488,11104256,13-09-2021 18:06:37.734,8191,
29-12-2020 20:21:50.488,11104256,13-09-2021 18:06:37.734,8191,
29-12-2020 20:21:50.488,11104256,13-09-2021 18:06:37.734,8191,
29-12-2020 20:21:50.488,11104256,13-09-2021 18:06:37.734,8191,
29-12-2020 20:21:50.488,11104256,13-09-2021 18:06:37.734,8191,
29-12-2020 20:21:50.488,11104256,13-09-2021 18:06:37.734,8191,
29-12-2020 20:21:50.488,11104256,13-09-2021 18:06:37.734,8191,
29-12-2020 20:21:50.488,11104256,13-09-2021 18:06:37.734,8191,
29-12-2020 20:21:50.488,11104256,13-09-2021 18:06:37.734,8191,
29-12-2020 20:21:50.488,11104256,13-09-2021 18:06:37.734,8191,
29-12-2020 20:21:50.488,11104256,13-09-2021 18:06:37.734,8191,
29-12-2020 20:21:50.488,11104256,13-09-2021 18:06:37.734,8191,
29-12-2020 20:21:50.488,11104256,13-09-2021 18:06:37.734,8191,
29-12-2020 20:21:50.488,11104256,13-09-2021 18:06:37.734,8191,
29-12-2020 20:21:50.488,11104256,13-09-2021 18:06:37.734,8191,
29-12-2020 20:21:50.488,11104256,13-09-2021 18:06:37.734,8191,
29-12-2020 20:21:50.488,11104256,13-09-2021 18:06:37.734,8191,
29-12-2020 20:21:50.488,11104256,13-09-2021 18:06:37.734,8191,
29-12-2020 20:21:50.488,11104256,13-09-2021 18:06:37.734,8191,
29-12-2020 20:21:50.488,11104256,13-09-2021 18:06:37.734,8191,
29-12-2020 20:21:50.488,11104256,13-09-2021 18:06:37.734,8191,
29-12-2020 20:21:50.488,11104256,13-09-2021 18:06:37.734,8191,
29-12-2020 20:21:50.744,11106304,13-09-2021 18:06:37.734,8191,
29-12-2020 20:21:50.744,11106304,13-09-2021 18:06:37.734,8191,
29-12-2020 20:21:50.744,11106304,13-09-2021 18:06:37.734,8191,
29-12-2020 20:21:50.744,11106304,13-09-2021 18:06:37.734,8191,
29-12-2020 20:21:50.744,11106304,13-09-2021 18:06:37.734,8191,
29-12-2020 20:21:50.744,11106304,13-09-2021 18:06:37.734,8191,
29-12-2020 20:21:50.744,11106304,13-09-2021 18:06:37.734,8191,
29-12-2020 20:21:50.744,11106304,13-09-2021 18:06:37.734,8191,
29-12-2020 20:21:50.744,11106304,13-09-2021 18:06:37.734,8191,
29-12-2020 20:21:50.744,11106304,13-09-2021 18:06:37.734,8191,
29-12-2020 20:21:50.744,11106304,13-09-2021 18:06:37.734,8191,
29-12-2020 20:21:50.744,11106304,13-09-2021 18:06:37.734,8191,
29-12-2020 20:21:50.744,11106304,13-09-2021 18:06:37.734,8191,
29-12-2020 20:21:50.744,11106304,13-09-2021 18:06:37.734,8191,
29-12-2020 20:21:50.744,11106304,13-09-2021 18:06:37.734,8191,
29-12-2020 20:21:50.744,11106304,13-09-2021 18:06:37.734,8191,
29-12-2020 20:21:50.744,11106304,13-09-2021 18:06:37.734,8191,
29-12-2020 20:21:50.744,11106304,13-09-2021 18:06:37.734,8191,
29-12-2020 20:21:50.744,11106304,13-09-2021 18:06:37.734,8191,
29-12-2020 20:21:50.744,11106304,13-09-2021 18:06:37.734,8191,
29-12-2020 20:21:50.744,11106304,13-09-2021 18:06:37.734,8191,
29-12-2020 20:21:50.744,11106304,13-09-2021 18:06:37.734,8191,
29-12-2020 20:21:50.744,11106304,13-09-2021 18:06:37.734,8191,
29-12-2020 20:21:50.744,11106304,13-09-2021 18:06:37.734,8191,
29-12-2020 20:21:50.744,11106304,13-09-2021 18:06:37.734,8191,
29-12-2020 20:21:50.744,11106304,13-09-2021 18:06:37.734,8191,
29-12-2020 20:21:50.744,11106304,13-09-2021 18:06:37.734,8191,
29-12-2020 20:21:50.744,11106304,13-09-2021 18:06:37.734,8191,
29-12-2020 20:21:50.744,11106304,13-09-2021 18:06:37.734,8191,
29-12-2020 20:21:50.744,11106304,13-09-2021 18:06:37.734,8191,
29-12-2020 20:21:50.744,11106304,13-09-2021 18:06:37.734,8191,
29-12-2020 20:21:50.744,11106304,13-09-2021 18:06:37.734,8191,
29-12-2020 20:21:50.744,11106304,13-09-2021 18:06:37.734,8191,
29-12-2020 20:21:50.744,11106304,13-09-2021 18:06:37.734,8191,
29-12-2020 20:21:50.744,11106304,13-09-2021 18:06:37.734,8191,
29-12-2020 20:21:50.744,11106304,13-09-2021 18:06:37.734,8191,
29-12-2020 20:21:50.744,11106304,13-09-2021 18:06:37.734,8191,
29-12-2020 20:21:50.744,11106304,13-09-2021 18:06:37.734,8191,
29-12-2020 20:21:50.744,11106304,13-09-2021 18:06:37.734,8191,
29-12-2020 20:21:50.744,11106304,13-09-2021 18:06:37.734,8191,
29-12-2020 20:21:50.744,11106304,13-09-2021 18:06:37.734,8191,
29-12-2020 20:21:50.744,11106304,13-09-2021 18:06:37.734,8191,
29-12-2020 20:21:50.744,11106304,13-09-2021 18:06:37.734,8191,
29-12-2020 20:21:50.744,11106304,13-09-2021 18:06:37.734,8191,
29-12-2020 20:21:50.744,11106304,13-09-2021 18:06:37.734,8191,
29-12-2020 20:21:50.744,11106304,13-09-2021 18:06:37.734,8191,
29-12-2020 20:21:50.744,11106304,13-09-2021 18:06:37.734,8191,
29-12-2020 20:21:50.744,11106304,13-09-2021 18:06:37.734,8191,
29-12-2020 20:21:50.744,11106304,13-09-2021 18:06:37.734,8191,
29-12-2020 20:21:50.744,11106304,13-09-2021 18:06:37.734,8191,
29-12-2020 20:21:50.744,11106304,13-09-2021 18:06:37.734,8191,
29-12-2020 20:21:50.744,11106304,13-09-2021 18:06:37.734,8191,
29-12-2020 20:21:50.744,11106304,13-09-2021 18:06:37.734,8191,
29-12-2020 20:21:50.744,11106304,13-09-2021 18:06:37.734,8191,
29-12-2020 20:21:50.744,11106304,13-09-2021 18:06:37.734,8191,
29-12-2020 20:21:50.744,11106304,13-09-2021 18:06:37.734,8191,
29-12-2020 20:21:50.744,11106304,13-09-2021 18:06:37.734,8191,
29-12-2020 20:21:50.744,11106304,13-09-2021 18:06:37.734,8191,
29-12-2020 20:21:50.744,11106304,13-09-2021 18:06:37.734,8191,
29-12-2020 20:21:50.744,11106304,13-09-2021 18:06:37.734,8191,
29-12-2020 20:21:50.744,11106304,13-09-2021 18:06:37.734,8191,
29-12-2020 20:21:50.744,11106304,13-09-2021 18:06:37.734,8191,
29-12-2020 20:21:50.744,11106304,13-09-2021 18:06:37.734,8191,
29-12-2020 20:21:50.744,11106304,13-09-2021 18:06:37.734,8191,
29-12-2020 20:21:50.744,11106304,13-09-2021 18:06:37.734,8191,
29-12-2020 20:21:50.744,11106304,13-09-2021 18:06:37.734,8191,
29-12-2020 20:21:50.744,11106304,13-09-2021 18:06:37.734,8191,
29-12-2020 20:21:50.744,11106304,13-09-2021 18:06:37.734,8191,
29-12-2020 20:21:50.744,11106304,13-09-2021 18:06:37.734,8191,
29-12-2020 20:21:50.744,11106304,13-09-2021 18:06:37.734,8191,
29-12-2020 20:21:50.744,11106304,13-09-2021 18:06:37.734,8191,
29-12-2020 20:21:50.744,11106304,13-09-2021 18:06:37.734,8191,
29-12-2020 20:21:50.744,11106304,13-09-2021 18:06:37.734,8191,
29-12-2020 20:21:50.744,11106304,13-09-2021 18:06:37.734,8191,
29-12-2020 20:21:50.744,11106304,13-09-2021 18:06:37.734,8191,
29-12-2020 20:21:50.744,11106304,13-09-2021 18:06:37.734,8191,
29-12-2020 20:21:50.744,11106304,13-09-2021 18:06:37.734,8191,
29-12-2020 20:21:50.744,11106304,13-09-2021 18:06:37.734,8191,
29-12-2020 20:21:50.744,11106304,13-09-2021 18:06:37.734,8191,
29-12-2020 20:21:50.744,11106304,13-09-2021 18:06:37.734,8191,
29-12-2020 20:21:50.744,11106304,13-09-2021 18:06:37.734,8191,
29-12-2020 20:21:50.744,11106304,13-09-2021 18:06:37.734,8191,
29-12-2020 20:21:50.744,11106304,13-09-2021 18:06:37.734,8191,
29-12-2020 20:21:50.744,11106304,13-09-2021 18:06:37.734,8191,
29-12-2020 20:21:50.744,11106304,13-09-2021 18:06:37.734,8191,
29-12-2020 20:21:50.744,11106304,13-09-2021 18:06:37.734,8191,
29-12-2020 20:21:50.744,11106304,13-09-2021 18:06:37.734,8191,
29-12-2020 20:21:50.744,11106304,13-09-2021 18:06:37.734,8191,
29-12-2020 20:21:50.744,11106304,13-09-2021 18:06:37.734,8191,
29-12-2020 20:21:50.744,11106304,13-09-2021 18:06:37.734,8191,
29-12-2020 20:21:50.744,11106304,13-09-2021 18:06:37.734,8191,
29-12-2020 20:21:50.744,11106304,13-09-2021 18:06:37.734,8191,
29-12-2020 20:21:50.744,11106304,13-09-2021 18:06:37.734,8191,
29-12-2020 20:21:50.744,11106304,13-09-2021 18:06:37.734,8191,
29-12-2020 20:21:50.744,11106304,13-09-2021 18:06:37.734,8191,
29-12-2020 20:21:50.744,11106304,13-09-2021 18:06:37.734,8191,
29-12-2020 20:21:50.744,11106304,13-09-2021 18:06:37.734,8191,
29-12-2020 20:21:50.744,11106304,13-09-2021 18:06:37.734,8191,
29-12-2020 20:21:50.744,11106304,13-09-2021 18:06:37.734,8191,
29-12-2020 20:21:50.744,11106304,13-09-2021 18:06:37.734,8191,
29-12-2020 20:21:50.744,11106304,13-09-2021 18:06:37.734,8191,
29-12-2020 20:21:50.744,11106304,13-09-2021 18:06:37.734,8191,
29-12-2020 20:21:50.744,11106304,13-09-2021 18:06:37.734,8191,
29-12-2020 20:21:50.744,11106304,13-09-2021 18:06:37.734,8191,
29-12-2020 20:21:50.744,11106304,13-09-2021 18:06:37.734,8191,
29-12-2020 20:21:50.744,11106304,13-09-2021 18:06:37.734,8191,
29-12-2020 20:21:50.744,11106304,13-09-2021 18:06:37.734,8191,
29-12-2020 20:21:50.744,11106304,13-09-2021 18:06:37.734,8191,
29-12-2020 20:21:50.744,11106304,13-09-2021 18:06:37.734,8191,
29-12-2020 20:21:50.744,11106304,13-09-2021 18:06:37.734,8191,
29-12-2020 20:21:50.744,11106304,13-09-2021 18:06:37.734,8191,
29-12-2020 20:21:50.744,11106304,13-09-2021 18:06:37.734,8191,
29-12-2020 20:21:50.744,11106304,13-09-2021 18:06:37.734,8191,
29-12-2020 20:21:50.744,11106304,13-09-2021 18:06:37.734,8191,
29-12-2020 20:21:50.744,11106304,13-09-2021 18:06:37.734,8191,
29-12-2020 20:21:50.744,11106304,13-09-2021 18:06:37.734,8191,
29-12-2020 20:21:50.744,11106304,13-09-2021 18:06:37.734,8191,
29-12-2020 20:21:50.744,11106304,13-09-2021 18:06:37.734,8191,
29-12-2020 20:21:50.744,11106304,13-09-2021 18:06:37.734,8191,
29-12-2020 20:21:50.744,11106304,13-09-2021 18:06:37.734,8191,
29-12-2020 20:21:50.744,11106304,13-09-2021 18:06:37.734,8191,
29-12-2020 20:21:50.744,11106304,13-09-2021 18:06:37.734,8191,
29-12-2020 20:21:50.744,11106304,13-09-2021 18:06:37.734,8191,
29-12-2020 20:21:50.744,11106304,13-09-2021 18:06:37.734,8191,
29-12-2020 20:21:50.744,11106304,13-09-2021 18:06:37.734,8191,
29-12-2020 20:21:50.744,11106304,13-09-2021 18:06:37.734,8191,
29-12-2020 20:21:50.744,11106304,13-09-2021 18:06:37.734,8191,
29-12-2020 20:21:50.744,11106304,13-09-2021 18:06:37.734,8191,
29-12-2020 20:21:51.000,11108352,13-09-2021 18:06:37.734,8191,
29-12-2020 20:21:51.000,11108352,13-09-2021 18:06:37.734,8191,
29-12-2020 20:21:51.000,11108352,13-09-2021 18:06:37.734,8191,
29-12-2020 20:21:51.000,11108352,13-09-2021 18:06:37.734,8191,
29-12-2020 20:21:51.000,11108352,13-09-2021 18:06:37.734,8191,
29-12-2020 20:21:51.000,11108352,13-09-2021 18:06:37.734,8191,
29-12-2020 20:21:51.000,11108352,13-09-2021 18:06:37.734,8191,
29-12-2020 20:21:51.000,11108352,13-09-2021 18:06:37.734,8191,
29-12-2020 20:21:51.000,11108352,13-09-2021 18:06:37.734,8191,
29-12-2020 20:21:51.000,11108352,13-09-2021 18:06:37.734,8191,
29-12-2020 20:21:51.000,11108352,13-09-2021 18:06:37.734,8191,
29-12-2020 20:21:51.000,11108352,13-09-2021 18:06:37.734,8191,
29-12-2020 20:21:51.000,11108352,13-09-2021 18:06:37.734,8191,
29-12-2020 20:21:51.000,11108352,13-09-2021 18:06:37.734,8191,
29-12-2020 20:21:51.000,11108352,13-09-2021 18:06:37.734,8191,
29-12-2020 20:21:51.000,11108352,13-09-2021 18:06:37.734,8191,
29-12-2020 20:21:51.000,11108352,13-09-2021 18:06:37.734,8191,
29-12-2020 20:21:51.000,11108352,13-09-2021 18:06:37.734,8191,
29-12-2020 20:21:51.000,11108352,13-09-2021 18:06:37.734,8191,
29-12-2020 20:21:51.000,11108352,13-09-2021 18:06:37.734,8191,
29-12-2020 20:21:51.000,11108352,13-09-2021 18:06:37.734,8191,
29-12-2020 20:21:51.000,11108352,13-09-2021 18:06:37.734,8191,
29-12-2020 20:21:51.000,11108352,13-09-2021 18:06:37.734,8191,
29-12-2020 20:21:51.000,11108352,13-09-2021 18:06:37.734,8191,
29-12-2020 20:21:51.000,11108352,13-09-2021 18:06:37.734,8191,
29-12-2020 20:21:51.000,11108352,13-09-2021 18:06:37.734,8191,
29-12-2020 20:21:51.000,11108352,13-09-2021 18:06:37.734,8191,
29-12-2020 20:21:51.000,11108352,13-09-2021 18:06:37.734,8191,
29-12-2020 20:21:51.000,11108352,13-09-2021 18:06:37.734,8191,
29-12-2020 20:21:51.000,11108352,13-09-2021 18:06:37.734,8191,
29-12-2020 20:21:51.000,11108352,13-09-2021 18:06:37.734,8191,
29-12-2020 20:21:51.000,11108352,13-09-2021 18:06:37.734,8191,
29-12-2020 20:21:51.000,11108352,13-09-2021 18:06:37.734,8191,
29-12-2020 20:21:51.000,11108352,13-09-2021 18:06:37.734,8191,
29-12-2020 20:21:51.000,11108352,13-09-2021 18:06:37.734,8191,
29-12-2020 20:21:51.000,11108352,13-09-2021 18:06:37.734,8191,
29-12-2020 20:21:51.000,11108352,13-09-2021 18:06:37.734,8191,
29-12-2020 20:21:51.000,11108352,13-09-2021 18:06:37.734,8191,
29-12-2020 20:21:51.000,11108352,13-09-2021 18:06:37.734,8191,
29-12-2020 20:21:51.000,11108352,13-09-2021 18:06:37.734,8191,
29-12-2020 20:21:51.000,11108352,13-09-2021 18:06:37.734,8191,
29-12-2020 20:21:51.000,11108352,13-09-2021 18:06:37.734,8191,
29-12-2020 20:21:51.000,11108352,13-09-2021 18:06:37.734,8191,
29-12-2020 20:21:51.000,11108352,13-09-2021 18:06:37.734,8191,
29-12-2020 20:21:51.000,11108352,13-09-2021 18:06:37.734,8191,
29-12-2020 20:21:51.000,11108352,13-09-2021 18:06:37.734,8191,
29-12-2020 20:21:51.000,11108352,13-09-2021 18:06:37.734,8191,
29-12-2020 20:21:51.000,11108352,13-09-2021 18:06:37.734,8191,
29-12-2020 20:21:51.000,11108352,13-09-2021 18:06:37.734,8191,
29-12-2020 20:21:51.000,11108352,13-09-2021 18:06:37.734,8191,
29-12-2020 20:21:51.000,11108352,13-09-2021 18:06:37.734,8191,
29-12-2020 20:21:51.000,11108352,13-09-2021 18:06:37.734,8191,
29-12-2020 20:21:51.000,11108352,13-09-2021 18:06:37.734,8191,
29-12-2020 20:21:51.000,11108352,13-09-2021 18:06:37.734,8191,
29-12-2020 20:21:51.000,11108352,13-09-2021 18:06:37.734,8191,
29-12-2020 20:21:51.000,11108352,13-09-2021 18:06:37.734,8191,
29-12-2020 20:21:51.000,11108352,13-09-2021 18:06:37.734,8191,
29-12-2020 20:21:51.000,11108352,13-09-2021 18:06:37.734,8191,
29-12-2020 20:21:51.000,11108352,13-09-2021 18:06:37.734,8191,
29-12-2020 20:21:51.000,11108352,13-09-2021 18:06:37.734,8191,
29-12-2020 20:21:51.000,11108352,13-09-2021 18:06:37.734,8191,
29-12-2020 20:21:51.000,11108352,13-09-2021 18:06:37.734,8191,
29-12-2020 20:21:51.000,11108352,13-09-2021 18:06:37.734,8191,
29-12-2020 20:21:51.000,11108352,13-09-2021 18:06:37.734,8191,
29-12-2020 20:21:51.000,11108352,13-09-2021 18:06:37.734,8191,
29-12-2020 20:21:51.000,11108352,13-09-2021 18:06:37.734,8191,
29-12-2020 20:21:51.000,11108352,13-09-2021 18:06:37.734,8191,
29-12-2020 20:21:51.000,11108352,13-09-2021 18:06:37.734,8191,
29-12-2020 20:21:51.000,11108352,13-09-2021 18:06:37.734,8191,
29-12-2020 20:21:51.000,11108352,13-09-2021 18:06:37.734,8191,
29-12-2020 20:21:51.000,11108352,13-09-2021 18:06:37.734,8191,
29-12-2020 20:21:51.000,11108352,13-09-2021 18:06:37.734,8191,
29-12-2020 20:21:51.000,11108352,13-09-2021 18:06:37.734,8191,
29-12-2020 20:21:51.000,11108352,13-09-2021 18:06:37.734,8191,
29-12-2020 20:21:51.000,11108352,13-09-2021 18:06:37.734,8191,
29-12-2020 20:21:51.000,11108352,13-09-2021 18:06:37.734,8191,
29-12-2020 20:21:51.000,11108352,13-09-2021 18:06:37.734,8191,
29-12-2020 20:21:51.000,11108352,13-09-2021 18:06:37.734,8191,
29-12-2020 20:21:51.000,11108352,13-09-2021 18:06:37.734,8191,
29-12-2020 20:21:51.000,11108352,13-09-2021 18:06:37.734,8191,
29-12-2020 20:21:51.000,11108352,13-09-2021 18:06:37.734,8191,
29-12-2020 20:21:51.000,11108352,13-09-2021 18:06:37.734,8191,
29-12-2020 20:21:51.000,11108352,13-09-2021 18:06:37.734,8191,
29-12-2020 20:21:51.000,11108352,13-09-2021 18:06:37.734,8191,
29-12-2020 20:21:51.000,11108352,13-09-2021 18:06:37.734,8191,
29-12-2020 20:21:51.000,11108352,13-09-2021 18:06:37.734,8191,
29-12-2020 20:21:51.000,11108352,13-09-2021 18:06:37.734,8191,
29-12-2020 20:21:51.000,11108352,13-09-2021 18:06:37.734,8191,
29-12-2020 20:21:51.000,11108352,13-09-2021 18:06:37.734,8191,
29-12-2020 20:21:51.000,11108352,13-09-2021 18:06:37.734,8191,
29-12-2020 20:21:51.000,11108352,13-09-2021 18:06:37.734,8191,
29-12-2020 20:21:51.000,11108352,13-09-2021 18:06:37.734,8191,
29-12-2020 20:21:51.000,11108352,13-09-2021 18:06:37.734,8191,
29-12-2020 20:21:51.000,11108352,13-09-2021 18:06:37.734,8191,
29-12-2020 20:21:51.000,11108352,13-09-2021 18:06:37.734,8191,
29-12-2020 20:21:51.000,11108352,13-09-2021 18:06:37.734,8191,
29-12-2020 20:21:51.000,11108352,13-09-2021 18:06:37.734,8191,
29-12-2020 20:21:51.000,11108352,13-09-2021 18:06:37.734,8191,
29-12-2020 20:21:51.000,11108352,13-09-2021 18:06:37.734,8191,
29-12-2020 20:21:51.000,11108352,13-09-2021 18:06:37.734,8191,
29-12-2020 20:21:51.000,11108352,13-09-2021 18:06:37.734,8191,
29-12-2020 20:21:51.000,11108352,13-09-2021 18:06:37.734,8191,
29-12-2020 20:21:51.000,11108352,13-09-2021 18:06:37.734,8191,
29-12-2020 20:21:51.000,11108352,13-09-2021 18:06:37.734,8191,
29-12-2020 20:21:51.000,11108352,13-09-2021 18:06:37.734,8191,
29-12-2020 20:21:51.000,11108352,13-09-2021 18:06:37.734,8191,
29-12-2020 20:21:51.000,11108352,13-09-2021 18:06:37.734,8191,
29-12-2020 20:21:51.000,11108352,13-09-2021 18:06:37.734,8191,
29-12-2020 20:21:51.000,11108352,13-09-2021 18:06:37.734,8191,
29-12-2020 20:21:51.000,11108352,13-09-2021 18:06:37.734,8191,
29-12-2020 20:21:51.000,11108352,13-09-2021 18:06:37.734,8191,
29-12-2020 20:21:51.000,11108352,13-09-2021 18:06:37.734,8191,
29-12-2020 20:21:51.000,11108352,13-09-2021 18:06:37.734,8191,
29-12-2020 20:21:51.000,11108352,13-09-2021 18:06:37.734,8191,
29-12-2020 20:21:51.000,11108352,13-09-2021 18:06:37.734,8191,
29-12-2020 20:21:51.000,11108352,13-09-2021 18:06:37.734,8191,
29-12-2020 20:21:51.000,11108352,13-09-2021 18:06:37.734,8191,
29-12-2020 20:21:51.000,11108352,13-09-2021 18:06:37.734,8191,
29-12-2020 20:21:51.000,11108352,13-09-2021 18:06:37.734,8191,
29-12-2020 20:21:51.000,11108352,13-09-2021 18:06:37.734,8191,
29-12-2020 20:21:51.000,11108352,13-09-2021 18:06:37.734,8191,
29-12-2020 20:21:51.000,11108352,13-09-2021 18:06:37.734,8191,
29-12-2020 20:21:51.000,11108352,13-09-2021 18:06:37.734,8191,
29-12-2020 20:21:51.000,11108352,13-09-2021 18:06:37.734,8191,
29-12-2020 20:21:51.000,11108352,13-09-2021 18:06:37.734,8191,
29-12-2020 20:21:51.000,11108352,13-09-2021 18:06:37.734,8191,
29-12-2020 20:21:51.000,11108352,13-09-2021 18:06:37.734,8191,
29-12-2020 20:21:51.000,11108352,13-09-2021 18:06:37.734,8191,
29-12-2020 20:21:51.256,11110400,13-09-2021 18:06:37.749,8191,
29-12-2020 20:21:51.256,11110400,13-09-2021 18:06:37.749,8191,
29-12-2020 20:21:51.256,11110400,13-09-2021 18:06:37.749,8191,
29-12-2020 20:21:51.256,11110400,13-09-2021 18:06:37.749,8191,
29-12-2020 20:21:51.256,11110400,13-09-2021 18:06:37.749,8191,
29-12-2020 20:21:51.256,11110400,13-09-2021 18:06:37.749,8191,
29-12-2020 20:21:51.256,11110400,13-09-2021 18:06:37.749,8191,
29-12-2020 20:21:51.256,11110400,13-09-2021 18:06:37.749,8191,
29-12-2020 20:21:51.256,11110400,13-09-2021 18:06:37.749,8191,
29-12-2020 20:21:51.256,11110400,13-09-2021 18:06:37.749,8191,
29-12-2020 20:21:51.256,11110400,13-09-2021 18:06:37.749,8191,
29-12-2020 20:21:51.256,11110400,13-09-2021 18:06:37.749,8191,
29-12-2020 20:21:51.256,11110400,13-09-2021 18:06:37.749,8191,
29-12-2020 20:21:51.256,11110400,13-09-2021 18:06:37.749,8191,
29-12-2020 20:21:51.256,11110400,13-09-2021 18:06:37.749,8191,
29-12-2020 20:21:51.256,11110400,13-09-2021 18:06:37.749,8191,
29-12-2020 20:21:51.256,11110400,13-09-2021 18:06:37.749,8191,
29-12-2020 20:21:51.256,11110400,13-09-2021 18:06:37.749,8191,
29-12-2020 20:21:51.256,11110400,13-09-2021 18:06:37.749,8191,
29-12-2020 20:21:51.256,11110400,13-09-2021 18:06:37.749,8191,
29-12-2020 20:21:51.256,11110400,13-09-2021 18:06:37.749,8191,
29-12-2020 20:21:51.256,11110400,13-09-2021 18:06:37.749,8191,
29-12-2020 20:21:51.256,11110400,13-09-2021 18:06:37.749,8191,
29-12-2020 20:21:51.256,11110400,13-09-2021 18:06:37.749,8191,
29-12-2020 20:21:51.256,11110400,13-09-2021 18:06:37.749,8191,
29-12-2020 20:21:51.256,11110400,13-09-2021 18:06:37.749,8191,
29-12-2020 20:21:51.256,11110400,13-09-2021 18:06:37.749,8191,
29-12-2020 20:21:51.256,11110400,13-09-2021 18:06:37.749,8191,
29-12-2020 20:21:51.256,11110400,13-09-2021 18:06:37.749,8191,
29-12-2020 20:21:51.256,11110400,13-09-2021 18:06:37.749,8191,
29-12-2020 20:21:51.256,11110400,13-09-2021 18:06:37.749,8191,
29-12-2020 20:21:51.256,11110400,13-09-2021 18:06:37.749,8191,
29-12-2020 20:21:51.256,11110400,13-09-2021 18:06:37.749,8191,
29-12-2020 20:21:51.256,11110400,13-09-2021 18:06:37.749,8191,
29-12-2020 20:21:51.256,11110400,13-09-2021 18:06:37.749,8191,
29-12-2020 20:21:51.256,11110400,13-09-2021 18:06:37.749,8191,
29-12-2020 20:21:51.256,11110400,13-09-2021 18:06:37.749,8191,
29-12-2020 20:21:51.256,11110400,13-09-2021 18:06:37.749,8191,
29-12-2020 20:21:51.256,11110400,13-09-2021 18:06:37.749,8191,
29-12-2020 20:21:51.256,11110400,13-09-2021 18:06:37.749,8191,
29-12-2020 20:21:51.256,11110400,13-09-2021 18:06:37.749,8191,
29-12-2020 20:21:51.256,11110400,13-09-2021 18:06:37.749,8191,
29-12-2020 20:21:51.256,11110400,13-09-2021 18:06:37.749,8191,
29-12-2020 20:21:51.256,11110400,13-09-2021 18:06:37.749,8191,
29-12-2020 20:21:51.256,11110400,13-09-2021 18:06:37.749,8191,
29-12-2020 20:21:51.256,11110400,13-09-2021 18:06:37.749,8191,
29-12-2020 20:21:51.256,11110400,13-09-2021 18:06:37.749,8191,
29-12-2020 20:21:51.256,11110400,13-09-2021 18:06:37.749,8191,
29-12-2020 20:21:51.256,11110400,13-09-2021 18:06:37.749,8191,
29-12-2020 20:21:51.256,11110400,13-09-2021 18:06:37.749,8191,
29-12-2020 20:21:51.256,11110400,13-09-2021 18:06:37.749,8191,
29-12-2020 20:21:51.256,11110400,13-09-2021 18:06:37.749,8191,
29-12-2020 20:21:51.256,11110400,13-09-2021 18:06:37.749,8191,
29-12-2020 20:21:51.256,11110400,13-09-2021 18:06:37.749,8191,
29-12-2020 20:21:51.256,11110400,13-09-2021 18:06:37.749,8191,
29-12-2020 20:21:51.256,11110400,13-09-2021 18:06:37.749,8191,
29-12-2020 20:21:51.256,11110400,13-09-2021 18:06:37.749,8191,
29-12-2020 20:21:51.256,11110400,13-09-2021 18:06:37.749,8191,
29-12-2020 20:21:51.256,11110400,13-09-2021 18:06:37.749,8191,
29-12-2020 20:21:51.256,11110400,13-09-2021 18:06:37.749,8191,
29-12-2020 20:21:51.256,11110400,13-09-2021 18:06:37.749,8191,
29-12-2020 20:21:51.256,11110400,13-09-2021 18:06:37.749,8191,
29-12-2020 20:21:51.256,11110400,13-09-2021 18:06:37.749,8191,
29-12-2020 20:21:51.256,11110400,13-09-2021 18:06:37.749,8191,
29-12-2020 20:21:51.256,11110400,13-09-2021 18:06:37.749,8191,
29-12-2020 20:21:51.256,11110400,13-09-2021 18:06:37.749,8191,
29-12-2020 20:21:51.256,11110400,13-09-2021 18:06:37.749,8191,
29-12-2020 20:21:51.256,11110400,13-09-2021 18:06:37.749,8191,
29-12-2020 20:21:51.256,11110400,13-09-2021 18:06:37.749,8191,
29-12-2020 20:21:51.256,11110400,13-09-2021 18:06:37.749,8191,
29-12-2020 20:21:51.256,11110400,13-09-2021 18:06:37.749,8191,
29-12-2020 20:21:51.256,11110400,13-09-2021 18:06:37.749,8191,
29-12-2020 20:21:51.256,11110400,13-09-2021 18:06:37.749,8191,
29-12-2020 20:21:51.256,11110400,13-09-2021 18:06:37.749,8191,
29-12-2020 20:21:51.256,11110400,13-09-2021 18:06:37.749,8191,
29-12-2020 20:21:51.256,11110400,13-09-2021 18:06:37.749,8191,
29-12-2020 20:21:51.256,11110400,13-09-2021 18:06:37.749,8191,
29-12-2020 20:21:51.256,11110400,13-09-2021 18:06:37.749,8191,
29-12-2020 20:21:51.256,11110400,13-09-2021 18:06:37.749,8191,
29-12-2020 20:21:51.256,11110400,13-09-2021 18:06:37.749,8191,
29-12-2020 20:21:51.256,11110400,13-09-2021 18:06:37.749,8191,
29-12-2020 20:21:51.256,11110400,13-09-2021 18:06:37.749,8191,
29-12-2020 20:21:51.256,11110400,13-09-2021 18:06:37.749,8191,
29-12-2020 20:21:51.256,11110400,13-09-2021 18:06:37.749,8191,
29-12-2020 20:21:51.256,11110400,13-09-2021 18:06:37.749,8191,
29-12-2020 20:21:51.256,11110400,13-09-2021 18:06:37.749,8191,
29-12-2020 20:21:51.256,11110400,13-09-2021 18:06:37.749,8191,
29-12-2020 20:21:51.256,11110400,13-09-2021 18:06:37.749,8191,
29-12-2020 20:21:51.256,11110400,13-09-2021 18:06:37.749,8191,
29-12-2020 20:21:51.256,11110400,13-09-2021 18:06:37.749,8191,
29-12-2020 20:21:51.256,11110400,13-09-2021 18:06:37.749,8191,
29-12-2020 20:21:51.256,11110400,13-09-2021 18:06:37.749,8191,
29-12-2020 20:21:51.256,11110400,13-09-2021 18:06:37.749,8191,
29-12-2020 20:21:51.256,11110400,13-09-2021 18:06:37.749,8191,
29-12-2020 20:21:51.256,11110400,13-09-2021 18:06:37.749,8191,
29-12-2020 20:21:51.256,11110400,13-09-2021 18:06:37.749,8191,
29-12-2020 20:21:51.256,11110400,13-09-2021 18:06:37.749,8191,
29-12-2020 20:21:51.256,11110400,13-09-2021 18:06:37.749,8191,
29-12-2020 20:21:51.256,11110400,13-09-2021 18:06:37.749,8191,
29-12-2020 20:21:51.256,11110400,13-09-2021 18:06:37.749,8191,
29-12-2020 20:21:51.256,11110400,13-09-2021 18:06:37.749,8191,
29-12-2020 20:21:51.256,11110400,13-09-2021 18:06:37.749,8191,
29-12-2020 20:21:51.256,11110400,13-09-2021 18:06:37.749,8191,
29-12-2020 20:21:51.256,11110400,13-09-2021 18:06:37.749,8191,
29-12-2020 20:21:51.256,11110400,13-09-2021 18:06:37.749,8191,
29-12-2020 20:21:51.256,11110400,13-09-2021 18:06:37.749,8191,
29-12-2020 20:21:51.256,11110400,13-09-2021 18:06:37.749,8191,
29-12-2020 20:21:51.256,11110400,13-09-2021 18:06:37.749,8191,
29-12-2020 20:21:51.256,11110400,13-09-2021 18:06:37.749,8191,
29-12-2020 20:21:51.256,11110400,13-09-2021 18:06:37.749,8191,
29-12-2020 20:21:51.256,11110400,13-09-2021 18:06:37.749,8191,
29-12-2020 20:21:51.256,11110400,13-09-2021 18:06:37.749,8191,
29-12-2020 20:21:51.256,11110400,13-09-2021 18:06:37.749,8191,
29-12-2020 20:21:51.256,11110400,13-09-2021 18:06:37.749,8191,
29-12-2020 20:21:51.256,11110400,13-09-2021 18:06:37.749,8191,
29-12-2020 20:21:51.256,11110400,13-09-2021 18:06:37.749,8191,
29-12-2020 20:21:51.256,11110400,13-09-2021 18:06:37.749,8191,
29-12-2020 20:21:51.256,11110400,13-09-2021 18:06:37.749,8191,
29-12-2020 20:21:51.256,11110400,13-09-2021 18:06:37.749,8191,
29-12-2020 20:21:51.256,11110400,13-09-2021 18:06:37.749,8191,
29-12-2020 20:21:51.256,11110400,13-09-2021 18:06:37.749,8191,
29-12-2020 20:21:51.256,11110400,13-09-2021 18:06:37.749,8191,
29-12-2020 20:21:51.256,11110400,13-09-2021 18:06:37.749,8191,
29-12-2020 20:21:51.256,11110400,13-09-2021 18:06:37.749,8191,
29-12-2020 20:21:51.256,11110400,13-09-2021 18:06:37.749,8191,
29-12-2020 20:21:51.256,11110400,13-09-2021 18:06:37.749,8191,
29-12-2020 20:21:51.256,11110400,13-09-2021 18:06:37.749,8191,
29-12-2020 20:21:51.256,11110400,13-09-2021 18:06:37.749,8191,
29-12-2020 20:21:51.512,11112448,13-09-2021 18:06:38.752,8191,
29-12-2020 20:21:51.512,11112448,13-09-2021 18:06:38.752,8191,
29-12-2020 20:21:51.512,11112448,13-09-2021 18:06:38.752,8191,
29-12-2020 20:21:51.512,11112448,13-09-2021 18:06:38.752,8191,
29-12-2020 20:21:51.512,11112448,13-09-2021 18:06:38.752,8191,
29-12-2020 20:21:51.512,11112448,13-09-2021 18:06:38.752,8191,
29-12-2020 20:21:51.512,11112448,13-09-2021 18:06:38.752,8191,
29-12-2020 20:21:51.512,11112448,13-09-2021 18:06:38.752,8191,
29-12-2020 20:21:51.512,11112448,13-09-2021 18:06:38.752,8191,
29-12-2020 20:21:51.512,11112448,13-09-2021 18:06:38.752,8191,
29-12-2020 20:21:51.512,11112448,13-09-2021 18:06:38.752,8191,
29-12-2020 20:21:51.512,11112448,13-09-2021 18:06:38.752,8191,
29-12-2020 20:21:51.512,11112448,13-09-2021 18:06:38.752,8191,
29-12-2020 20:21:51.512,11112448,13-09-2021 18:06:38.752,8191,
29-12-2020 20:21:51.512,11112448,13-09-2021 18:06:38.752,8191,
29-12-2020 20:21:51.512,11112448,13-09-2021 18:06:38.752,8191,
29-12-2020 20:21:51.512,11112448,13-09-2021 18:06:38.752,8191,
29-12-2020 20:21:51.512,11112448,13-09-2021 18:06:38.752,8191,
29-12-2020 20:21:51.512,11112448,13-09-2021 18:06:38.752,8191,
29-12-2020 20:21:51.512,11112448,13-09-2021 18:06:38.752,8191,
29-12-2020 20:21:51.512,11112448,13-09-2021 18:06:38.752,8191,
29-12-2020 20:21:51.512,11112448,13-09-2021 18:06:38.752,8191,
29-12-2020 20:21:51.512,11112448,13-09-2021 18:06:38.752,8191,
29-12-2020 20:21:51.512,11112448,13-09-2021 18:06:38.752,8191,
29-12-2020 20:21:51.512,11112448,13-09-2021 18:06:38.752,8191,
29-12-2020 20:21:51.512,11112448,13-09-2021 18:06:38.752,8191,
29-12-2020 20:21:51.512,11112448,13-09-2021 18:06:38.752,8191,
29-12-2020 20:21:51.512,11112448,13-09-2021 18:06:38.752,8191,
29-12-2020 20:21:51.512,11112448,13-09-2021 18:06:38.752,8191,
29-12-2020 20:21:51.512,11112448,13-09-2021 18:06:38.752,8191,
29-12-2020 20:21:51.512,11112448,13-09-2021 18:06:38.752,8191,
29-12-2020 20:21:51.512,11112448,13-09-2021 18:06:38.752,8191,
29-12-2020 20:21:51.512,11112448,13-09-2021 18:06:38.752,8191,
29-12-2020 20:21:51.512,11112448,13-09-2021 18:06:38.752,8191,
29-12-2020 20:21:51.512,11112448,13-09-2021 18:06:38.752,8191,
29-12-2020 20:21:51.512,11112448,13-09-2021 18:06:38.752,8191,
29-12-2020 20:21:51.512,11112448,13-09-2021 18:06:38.752,8191,
29-12-2020 20:21:51.512,11112448,13-09-2021 18:06:38.752,8191,
29-12-2020 20:21:51.512,11112448,13-09-2021 18:06:38.752,8191,
29-12-2020 20:21:51.512,11112448,13-09-2021 18:06:38.752,8191,
29-12-2020 20:21:51.512,11112448,13-09-2021 18:06:38.752,8191,
29-12-2020 20:21:51.512,11112448,13-09-2021 18:06:38.752,8191,
29-12-2020 20:21:51.512,11112448,13-09-2021 18:06:38.752,8191,
29-12-2020 20:21:51.512,11112448,13-09-2021 18:06:38.752,8191,
29-12-2020 20:21:51.512,11112448,13-09-2021 18:06:38.752,8191,
29-12-2020 20:21:51.512,11112448,13-09-2021 18:06:38.752,8191,
29-12-2020 20:21:51.512,11112448,13-09-2021 18:06:38.752,8191,
29-12-2020 20:21:51.512,11112448,13-09-2021 18:06:38.752,8191,
29-12-2020 20:21:51.512,11112448,13-09-2021 18:06:38.752,8191,
29-12-2020 20:21:51.512,11112448,13-09-2021 18:06:38.752,8191,
29-12-2020 20:21:51.512,11112448,13-09-2021 18:06:38.752,8191,
29-12-2020 20:21:51.512,11112448,13-09-2021 18:06:38.752,8191,
29-12-2020 20:21:51.512,11112448,13-09-2021 18:06:38.752,8191,
29-12-2020 20:21:51.512,11112448,13-09-2021 18:06:38.752,8191,
29-12-2020 20:21:51.512,11112448,13-09-2021 18:06:38.752,8191,
29-12-2020 20:21:51.512,11112448,13-09-2021 18:06:38.752,8191,
29-12-2020 20:21:51.512,11112448,13-09-2021 18:06:38.752,8191,
29-12-2020 20:21:51.512,11112448,13-09-2021 18:06:38.752,8191,
29-12-2020 20:21:51.512,11112448,13-09-2021 18:06:38.752,8191,
29-12-2020 20:21:51.512,11112448,13-09-2021 18:06:38.752,8191,
29-12-2020 20:21:51.512,11112448,13-09-2021 18:06:38.752,8191,
29-12-2020 20:21:51.512,11112448,13-09-2021 18:06:38.752,8191,
29-12-2020 20:21:51.512,11112448,13-09-2021 18:06:38.752,8191,
29-12-2020 20:21:51.512,11112448,13-09-2021 18:06:38.752,8191,
29-12-2020 20:21:51.512,11112448,13-09-2021 18:06:38.752,8191,
29-12-2020 20:21:51.512,11112448,13-09-2021 18:06:38.752,8191,
29-12-2020 20:21:51.512,11112448,13-09-2021 18:06:38.752,8191,
29-12-2020 20:21:51.512,11112448,13-09-2021 18:06:38.752,8191,
29-12-2020 20:21:51.512,11112448,13-09-2021 18:06:38.752,8191,
29-12-2020 20:21:51.512,11112448,13-09-2021 18:06:38.752,8191,
29-12-2020 20:21:51.512,11112448,13-09-2021 18:06:38.752,8191,
29-12-2020 20:21:51.512,11112448,13-09-2021 18:06:38.752,8191,
29-12-2020 20:21:51.512,11112448,13-09-2021 18:06:38.752,8191,
29-12-2020 20:21:51.512,11112448,13-09-2021 18:06:38.752,8191,
29-12-2020 20:21:51.512,11112448,13-09-2021 18:06:38.752,8191,
29-12-2020 20:21:51.512,11112448,13-09-2021 18:06:38.752,8191,
29-12-2020 20:21:51.512,11112448,13-09-2021 18:06:38.752,8191,
29-12-2020 20:21:51.512,11112448,13-09-2021 18:06:38.752,8191,
29-12-2020 20:21:51.512,11112448,13-09-2021 18:06:38.752,8191,
29-12-2020 20:21:51.512,11112448,13-09-2021 18:06:38.752,8191,
29-12-2020 20:21:51.512,11112448,13-09-2021 18:06:38.752,8191,
29-12-2020 20:21:51.512,11112448,13-09-2021 18:06:38.752,8191,
29-12-2020 20:21:51.512,11112448,13-09-2021 18:06:38.752,8191,
29-12-2020 20:21:51.512,11112448,13-09-2021 18:06:38.752,8191,
29-12-2020 20:21:51.512,11112448,13-09-2021 18:06:38.752,8191,
29-12-2020 20:21:51.512,11112448,13-09-2021 18:06:38.752,8191,
29-12-2020 20:21:51.512,11112448,13-09-2021 18:06:38.752,8191,
29-12-2020 20:21:51.512,11112448,13-09-2021 18:06:38.752,8191,
29-12-2020 20:21:51.512,11112448,13-09-2021 18:06:38.752,8191,
29-12-2020 20:21:51.512,11112448,13-09-2021 18:06:38.752,8191,
29-12-2020 20:21:51.512,11112448,13-09-2021 18:06:38.752,8191,
29-12-2020 20:21:51.512,11112448,13-09-2021 18:06:38.752,8191,
29-12-2020 20:21:51.512,11112448,13-09-2021 18:06:38.752,8191,
29-12-2020 20:21:51.512,11112448,13-09-2021 18:06:38.752,8191,
29-12-2020 20:21:51.512,11112448,13-09-2021 18:06:38.752,8191,
29-12-2020 20:21:51.512,11112448,13-09-2021 18:06:38.752,8191,
29-12-2020 20:21:51.512,11112448,13-09-2021 18:06:38.752,8191,
29-12-2020 20:21:51.512,11112448,13-09-2021 18:06:38.752,8191,
29-12-2020 20:21:51.512,11112448,13-09-2021 18:06:38.752,8191,
29-12-2020 20:21:51.512,11112448,13-09-2021 18:06:38.752,8191,
29-12-2020 20:21:51.512,11112448,13-09-2021 18:06:38.752,8191,
29-12-2020 20:21:51.512,11112448,13-09-2021 18:06:38.752,8191,
29-12-2020 20:21:51.512,11112448,13-09-2021 18:06:38.752,8191,
29-12-2020 20:21:51.512,11112448,13-09-2021 18:06:38.752,8191,
29-12-2020 20:21:51.512,11112448,13-09-2021 18:06:38.752,8191,
29-12-2020 20:21:51.512,11112448,13-09-2021 18:06:38.752,8191,
29-12-2020 20:21:51.512,11112448,13-09-2021 18:06:38.752,8191,
29-12-2020 20:21:51.512,11112448,13-09-2021 18:06:38.752,8191,
29-12-2020 20:21:51.512,11112448,13-09-2021 18:06:38.752,8191,
29-12-2020 20:21:51.512,11112448,13-09-2021 18:06:38.752,8191,
29-12-2020 20:21:51.512,11112448,13-09-2021 18:06:38.752,8191,
29-12-2020 20:21:51.512,11112448,13-09-2021 18:06:38.752,8191,
29-12-2020 20:21:51.512,11112448,13-09-2021 18:06:38.752,8191,
29-12-2020 20:21:51.512,11112448,13-09-2021 18:06:38.752,8191,
29-12-2020 20:21:51.512,11112448,13-09-2021 18:06:38.752,8191,
29-12-2020 20:21:51.512,11112448,13-09-2021 18:06:38.752,8191,
29-12-2020 20:21:51.512,11112448,13-09-2021 18:06:38.752,8191,
29-12-2020 20:21:51.512,11112448,13-09-2021 18:06:38.752,8191,
29-12-2020 20:21:51.512,11112448,13-09-2021 18:06:38.752,8191,
29-12-2020 20:21:51.512,11112448,13-09-2021 18:06:38.752,8191,
29-12-2020 20:21:51.512,11112448,13-09-2021 18:06:38.752,8191,
29-12-2020 20:21:51.512,11112448,13-09-2021 18:06:38.752,8191,
29-12-2020 20:21:51.512,11112448,13-09-2021 18:06:38.752,8191,
29-12-2020 20:21:51.512,11112448,13-09-2021 18:06:38.752,8191,
29-12-2020 20:21:51.512,11112448,13-09-2021 18:06:38.752,8191,
29-12-2020 20:21:51.512,11112448,13-09-2021 18:06:38.752,8191,
29-12-2020 20:21:51.512,11112448,13-09-2021 18:06:38.752,8191,
29-12-2020 20:21:51.512,11112448,13-09-2021 18:06:38.752,8191,
29-12-2020 20:21:51.768,11114496,13-09-2021 18:06:38.752,8191,
29-12-2020 20:21:51.768,11114496,13-09-2021 18:06:38.752,8191,
29-12-2020 20:21:51.768,11114496,13-09-2021 18:06:38.752,8191,
29-12-2020 20:21:51.768,11114496,13-09-2021 18:06:38.752,8191,
29-12-2020 20:21:51.768,11114496,13-09-2021 18:06:38.752,8191,
29-12-2020 20:21:51.768,11114496,13-09-2021 18:06:38.752,8191,
29-12-2020 20:21:51.768,11114496,13-09-2021 18:06:38.752,8191,
29-12-2020 20:21:51.768,11114496,13-09-2021 18:06:38.752,8191,
29-12-2020 20:21:51.768,11114496,13-09-2021 18:06:38.752,8191,
29-12-2020 20:21:51.768,11114496,13-09-2021 18:06:38.752,8191,
29-12-2020 20:21:51.768,11114496,13-09-2021 18:06:38.752,8191,
29-12-2020 20:21:51.768,11114496,13-09-2021 18:06:38.752,8191,
29-12-2020 20:21:51.768,11114496,13-09-2021 18:06:38.752,8191,
29-12-2020 20:21:51.768,11114496,13-09-2021 18:06:38.752,8191,
29-12-2020 20:21:51.768,11114496,13-09-2021 18:06:38.752,8191,
29-12-2020 20:21:51.768,11114496,13-09-2021 18:06:38.752,8191,
29-12-2020 20:21:51.768,11114496,13-09-2021 18:06:38.752,8191,
29-12-2020 20:21:51.768,11114496,13-09-2021 18:06:38.752,8191,
29-12-2020 20:21:51.768,11114496,13-09-2021 18:06:38.752,8191,
29-12-2020 20:21:51.768,11114496,13-09-2021 18:06:38.752,8191,
29-12-2020 20:21:51.768,11114496,13-09-2021 18:06:38.752,8191,
29-12-2020 20:21:51.768,11114496,13-09-2021 18:06:38.752,8191,
29-12-2020 20:21:51.768,11114496,13-09-2021 18:06:38.752,8191,
29-12-2020 20:21:51.768,11114496,13-09-2021 18:06:38.752,8191,
29-12-2020 20:21:51.768,11114496,13-09-2021 18:06:38.752,8191,
29-12-2020 20:21:51.768,11114496,13-09-2021 18:06:38.752,8191,
29-12-2020 20:21:51.768,11114496,13-09-2021 18:06:38.752,8191,
29-12-2020 20:21:51.768,11114496,13-09-2021 18:06:38.752,8191,
29-12-2020 20:21:51.768,11114496,13-09-2021 18:06:38.752,8191,
29-12-2020 20:21:51.768,11114496,13-09-2021 18:06:38.752,8191,
29-12-2020 20:21:51.768,11114496,13-09-2021 18:06:38.752,8191,
29-12-2020 20:21:51.768,11114496,13-09-2021 18:06:38.752,8191,
29-12-2020 20:21:51.768,11114496,13-09-2021 18:06:38.752,8191,
29-12-2020 20:21:51.768,11114496,13-09-2021 18:06:38.752,8191,
29-12-2020 20:21:51.768,11114496,13-09-2021 18:06:38.752,8191,
29-12-2020 20:21:51.768,11114496,13-09-2021 18:06:38.752,8191,
29-12-2020 20:21:51.768,11114496,13-09-2021 18:06:38.752,8191,
29-12-2020 20:21:51.768,11114496,13-09-2021 18:06:38.752,8191,
29-12-2020 20:21:51.768,11114496,13-09-2021 18:06:38.752,8191,
29-12-2020 20:21:51.768,11114496,13-09-2021 18:06:38.752,8191,
29-12-2020 20:21:51.768,11114496,13-09-2021 18:06:38.752,8191,
29-12-2020 20:21:51.768,11114496,13-09-2021 18:06:38.752,8191,
29-12-2020 20:21:51.768,11114496,13-09-2021 18:06:38.752,8191,
29-12-2020 20:21:51.768,11114496,13-09-2021 18:06:38.752,8191,
29-12-2020 20:21:51.768,11114496,13-09-2021 18:06:38.752,8191,
29-12-2020 20:21:51.768,11114496,13-09-2021 18:06:38.752,8191,
29-12-2020 20:21:51.768,11114496,13-09-2021 18:06:38.752,8191,
29-12-2020 20:21:51.768,11114496,13-09-2021 18:06:38.752,8191,
29-12-2020 20:21:51.768,11114496,13-09-2021 18:06:38.752,8191,
29-12-2020 20:21:51.768,11114496,13-09-2021 18:06:38.752,8191,
29-12-2020 20:21:51.768,11114496,13-09-2021 18:06:38.752,8191,
29-12-2020 20:21:51.768,11114496,13-09-2021 18:06:38.752,8191,
29-12-2020 20:21:51.768,11114496,13-09-2021 18:06:38.752,8191,
29-12-2020 20:21:51.768,11114496,13-09-2021 18:06:38.752,8191,
29-12-2020 20:21:51.768,11114496,13-09-2021 18:06:38.752,8191,
29-12-2020 20:21:51.768,11114496,13-09-2021 18:06:38.752,8191,
29-12-2020 20:21:51.768,11114496,13-09-2021 18:06:38.752,8191,
29-12-2020 20:21:51.768,11114496,13-09-2021 18:06:38.752,8191,
29-12-2020 20:21:51.768,11114496,13-09-2021 18:06:38.752,8191,
29-12-2020 20:21:51.768,11114496,13-09-2021 18:06:38.752,8191,
29-12-2020 20:21:51.768,11114496,13-09-2021 18:06:38.752,8191,
29-12-2020 20:21:51.768,11114496,13-09-2021 18:06:38.752,8191,
29-12-2020 20:21:51.768,11114496,13-09-2021 18:06:38.752,8191,
29-12-2020 20:21:51.768,11114496,13-09-2021 18:06:38.752,8191,
29-12-2020 20:21:51.768,11114496,13-09-2021 18:06:38.752,8191,
29-12-2020 20:21:51.768,11114496,13-09-2021 18:06:38.752,8191,
29-12-2020 20:21:51.768,11114496,13-09-2021 18:06:38.752,8191,
29-12-2020 20:21:51.768,11114496,13-09-2021 18:06:38.752,8191,
29-12-2020 20:21:51.768,11114496,13-09-2021 18:06:38.752,8191,
29-12-2020 20:21:51.768,11114496,13-09-2021 18:06:38.752,8191,
29-12-2020 20:21:51.768,11114496,13-09-2021 18:06:38.752,8191,
29-12-2020 20:21:51.768,11114496,13-09-2021 18:06:38.752,8191,
29-12-2020 20:21:51.768,11114496,13-09-2021 18:06:38.752,8191,
29-12-2020 20:21:51.768,11114496,13-09-2021 18:06:38.752,8191,
29-12-2020 20:21:51.768,11114496,13-09-2021 18:06:38.752,8191,
29-12-2020 20:21:51.768,11114496,13-09-2021 18:06:38.752,8191,
29-12-2020 20:21:51.768,11114496,13-09-2021 18:06:38.752,8191,
29-12-2020 20:21:51.768,11114496,13-09-2021 18:06:38.752,8191,
29-12-2020 20:21:51.768,11114496,13-09-2021 18:06:38.752,8191,
29-12-2020 20:21:51.768,11114496,13-09-2021 18:06:38.752,8191,
29-12-2020 20:21:51.768,11114496,13-09-2021 18:06:38.752,8191,
29-12-2020 20:21:51.768,11114496,13-09-2021 18:06:38.752,8191,
29-12-2020 20:21:51.768,11114496,13-09-2021 18:06:38.752,8191,
29-12-2020 20:21:51.768,11114496,13-09-2021 18:06:38.752,8191,
29-12-2020 20:21:51.768,11114496,13-09-2021 18:06:38.752,8191,
29-12-2020 20:21:51.768,11114496,13-09-2021 18:06:38.752,8191,
29-12-2020 20:21:51.768,11114496,13-09-2021 18:06:38.752,8191,
29-12-2020 20:21:51.768,11114496,13-09-2021 18:06:38.752,8191,
29-12-2020 20:21:51.768,11114496,13-09-2021 18:06:38.752,8191,
29-12-2020 20:21:51.768,11114496,13-09-2021 18:06:38.752,8191,
29-12-2020 20:21:51.768,11114496,13-09-2021 18:06:38.752,8191,
29-12-2020 20:21:51.768,11114496,13-09-2021 18:06:38.752,8191,
29-12-2020 20:21:51.768,11114496,13-09-2021 18:06:38.752,8191,
29-12-2020 20:21:51.768,11114496,13-09-2021 18:06:38.752,8191,
29-12-2020 20:21:51.768,11114496,13-09-2021 18:06:38.752,8191,
29-12-2020 20:21:51.768,11114496,13-09-2021 18:06:38.752,8191,
29-12-2020 20:21:51.768,11114496,13-09-2021 18:06:38.752,8191,
29-12-2020 20:21:51.768,11114496,13-09-2021 18:06:38.752,8191,
29-12-2020 20:21:51.768,11114496,13-09-2021 18:06:38.752,8191,
29-12-2020 20:21:51.768,11114496,13-09-2021 18:06:38.752,8191,
29-12-2020 20:21:51.768,11114496,13-09-2021 18:06:38.752,8191,
29-12-2020 20:21:51.768,11114496,13-09-2021 18:06:38.752,8191,
29-12-2020 20:21:51.768,11114496,13-09-2021 18:06:38.752,8191,
29-12-2020 20:21:51.768,11114496,13-09-2021 18:06:38.752,8191,
29-12-2020 20:21:51.768,11114496,13-09-2021 18:06:38.752,8191,
29-12-2020 20:21:51.768,11114496,13-09-2021 18:06:38.752,8191,
29-12-2020 20:21:51.768,11114496,13-09-2021 18:06:38.752,8191,
29-12-2020 20:21:51.768,11114496,13-09-2021 18:06:38.752,8191,
29-12-2020 20:21:51.768,11114496,13-09-2021 18:06:38.752,8191,
29-12-2020 20:21:51.768,11114496,13-09-2021 18:06:38.752,8191,
29-12-2020 20:21:51.768,11114496,13-09-2021 18:06:38.752,8191,
29-12-2020 20:21:51.768,11114496,13-09-2021 18:06:38.752,8191,
29-12-2020 20:21:51.768,11114496,13-09-2021 18:06:38.752,8191,
29-12-2020 20:21:51.768,11114496,13-09-2021 18:06:38.752,8191,
29-12-2020 20:21:51.768,11114496,13-09-2021 18:06:38.752,8191,
29-12-2020 20:21:51.768,11114496,13-09-2021 18:06:38.752,8191,
29-12-2020 20:21:51.768,11114496,13-09-2021 18:06:38.752,8191,
29-12-2020 20:21:51.768,11114496,13-09-2021 18:06:38.752,8191,
29-12-2020 20:21:51.768,11114496,13-09-2021 18:06:38.752,8191,
29-12-2020 20:21:51.768,11114496,13-09-2021 18:06:38.752,8191,
29-12-2020 20:21:51.768,11114496,13-09-2021 18:06:38.752,8191,
29-12-2020 20:21:51.768,11114496,13-09-2021 18:06:38.752,8191,
29-12-2020 20:21:51.768,11114496,13-09-2021 18:06:38.752,8191,
29-12-2020 20:21:51.768,11114496,13-09-2021 18:06:38.752,8191,
29-12-2020 20:21:51.768,11114496,13-09-2021 18:06:38.752,8191,
29-12-2020 20:21:51.768,11114496,13-09-2021 18:06:38.752,8191,
29-12-2020 20:21:51.768,11114496,13-09-2021 18:06:38.752,8191,
29-12-2020 20:21:51.768,11114496,13-09-2021 18:06:38.752,8191,
29-12-2020 20:21:52.024,11116544,13-09-2021 18:06:38.752,8191,
29-12-2020 20:21:52.024,11116544,13-09-2021 18:06:38.752,8191,
29-12-2020 20:21:52.024,11116544,13-09-2021 18:06:38.752,8191,
29-12-2020 20:21:52.024,11116544,13-09-2021 18:06:38.752,8191,
29-12-2020 20:21:52.024,11116544,13-09-2021 18:06:38.752,8191,
29-12-2020 20:21:52.024,11116544,13-09-2021 18:06:38.752,8191,
29-12-2020 20:21:52.024,11116544,13-09-2021 18:06:38.752,8191,
29-12-2020 20:21:52.024,11116544,13-09-2021 18:06:38.752,8191,
29-12-2020 20:21:52.024,11116544,13-09-2021 18:06:38.752,8191,
29-12-2020 20:21:52.024,11116544,13-09-2021 18:06:38.752,8191,
29-12-2020 20:21:52.024,11116544,13-09-2021 18:06:38.752,8191,
29-12-2020 20:21:52.024,11116544,13-09-2021 18:06:38.752,8191,
29-12-2020 20:21:52.024,11116544,13-09-2021 18:06:38.752,8191,
29-12-2020 20:21:52.024,11116544,13-09-2021 18:06:38.752,8191,
29-12-2020 20:21:52.024,11116544,13-09-2021 18:06:38.752,8191,
29-12-2020 20:21:52.024,11116544,13-09-2021 18:06:38.752,8191,
29-12-2020 20:21:52.024,11116544,13-09-2021 18:06:38.752,8191,
29-12-2020 20:21:52.024,11116544,13-09-2021 18:06:38.752,8191,
29-12-2020 20:21:52.024,11116544,13-09-2021 18:06:38.752,8191,
29-12-2020 20:21:52.024,11116544,13-09-2021 18:06:38.752,8191,
29-12-2020 20:21:52.024,11116544,13-09-2021 18:06:38.752,8191,
29-12-2020 20:21:52.024,11116544,13-09-2021 18:06:38.752,8191,
29-12-2020 20:21:52.024,11116544,13-09-2021 18:06:38.752,8191,
29-12-2020 20:21:52.024,11116544,13-09-2021 18:06:38.752,8191,
29-12-2020 20:21:52.024,11116544,13-09-2021 18:06:38.752,8191,
29-12-2020 20:21:52.024,11116544,13-09-2021 18:06:38.752,8191,
29-12-2020 20:21:52.024,11116544,13-09-2021 18:06:38.752,8191,
29-12-2020 20:21:52.024,11116544,13-09-2021 18:06:38.752,8191,
29-12-2020 20:21:52.024,11116544,13-09-2021 18:06:38.752,8191,
29-12-2020 20:21:52.024,11116544,13-09-2021 18:06:38.752,8191,
29-12-2020 20:21:52.024,11116544,13-09-2021 18:06:38.752,8191,
29-12-2020 20:21:52.024,11116544,13-09-2021 18:06:38.752,8191,
29-12-2020 20:21:52.024,11116544,13-09-2021 18:06:38.752,8191,
29-12-2020 20:21:52.024,11116544,13-09-2021 18:06:38.752,8191,
29-12-2020 20:21:52.024,11116544,13-09-2021 18:06:38.752,8191,
29-12-2020 20:21:52.024,11116544,13-09-2021 18:06:38.752,8191,
29-12-2020 20:21:52.024,11116544,13-09-2021 18:06:38.752,8191,
29-12-2020 20:21:52.024,11116544,13-09-2021 18:06:38.752,8191,
29-12-2020 20:21:52.024,11116544,13-09-2021 18:06:38.752,8191,
29-12-2020 20:21:52.024,11116544,13-09-2021 18:06:38.752,8191,
29-12-2020 20:21:52.024,11116544,13-09-2021 18:06:38.752,8191,
29-12-2020 20:21:52.024,11116544,13-09-2021 18:06:38.752,8191,
29-12-2020 20:21:52.024,11116544,13-09-2021 18:06:38.752,8191,
29-12-2020 20:21:52.024,11116544,13-09-2021 18:06:38.752,8191,
29-12-2020 20:21:52.024,11116544,13-09-2021 18:06:38.752,8191,
29-12-2020 20:21:52.024,11116544,13-09-2021 18:06:38.752,8191,
29-12-2020 20:21:52.024,11116544,13-09-2021 18:06:38.752,8191,
29-12-2020 20:21:52.024,11116544,13-09-2021 18:06:38.752,8191,
29-12-2020 20:21:52.024,11116544,13-09-2021 18:06:38.752,8191,
29-12-2020 20:21:52.024,11116544,13-09-2021 18:06:38.752,8191,
29-12-2020 20:21:52.024,11116544,13-09-2021 18:06:38.752,8191,
29-12-2020 20:21:52.024,11116544,13-09-2021 18:06:38.752,8191,
29-12-2020 20:21:52.024,11116544,13-09-2021 18:06:38.752,8191,
29-12-2020 20:21:52.024,11116544,13-09-2021 18:06:38.752,8191,
29-12-2020 20:21:52.024,11116544,13-09-2021 18:06:38.752,8191,
29-12-2020 20:21:52.024,11116544,13-09-2021 18:06:38.752,8191,
29-12-2020 20:21:52.024,11116544,13-09-2021 18:06:38.752,8191,
29-12-2020 20:21:52.024,11116544,13-09-2021 18:06:38.752,8191,
29-12-2020 20:21:52.024,11116544,13-09-2021 18:06:38.752,8191,
29-12-2020 20:21:52.024,11116544,13-09-2021 18:06:38.752,8191,
29-12-2020 20:21:52.024,11116544,13-09-2021 18:06:38.752,8191,
29-12-2020 20:21:52.024,11116544,13-09-2021 18:06:38.752,8191,
29-12-2020 20:21:52.024,11116544,13-09-2021 18:06:38.752,8191,
29-12-2020 20:21:52.024,11116544,13-09-2021 18:06:38.752,8191,
29-12-2020 20:21:52.024,11116544,13-09-2021 18:06:38.752,8191,
29-12-2020 20:21:52.024,11116544,13-09-2021 18:06:38.752,8191,
29-12-2020 20:21:52.024,11116544,13-09-2021 18:06:38.752,8191,
29-12-2020 20:21:52.024,11116544,13-09-2021 18:06:38.752,8191,
29-12-2020 20:21:52.024,11116544,13-09-2021 18:06:38.752,8191,
29-12-2020 20:21:52.024,11116544,13-09-2021 18:06:38.752,8191,
29-12-2020 20:21:52.024,11116544,13-09-2021 18:06:38.752,8191,
29-12-2020 20:21:52.024,11116544,13-09-2021 18:06:38.752,8191,
29-12-2020 20:21:52.024,11116544,13-09-2021 18:06:38.752,8191,
29-12-2020 20:21:52.024,11116544,13-09-2021 18:06:38.752,8191,
29-12-2020 20:21:52.024,11116544,13-09-2021 18:06:38.752,8191,
29-12-2020 20:21:52.024,11116544,13-09-2021 18:06:38.752,8191,
29-12-2020 20:21:52.024,11116544,13-09-2021 18:06:38.752,8191,
29-12-2020 20:21:52.024,11116544,13-09-2021 18:06:38.752,8191,
29-12-2020 20:21:52.024,11116544,13-09-2021 18:06:38.752,8191,
29-12-2020 20:21:52.024,11116544,13-09-2021 18:06:38.752,8191,
29-12-2020 20:21:52.024,11116544,13-09-2021 18:06:38.752,8191,
29-12-2020 20:21:52.024,11116544,13-09-2021 18:06:38.752,8191,
29-12-2020 20:21:52.024,11116544,13-09-2021 18:06:38.752,8191,
29-12-2020 20:21:52.024,11116544,13-09-2021 18:06:38.752,8191,
29-12-2020 20:21:52.024,11116544,13-09-2021 18:06:38.752,8191,
29-12-2020 20:21:52.024,11116544,13-09-2021 18:06:38.752,8191,
29-12-2020 20:21:52.024,11116544,13-09-2021 18:06:38.752,8191,
29-12-2020 20:21:52.024,11116544,13-09-2021 18:06:38.752,8191,
29-12-2020 20:21:52.024,11116544,13-09-2021 18:06:38.752,8191,
29-12-2020 20:21:52.024,11116544,13-09-2021 18:06:38.752,8191,
29-12-2020 20:21:52.024,11116544,13-09-2021 18:06:38.752,8191,
29-12-2020 20:21:52.024,11116544,13-09-2021 18:06:38.752,8191,
29-12-2020 20:21:52.024,11116544,13-09-2021 18:06:38.752,8191,
29-12-2020 20:21:52.024,11116544,13-09-2021 18:06:38.752,8191,
29-12-2020 20:21:52.024,11116544,13-09-2021 18:06:38.752,8191,
29-12-2020 20:21:52.024,11116544,13-09-2021 18:06:38.752,8191,
29-12-2020 20:21:52.024,11116544,13-09-2021 18:06:38.752,8191,
29-12-2020 20:21:52.024,11116544,13-09-2021 18:06:38.752,8191,
29-12-2020 20:21:52.024,11116544,13-09-2021 18:06:38.752,8191,
29-12-2020 20:21:52.024,11116544,13-09-2021 18:06:38.752,8191,
29-12-2020 20:21:52.024,11116544,13-09-2021 18:06:38.752,8191,
29-12-2020 20:21:52.024,11116544,13-09-2021 18:06:38.752,8191,
29-12-2020 20:21:52.024,11116544,13-09-2021 18:06:38.752,8191,
29-12-2020 20:21:52.024,11116544,13-09-2021 18:06:38.752,8191,
29-12-2020 20:21:52.024,11116544,13-09-2021 18:06:38.752,8191,
29-12-2020 20:21:52.024,11116544,13-09-2021 18:06:38.752,8191,
29-12-2020 20:21:52.024,11116544,13-09-2021 18:06:38.752,8191,
29-12-2020 20:21:52.024,11116544,13-09-2021 18:06:38.752,8191,
29-12-2020 20:21:52.024,11116544,13-09-2021 18:06:38.752,8191,
29-12-2020 20:21:52.024,11116544,13-09-2021 18:06:38.752,8191,
29-12-2020 20:21:52.024,11116544,13-09-2021 18:06:38.752,8191,
29-12-2020 20:21:52.024,11116544,13-09-2021 18:06:38.752,8191,
29-12-2020 20:21:52.024,11116544,13-09-2021 18:06:38.752,8191,
29-12-2020 20:21:52.024,11116544,13-09-2021 18:06:38.752,8191,
29-12-2020 20:21:52.024,11116544,13-09-2021 18:06:38.752,8191,
29-12-2020 20:21:52.024,11116544,13-09-2021 18:06:38.752,8191,
29-12-2020 20:21:52.024,11116544,13-09-2021 18:06:38.752,8191,
29-12-2020 20:21:52.024,11116544,13-09-2021 18:06:38.752,8191,
29-12-2020 20:21:52.024,11116544,13-09-2021 18:06:38.752,8191,
29-12-2020 20:21:52.024,11116544,13-09-2021 18:06:38.752,8191,
29-12-2020 20:21:52.024,11116544,13-09-2021 18:06:38.752,8191,
29-12-2020 20:21:52.024,11116544,13-09-2021 18:06:38.752,8191,
29-12-2020 20:21:52.024,11116544,13-09-2021 18:06:38.752,8191,
29-12-2020 20:21:52.024,11116544,13-09-2021 18:06:38.752,8191,
29-12-2020 20:21:52.024,11116544,13-09-2021 18:06:38.752,8191,
29-12-2020 20:21:52.024,11116544,13-09-2021 18:06:38.752,8191,
29-12-2020 20:21:52.024,11116544,13-09-2021 18:06:38.752,8191,
29-12-2020 20:21:52.024,11116544,13-09-2021 18:06:38.752,8191,
29-12-2020 20:21:52.280,11118592,13-09-2021 18:06:38.767,8191,
29-12-2020 20:21:52.280,11118592,13-09-2021 18:06:38.767,8191,
29-12-2020 20:21:52.280,11118592,13-09-2021 18:06:38.767,8191,
29-12-2020 20:21:52.280,11118592,13-09-2021 18:06:38.767,8191,
29-12-2020 20:21:52.280,11118592,13-09-2021 18:06:38.767,8191,
29-12-2020 20:21:52.280,11118592,13-09-2021 18:06:38.767,8191,
29-12-2020 20:21:52.280,11118592,13-09-2021 18:06:38.767,8191,
29-12-2020 20:21:52.280,11118592,13-09-2021 18:06:38.767,8191,
29-12-2020 20:21:52.280,11118592,13-09-2021 18:06:38.767,8191,
29-12-2020 20:21:52.280,11118592,13-09-2021 18:06:38.767,8191,
29-12-2020 20:21:52.280,11118592,13-09-2021 18:06:38.767,8191,
29-12-2020 20:21:52.280,11118592,13-09-2021 18:06:38.767,8191,
29-12-2020 20:21:52.280,11118592,13-09-2021 18:06:38.767,8191,
29-12-2020 20:21:52.280,11118592,13-09-2021 18:06:38.767,8191,
29-12-2020 20:21:52.280,11118592,13-09-2021 18:06:38.767,8191,
29-12-2020 20:21:52.280,11118592,13-09-2021 18:06:38.767,8191,
29-12-2020 20:21:52.280,11118592,13-09-2021 18:06:38.767,8191,
29-12-2020 20:21:52.280,11118592,13-09-2021 18:06:38.767,8191,
29-12-2020 20:21:52.280,11118592,13-09-2021 18:06:38.767,8191,
29-12-2020 20:21:52.280,11118592,13-09-2021 18:06:38.767,8191,
29-12-2020 20:21:52.280,11118592,13-09-2021 18:06:38.767,8191,
29-12-2020 20:21:52.280,11118592,13-09-2021 18:06:38.767,8191,
29-12-2020 20:21:52.280,11118592,13-09-2021 18:06:38.767,8191,
29-12-2020 20:21:52.280,11118592,13-09-2021 18:06:38.767,8191,
29-12-2020 20:21:52.280,11118592,13-09-2021 18:06:38.767,8191,
29-12-2020 20:21:52.280,11118592,13-09-2021 18:06:38.767,8191,
29-12-2020 20:21:52.280,11118592,13-09-2021 18:06:38.767,8191,
29-12-2020 20:21:52.280,11118592,13-09-2021 18:06:38.767,8191,
29-12-2020 20:21:52.280,11118592,13-09-2021 18:06:38.767,8191,
29-12-2020 20:21:52.280,11118592,13-09-2021 18:06:38.767,8191,
29-12-2020 20:21:52.280,11118592,13-09-2021 18:06:38.767,8191,
29-12-2020 20:21:52.280,11118592,13-09-2021 18:06:38.767,8191,
29-12-2020 20:21:52.280,11118592,13-09-2021 18:06:38.767,8191,
29-12-2020 20:21:52.280,11118592,13-09-2021 18:06:38.767,8191,
29-12-2020 20:21:52.280,11118592,13-09-2021 18:06:38.767,8191,
29-12-2020 20:21:52.280,11118592,13-09-2021 18:06:38.767,8191,
29-12-2020 20:21:52.280,11118592,13-09-2021 18:06:38.767,8191,
29-12-2020 20:21:52.280,11118592,13-09-2021 18:06:38.767,8191,
29-12-2020 20:21:52.280,11118592,13-09-2021 18:06:38.767,8191,
29-12-2020 20:21:52.280,11118592,13-09-2021 18:06:38.767,8191,
29-12-2020 20:21:52.280,11118592,13-09-2021 18:06:38.767,8191,
29-12-2020 20:21:52.280,11118592,13-09-2021 18:06:38.767,8191,
29-12-2020 20:21:52.280,11118592,13-09-2021 18:06:38.767,8191,
29-12-2020 20:21:52.280,11118592,13-09-2021 18:06:38.767,8191,
29-12-2020 20:21:52.280,11118592,13-09-2021 18:06:38.767,8191,
29-12-2020 20:21:52.280,11118592,13-09-2021 18:06:38.767,8191,
29-12-2020 20:21:52.280,11118592,13-09-2021 18:06:38.767,8191,
29-12-2020 20:21:52.280,11118592,13-09-2021 18:06:38.767,8191,
29-12-2020 20:21:52.280,11118592,13-09-2021 18:06:38.767,8191,
29-12-2020 20:21:52.280,11118592,13-09-2021 18:06:38.767,8191,
29-12-2020 20:21:52.280,11118592,13-09-2021 18:06:38.767,8191,
29-12-2020 20:21:52.280,11118592,13-09-2021 18:06:38.767,8191,
29-12-2020 20:21:52.280,11118592,13-09-2021 18:06:38.767,8191,
29-12-2020 20:21:52.280,11118592,13-09-2021 18:06:38.767,8191,
29-12-2020 20:21:52.280,11118592,13-09-2021 18:06:38.767,8191,
29-12-2020 20:21:52.280,11118592,13-09-2021 18:06:38.767,8191,
29-12-2020 20:21:52.280,11118592,13-09-2021 18:06:38.767,8191,
29-12-2020 20:21:52.280,11118592,13-09-2021 18:06:38.767,8191,
29-12-2020 20:21:52.280,11118592,13-09-2021 18:06:38.767,8191,
29-12-2020 20:21:52.280,11118592,13-09-2021 18:06:38.767,8191,
29-12-2020 20:21:52.280,11118592,13-09-2021 18:06:38.767,8191,
29-12-2020 20:21:52.280,11118592,13-09-2021 18:06:38.767,8191,
29-12-2020 20:21:52.280,11118592,13-09-2021 18:06:38.767,8191,
29-12-2020 20:21:52.280,11118592,13-09-2021 18:06:38.767,8191,
29-12-2020 20:21:52.280,11118592,13-09-2021 18:06:38.767,8191,
29-12-2020 20:21:52.280,11118592,13-09-2021 18:06:38.767,8191,
29-12-2020 20:21:52.280,11118592,13-09-2021 18:06:38.767,8191,
29-12-2020 20:21:52.280,11118592,13-09-2021 18:06:38.767,8191,
29-12-2020 20:21:52.280,11118592,13-09-2021 18:06:38.767,8191,
29-12-2020 20:21:52.280,11118592,13-09-2021 18:06:38.767,8191,
29-12-2020 20:21:52.280,11118592,13-09-2021 18:06:38.767,8191,
29-12-2020 20:21:52.280,11118592,13-09-2021 18:06:38.767,8191,
29-12-2020 20:21:52.280,11118592,13-09-2021 18:06:38.767,8191,
29-12-2020 20:21:52.280,11118592,13-09-2021 18:06:38.767,8191,
29-12-2020 20:21:52.280,11118592,13-09-2021 18:06:38.767,8191,
29-12-2020 20:21:52.280,11118592,13-09-2021 18:06:38.767,8191,
29-12-2020 20:21:52.280,11118592,13-09-2021 18:06:38.767,8191,
29-12-2020 20:21:52.280,11118592,13-09-2021 18:06:38.767,8191,
29-12-2020 20:21:52.280,11118592,13-09-2021 18:06:38.767,8191,
29-12-2020 20:21:52.280,11118592,13-09-2021 18:06:38.767,8191,
29-12-2020 20:21:52.280,11118592,13-09-2021 18:06:38.767,8191,
29-12-2020 20:21:52.280,11118592,13-09-2021 18:06:38.767,8191,
29-12-2020 20:21:52.280,11118592,13-09-2021 18:06:38.767,8191,
29-12-2020 20:21:52.280,11118592,13-09-2021 18:06:38.767,8191,
29-12-2020 20:21:52.280,11118592,13-09-2021 18:06:38.767,8191,
29-12-2020 20:21:52.280,11118592,13-09-2021 18:06:38.767,8191,
29-12-2020 20:21:52.280,11118592,13-09-2021 18:06:38.767,8191,
29-12-2020 20:21:52.280,11118592,13-09-2021 18:06:38.767,8191,
29-12-2020 20:21:52.280,11118592,13-09-2021 18:06:38.767,8191,
29-12-2020 20:21:52.280,11118592,13-09-2021 18:06:38.767,8191,
29-12-2020 20:21:52.280,11118592,13-09-2021 18:06:38.767,8191,
29-12-2020 20:21:52.280,11118592,13-09-2021 18:06:38.767,8191,
29-12-2020 20:21:52.280,11118592,13-09-2021 18:06:38.767,8191,
29-12-2020 20:21:52.280,11118592,13-09-2021 18:06:38.767,8191,
29-12-2020 20:21:52.280,11118592,13-09-2021 18:06:38.767,8191,
29-12-2020 20:21:52.280,11118592,13-09-2021 18:06:38.767,8191,
29-12-2020 20:21:52.280,11118592,13-09-2021 18:06:38.767,8191,
29-12-2020 20:21:52.280,11118592,13-09-2021 18:06:38.767,8191,
29-12-2020 20:21:52.280,11118592,13-09-2021 18:06:38.767,8191,
29-12-2020 20:21:52.280,11118592,13-09-2021 18:06:38.767,8191,
29-12-2020 20:21:52.280,11118592,13-09-2021 18:06:38.767,8191,
29-12-2020 20:21:52.280,11118592,13-09-2021 18:06:38.767,8191,
29-12-2020 20:21:52.280,11118592,13-09-2021 18:06:38.767,8191,
29-12-2020 20:21:52.280,11118592,13-09-2021 18:06:38.767,8191,
29-12-2020 20:21:52.280,11118592,13-09-2021 18:06:38.767,8191,
29-12-2020 20:21:52.280,11118592,13-09-2021 18:06:38.767,8191,
29-12-2020 20:21:52.280,11118592,13-09-2021 18:06:38.767,8191,
29-12-2020 20:21:52.280,11118592,13-09-2021 18:06:38.767,8191,
29-12-2020 20:21:52.280,11118592,13-09-2021 18:06:38.767,8191,
29-12-2020 20:21:52.280,11118592,13-09-2021 18:06:38.767,8191,
29-12-2020 20:21:52.280,11118592,13-09-2021 18:06:38.767,8191,
29-12-2020 20:21:52.280,11118592,13-09-2021 18:06:38.767,8191,
29-12-2020 20:21:52.280,11118592,13-09-2021 18:06:38.767,8191,
29-12-2020 20:21:52.280,11118592,13-09-2021 18:06:38.767,8191,
29-12-2020 20:21:52.280,11118592,13-09-2021 18:06:38.767,8191,
29-12-2020 20:21:52.280,11118592,13-09-2021 18:06:38.767,8191,
29-12-2020 20:21:52.280,11118592,13-09-2021 18:06:38.767,8191,
29-12-2020 20:21:52.280,11118592,13-09-2021 18:06:38.767,8191,
29-12-2020 20:21:52.280,11118592,13-09-2021 18:06:38.767,8191,
29-12-2020 20:21:52.280,11118592,13-09-2021 18:06:38.767,8191,
29-12-2020 20:21:52.280,11118592,13-09-2021 18:06:38.767,8191,
29-12-2020 20:21:52.280,11118592,13-09-2021 18:06:38.767,8191,
29-12-2020 20:21:52.280,11118592,13-09-2021 18:06:38.767,8191,
29-12-2020 20:21:52.280,11118592,13-09-2021 18:06:38.767,8191,
29-12-2020 20:21:52.280,11118592,13-09-2021 18:06:38.767,8191,
29-12-2020 20:21:52.280,11118592,13-09-2021 18:06:38.767,8191,
29-12-2020 20:21:52.280,11118592,13-09-2021 18:06:38.767,8191,
29-12-2020 20:21:52.280,11118592,13-09-2021 18:06:38.767,8191,
29-12-2020 20:21:52.536,11120640,13-09-2021 18:06:39.783,8191,
29-12-2020 20:21:52.536,11120640,13-09-2021 18:06:39.783,8191,
29-12-2020 20:21:52.536,11120640,13-09-2021 18:06:39.783,8191,
29-12-2020 20:21:52.536,11120640,13-09-2021 18:06:39.783,8191,
29-12-2020 20:21:52.536,11120640,13-09-2021 18:06:39.783,8191,
29-12-2020 20:21:52.536,11120640,13-09-2021 18:06:39.783,8191,
29-12-2020 20:21:52.536,11120640,13-09-2021 18:06:39.783,8191,
29-12-2020 20:21:52.536,11120640,13-09-2021 18:06:39.783,8191,
29-12-2020 20:21:52.536,11120640,13-09-2021 18:06:39.783,8191,
29-12-2020 20:21:52.536,11120640,13-09-2021 18:06:39.783,8191,
29-12-2020 20:21:52.536,11120640,13-09-2021 18:06:39.783,8191,
29-12-2020 20:21:52.536,11120640,13-09-2021 18:06:39.783,8191,
29-12-2020 20:21:52.536,11120640,13-09-2021 18:06:39.783,8191,
29-12-2020 20:21:52.536,11120640,13-09-2021 18:06:39.783,8191,
29-12-2020 20:21:52.536,11120640,13-09-2021 18:06:39.783,8191,
29-12-2020 20:21:52.536,11120640,13-09-2021 18:06:39.783,8191,
29-12-2020 20:21:52.536,11120640,13-09-2021 18:06:39.783,8191,
29-12-2020 20:21:52.536,11120640,13-09-2021 18:06:39.783,8191,
29-12-2020 20:21:52.536,11120640,13-09-2021 18:06:39.783,8191,
29-12-2020 20:21:52.536,11120640,13-09-2021 18:06:39.783,8191,
29-12-2020 20:21:52.536,11120640,13-09-2021 18:06:39.783,8191,
29-12-2020 20:21:52.536,11120640,13-09-2021 18:06:39.783,8191,
29-12-2020 20:21:52.536,11120640,13-09-2021 18:06:39.783,8191,
29-12-2020 20:21:52.536,11120640,13-09-2021 18:06:39.783,8191,
29-12-2020 20:21:52.536,11120640,13-09-2021 18:06:39.783,8191,
29-12-2020 20:21:52.536,11120640,13-09-2021 18:06:39.783,8191,
29-12-2020 20:21:52.536,11120640,13-09-2021 18:06:39.783,8191,
29-12-2020 20:21:52.536,11120640,13-09-2021 18:06:39.783,8191,
29-12-2020 20:21:52.536,11120640,13-09-2021 18:06:39.783,8191,
29-12-2020 20:21:52.536,11120640,13-09-2021 18:06:39.783,8191,
29-12-2020 20:21:52.536,11120640,13-09-2021 18:06:39.783,8191,
29-12-2020 20:21:52.536,11120640,13-09-2021 18:06:39.783,8191,
29-12-2020 20:21:52.536,11120640,13-09-2021 18:06:39.783,8191,
29-12-2020 20:21:52.536,11120640,13-09-2021 18:06:39.783,8191,
29-12-2020 20:21:52.536,11120640,13-09-2021 18:06:39.783,8191,
29-12-2020 20:21:52.536,11120640,13-09-2021 18:06:39.783,8191,
29-12-2020 20:21:52.536,11120640,13-09-2021 18:06:39.783,8191,
29-12-2020 20:21:52.536,11120640,13-09-2021 18:06:39.783,8191,
29-12-2020 20:21:52.536,11120640,13-09-2021 18:06:39.783,8191,
29-12-2020 20:21:52.536,11120640,13-09-2021 18:06:39.783,8191,
29-12-2020 20:21:52.536,11120640,13-09-2021 18:06:39.783,8191,
29-12-2020 20:21:52.536,11120640,13-09-2021 18:06:39.783,8191,
29-12-2020 20:21:52.536,11120640,13-09-2021 18:06:39.783,8191,
29-12-2020 20:21:52.536,11120640,13-09-2021 18:06:39.783,8191,
29-12-2020 20:21:52.536,11120640,13-09-2021 18:06:39.783,8191,
29-12-2020 20:21:52.536,11120640,13-09-2021 18:06:39.783,8191,
29-12-2020 20:21:52.536,11120640,13-09-2021 18:06:39.783,8191,
29-12-2020 20:21:52.536,11120640,13-09-2021 18:06:39.783,8191,
29-12-2020 20:21:52.536,11120640,13-09-2021 18:06:39.783,8191,
29-12-2020 20:21:52.536,11120640,13-09-2021 18:06:39.783,8191,
29-12-2020 20:21:52.536,11120640,13-09-2021 18:06:39.783,8191,
29-12-2020 20:21:52.536,11120640,13-09-2021 18:06:39.783,8191,
29-12-2020 20:21:52.536,11120640,13-09-2021 18:06:39.783,8191,
29-12-2020 20:21:52.536,11120640,13-09-2021 18:06:39.783,8191,
29-12-2020 20:21:52.536,11120640,13-09-2021 18:06:39.783,8191,
29-12-2020 20:21:52.536,11120640,13-09-2021 18:06:39.783,8191,
29-12-2020 20:21:52.536,11120640,13-09-2021 18:06:39.783,8191,
29-12-2020 20:21:52.536,11120640,13-09-2021 18:06:39.783,8191,
29-12-2020 20:21:52.536,11120640,13-09-2021 18:06:39.783,8191,
29-12-2020 20:21:52.536,11120640,13-09-2021 18:06:39.783,8191,
29-12-2020 20:21:52.536,11120640,13-09-2021 18:06:39.783,8191,
29-12-2020 20:21:52.536,11120640,13-09-2021 18:06:39.783,8191,
29-12-2020 20:21:52.536,11120640,13-09-2021 18:06:39.783,8191,
29-12-2020 20:21:52.536,11120640,13-09-2021 18:06:39.783,8191,
29-12-2020 20:21:52.536,11120640,13-09-2021 18:06:39.783,8191,
29-12-2020 20:21:52.536,11120640,13-09-2021 18:06:39.783,8191,
29-12-2020 20:21:52.536,11120640,13-09-2021 18:06:39.783,8191,
29-12-2020 20:21:52.536,11120640,13-09-2021 18:06:39.783,8191,
29-12-2020 20:21:52.536,11120640,13-09-2021 18:06:39.783,8191,
29-12-2020 20:21:52.536,11120640,13-09-2021 18:06:39.783,8191,
29-12-2020 20:21:52.536,11120640,13-09-2021 18:06:39.783,8191,
29-12-2020 20:21:52.536,11120640,13-09-2021 18:06:39.783,8191,
29-12-2020 20:21:52.536,11120640,13-09-2021 18:06:39.783,8191,
29-12-2020 20:21:52.536,11120640,13-09-2021 18:06:39.783,8191,
29-12-2020 20:21:52.536,11120640,13-09-2021 18:06:39.783,8191,
29-12-2020 20:21:52.536,11120640,13-09-2021 18:06:39.783,8191,
29-12-2020 20:21:52.536,11120640,13-09-2021 18:06:39.783,8191,
29-12-2020 20:21:52.536,11120640,13-09-2021 18:06:39.783,8191,
29-12-2020 20:21:52.536,11120640,13-09-2021 18:06:39.783,8191,
29-12-2020 20:21:52.536,11120640,13-09-2021 18:06:39.783,8191,
29-12-2020 20:21:52.536,11120640,13-09-2021 18:06:39.783,8191,
29-12-2020 20:21:52.536,11120640,13-09-2021 18:06:39.783,8191,
29-12-2020 20:21:52.536,11120640,13-09-2021 18:06:39.783,8191,
29-12-2020 20:21:52.536,11120640,13-09-2021 18:06:39.783,8191,
29-12-2020 20:21:52.536,11120640,13-09-2021 18:06:39.783,8191,
29-12-2020 20:21:52.536,11120640,13-09-2021 18:06:39.783,8191,
29-12-2020 20:21:52.536,11120640,13-09-2021 18:06:39.783,8191,
29-12-2020 20:21:52.536,11120640,13-09-2021 18:06:39.783,8191,
29-12-2020 20:21:52.536,11120640,13-09-2021 18:06:39.783,8191,
29-12-2020 20:21:52.536,11120640,13-09-2021 18:06:39.783,8191,
29-12-2020 20:21:52.536,11120640,13-09-2021 18:06:39.783,8191,
29-12-2020 20:21:52.536,11120640,13-09-2021 18:06:39.783,8191,
29-12-2020 20:21:52.536,11120640,13-09-2021 18:06:39.783,8191,
29-12-2020 20:21:52.536,11120640,13-09-2021 18:06:39.783,8191,
29-12-2020 20:21:52.536,11120640,13-09-2021 18:06:39.783,8191,
29-12-2020 20:21:52.536,11120640,13-09-2021 18:06:39.783,8191,
29-12-2020 20:21:52.536,11120640,13-09-2021 18:06:39.783,8191,
29-12-2020 20:21:52.536,11120640,13-09-2021 18:06:39.783,8191,
29-12-2020 20:21:52.536,11120640,13-09-2021 18:06:39.783,8191,
29-12-2020 20:21:52.536,11120640,13-09-2021 18:06:39.783,8191,
29-12-2020 20:21:52.536,11120640,13-09-2021 18:06:39.783,8191,
29-12-2020 20:21:52.536,11120640,13-09-2021 18:06:39.783,8191,
29-12-2020 20:21:52.536,11120640,13-09-2021 18:06:39.783,8191,
29-12-2020 20:21:52.536,11120640,13-09-2021 18:06:39.783,8191,
29-12-2020 20:21:52.536,11120640,13-09-2021 18:06:39.783,8191,
29-12-2020 20:21:52.536,11120640,13-09-2021 18:06:39.783,8191,
29-12-2020 20:21:52.536,11120640,13-09-2021 18:06:39.783,8191,
29-12-2020 20:21:52.536,11120640,13-09-2021 18:06:39.783,8191,
29-12-2020 20:21:52.536,11120640,13-09-2021 18:06:39.783,8191,
29-12-2020 20:21:52.536,11120640,13-09-2021 18:06:39.783,8191,
29-12-2020 20:21:52.536,11120640,13-09-2021 18:06:39.783,8191,
29-12-2020 20:21:52.536,11120640,13-09-2021 18:06:39.783,8191,
29-12-2020 20:21:52.536,11120640,13-09-2021 18:06:39.783,8191,
29-12-2020 20:21:52.536,11120640,13-09-2021 18:06:39.783,8191,
29-12-2020 20:21:52.536,11120640,13-09-2021 18:06:39.783,8191,
29-12-2020 20:21:52.536,11120640,13-09-2021 18:06:39.783,8191,
29-12-2020 20:21:52.536,11120640,13-09-2021 18:06:39.783,8191,
29-12-2020 20:21:52.536,11120640,13-09-2021 18:06:39.783,8191,
29-12-2020 20:21:52.536,11120640,13-09-2021 18:06:39.783,8191,
29-12-2020 20:21:52.536,11120640,13-09-2021 18:06:39.783,8191,
29-12-2020 20:21:52.536,11120640,13-09-2021 18:06:39.783,8191,
29-12-2020 20:21:52.536,11120640,13-09-2021 18:06:39.783,8191,
29-12-2020 20:21:52.536,11120640,13-09-2021 18:06:39.783,8191,
29-12-2020 20:21:52.536,11120640,13-09-2021 18:06:39.783,8191,
29-12-2020 20:21:52.536,11120640,13-09-2021 18:06:39.783,8191,
29-12-2020 20:21:52.536,11120640,13-09-2021 18:06:39.783,8191,
29-12-2020 20:21:52.536,11120640,13-09-2021 18:06:39.783,8191,
29-12-2020 20:21:52.536,11120640,13-09-2021 18:06:39.783,8191,
29-12-2020 20:21:52.792,11122688,13-09-2021 18:06:39.783,8191,
29-12-2020 20:21:52.792,11122688,13-09-2021 18:06:39.783,8191,
29-12-2020 20:21:52.792,11122688,13-09-2021 18:06:39.783,8191,
29-12-2020 20:21:52.792,11122688,13-09-2021 18:06:39.783,8191,
29-12-2020 20:21:52.792,11122688,13-09-2021 18:06:39.783,8191,
29-12-2020 20:21:52.792,11122688,13-09-2021 18:06:39.783,8191,
29-12-2020 20:21:52.792,11122688,13-09-2021 18:06:39.783,8191,
29-12-2020 20:21:52.792,11122688,13-09-2021 18:06:39.783,8191,
29-12-2020 20:21:52.792,11122688,13-09-2021 18:06:39.783,8191,
29-12-2020 20:21:52.792,11122688,13-09-2021 18:06:39.783,8191,
29-12-2020 20:21:52.792,11122688,13-09-2021 18:06:39.783,8191,
29-12-2020 20:21:52.792,11122688,13-09-2021 18:06:39.783,8191,
29-12-2020 20:21:52.792,11122688,13-09-2021 18:06:39.783,8191,
29-12-2020 20:21:52.792,11122688,13-09-2021 18:06:39.783,8191,
29-12-2020 20:21:52.792,11122688,13-09-2021 18:06:39.783,8191,
29-12-2020 20:21:52.792,11122688,13-09-2021 18:06:39.783,8191,
29-12-2020 20:21:52.792,11122688,13-09-2021 18:06:39.783,8191,
29-12-2020 20:21:52.792,11122688,13-09-2021 18:06:39.783,8191,
29-12-2020 20:21:52.792,11122688,13-09-2021 18:06:39.783,8191,
29-12-2020 20:21:52.792,11122688,13-09-2021 18:06:39.783,8191,
29-12-2020 20:21:52.792,11122688,13-09-2021 18:06:39.783,8191,
29-12-2020 20:21:52.792,11122688,13-09-2021 18:06:39.783,8191,
29-12-2020 20:21:52.792,11122688,13-09-2021 18:06:39.783,8191,
29-12-2020 20:21:52.792,11122688,13-09-2021 18:06:39.783,8191,
29-12-2020 20:21:52.792,11122688,13-09-2021 18:06:39.783,8191,
29-12-2020 20:21:52.792,11122688,13-09-2021 18:06:39.783,8191,
29-12-2020 20:21:52.792,11122688,13-09-2021 18:06:39.783,8191,
29-12-2020 20:21:52.792,11122688,13-09-2021 18:06:39.783,8191,
29-12-2020 20:21:52.792,11122688,13-09-2021 18:06:39.783,8191,
29-12-2020 20:21:52.792,11122688,13-09-2021 18:06:39.783,8191,
29-12-2020 20:21:52.792,11122688,13-09-2021 18:06:39.783,8191,
29-12-2020 20:21:52.792,11122688,13-09-2021 18:06:39.783,8191,
29-12-2020 20:21:52.792,11122688,13-09-2021 18:06:39.783,8191,
29-12-2020 20:21:52.792,11122688,13-09-2021 18:06:39.783,8191,
29-12-2020 20:21:52.792,11122688,13-09-2021 18:06:39.783,8191,
29-12-2020 20:21:52.792,11122688,13-09-2021 18:06:39.783,8191,
29-12-2020 20:21:52.792,11122688,13-09-2021 18:06:39.783,8191,
29-12-2020 20:21:52.792,11122688,13-09-2021 18:06:39.783,8191,
29-12-2020 20:21:52.792,11122688,13-09-2021 18:06:39.783,8191,
29-12-2020 20:21:52.792,11122688,13-09-2021 18:06:39.783,8191,
29-12-2020 20:21:52.792,11122688,13-09-2021 18:06:39.783,8191,
29-12-2020 20:21:52.792,11122688,13-09-2021 18:06:39.783,8191,
29-12-2020 20:21:52.792,11122688,13-09-2021 18:06:39.783,8191,
29-12-2020 20:21:52.792,11122688,13-09-2021 18:06:39.783,8191,
29-12-2020 20:21:52.792,11122688,13-09-2021 18:06:39.783,8191,
29-12-2020 20:21:52.792,11122688,13-09-2021 18:06:39.783,8191,
29-12-2020 20:21:52.792,11122688,13-09-2021 18:06:39.783,8191,
29-12-2020 20:21:52.792,11122688,13-09-2021 18:06:39.783,8191,
29-12-2020 20:21:52.792,11122688,13-09-2021 18:06:39.783,8191,
29-12-2020 20:21:52.792,11122688,13-09-2021 18:06:39.783,8191,
29-12-2020 20:21:52.792,11122688,13-09-2021 18:06:39.783,8191,
29-12-2020 20:21:52.792,11122688,13-09-2021 18:06:39.783,8191,
29-12-2020 20:21:52.792,11122688,13-09-2021 18:06:39.783,8191,
29-12-2020 20:21:52.792,11122688,13-09-2021 18:06:39.783,8191,
29-12-2020 20:21:52.792,11122688,13-09-2021 18:06:39.783,8191,
29-12-2020 20:21:52.792,11122688,13-09-2021 18:06:39.783,8191,
29-12-2020 20:21:52.792,11122688,13-09-2021 18:06:39.783,8191,
29-12-2020 20:21:52.792,11122688,13-09-2021 18:06:39.783,8191,
29-12-2020 20:21:52.792,11122688,13-09-2021 18:06:39.783,8191,
29-12-2020 20:21:52.792,11122688,13-09-2021 18:06:39.783,8191,
29-12-2020 20:21:52.792,11122688,13-09-2021 18:06:39.783,8191,
29-12-2020 20:21:52.792,11122688,13-09-2021 18:06:39.783,8191,
29-12-2020 20:21:52.792,11122688,13-09-2021 18:06:39.783,8191,
29-12-2020 20:21:52.792,11122688,13-09-2021 18:06:39.783,8191,
29-12-2020 20:21:52.792,11122688,13-09-2021 18:06:39.783,8191,
29-12-2020 20:21:52.792,11122688,13-09-2021 18:06:39.783,8191,
29-12-2020 20:21:52.792,11122688,13-09-2021 18:06:39.783,8191,
29-12-2020 20:21:52.792,11122688,13-09-2021 18:06:39.783,8191,
29-12-2020 20:21:52.792,11122688,13-09-2021 18:06:39.783,8191,
29-12-2020 20:21:52.792,11122688,13-09-2021 18:06:39.783,8191,
29-12-2020 20:21:52.792,11122688,13-09-2021 18:06:39.783,8191,
29-12-2020 20:21:52.792,11122688,13-09-2021 18:06:39.783,8191,
29-12-2020 20:21:52.792,11122688,13-09-2021 18:06:39.783,8191,
29-12-2020 20:21:52.792,11122688,13-09-2021 18:06:39.783,8191,
29-12-2020 20:21:52.792,11122688,13-09-2021 18:06:39.783,8191,
29-12-2020 20:21:52.792,11122688,13-09-2021 18:06:39.783,8191,
29-12-2020 20:21:52.792,11122688,13-09-2021 18:06:39.783,8191,
29-12-2020 20:21:52.792,11122688,13-09-2021 18:06:39.783,8191,
29-12-2020 20:21:52.792,11122688,13-09-2021 18:06:39.783,8191,
29-12-2020 20:21:52.792,11122688,13-09-2021 18:06:39.783,8191,
29-12-2020 20:21:52.792,11122688,13-09-2021 18:06:39.783,8191,
29-12-2020 20:21:52.792,11122688,13-09-2021 18:06:39.783,8191,
29-12-2020 20:21:52.792,11122688,13-09-2021 18:06:39.783,8191,
29-12-2020 20:21:52.792,11122688,13-09-2021 18:06:39.783,8191,
29-12-2020 20:21:52.792,11122688,13-09-2021 18:06:39.783,8191,
29-12-2020 20:21:52.792,11122688,13-09-2021 18:06:39.783,8191,
29-12-2020 20:21:52.792,11122688,13-09-2021 18:06:39.783,8191,
29-12-2020 20:21:52.792,11122688,13-09-2021 18:06:39.783,8191,
29-12-2020 20:21:52.792,11122688,13-09-2021 18:06:39.783,8191,
29-12-2020 20:21:52.792,11122688,13-09-2021 18:06:39.783,8191,
29-12-2020 20:21:52.792,11122688,13-09-2021 18:06:39.783,8191,
29-12-2020 20:21:52.792,11122688,13-09-2021 18:06:39.783,8191,
29-12-2020 20:21:52.792,11122688,13-09-2021 18:06:39.783,8191,
29-12-2020 20:21:52.792,11122688,13-09-2021 18:06:39.783,8191,
29-12-2020 20:21:52.792,11122688,13-09-2021 18:06:39.783,8191,
29-12-2020 20:21:52.792,11122688,13-09-2021 18:06:39.783,8191,
29-12-2020 20:21:52.792,11122688,13-09-2021 18:06:39.783,8191,
29-12-2020 20:21:52.792,11122688,13-09-2021 18:06:39.783,8191,
29-12-2020 20:21:52.792,11122688,13-09-2021 18:06:39.783,8191,
29-12-2020 20:21:52.792,11122688,13-09-2021 18:06:39.783,8191,
29-12-2020 20:21:52.792,11122688,13-09-2021 18:06:39.783,8191,
29-12-2020 20:21:52.792,11122688,13-09-2021 18:06:39.783,8191,
29-12-2020 20:21:52.792,11122688,13-09-2021 18:06:39.783,8191,
29-12-2020 20:21:52.792,11122688,13-09-2021 18:06:39.783,8191,
29-12-2020 20:21:52.792,11122688,13-09-2021 18:06:39.783,8191,
29-12-2020 20:21:52.792,11122688,13-09-2021 18:06:39.783,8191,
29-12-2020 20:21:52.792,11122688,13-09-2021 18:06:39.783,8191,
29-12-2020 20:21:52.792,11122688,13-09-2021 18:06:39.783,8191,
29-12-2020 20:21:52.792,11122688,13-09-2021 18:06:39.783,8191,
29-12-2020 20:21:52.792,11122688,13-09-2021 18:06:39.783,8191,
29-12-2020 20:21:52.792,11122688,13-09-2021 18:06:39.783,8191,
29-12-2020 20:21:52.792,11122688,13-09-2021 18:06:39.783,8191,
29-12-2020 20:21:52.792,11122688,13-09-2021 18:06:39.783,8191,
29-12-2020 20:21:52.792,11122688,13-09-2021 18:06:39.783,8191,
29-12-2020 20:21:52.792,11122688,13-09-2021 18:06:39.783,8191,
29-12-2020 20:21:52.792,11122688,13-09-2021 18:06:39.783,8191,
29-12-2020 20:21:52.792,11122688,13-09-2021 18:06:39.783,8191,
29-12-2020 20:21:52.792,11122688,13-09-2021 18:06:39.783,8191,
29-12-2020 20:21:52.792,11122688,13-09-2021 18:06:39.783,8191,
29-12-2020 20:21:52.792,11122688,13-09-2021 18:06:39.783,8191,
29-12-2020 20:21:52.792,11122688,13-09-2021 18:06:39.783,8191,
29-12-2020 20:21:52.792,11122688,13-09-2021 18:06:39.783,8191,
29-12-2020 20:21:52.792,11122688,13-09-2021 18:06:39.783,8191,
29-12-2020 20:21:52.792,11122688,13-09-2021 18:06:39.783,8191,
29-12-2020 20:21:52.792,11122688,13-09-2021 18:06:39.783,8191,
29-12-2020 20:21:52.792,11122688,13-09-2021 18:06:39.783,8191,
29-12-2020 20:21:52.792,11122688,13-09-2021 18:06:39.783,8191,
29-12-2020 20:21:52.792,11122688,13-09-2021 18:06:39.783,8191,
29-12-2020 20:21:53.048,11124736,13-09-2021 18:06:39.783,8191,
29-12-2020 20:21:53.048,11124736,13-09-2021 18:06:39.783,8191,
29-12-2020 20:21:53.048,11124736,13-09-2021 18:06:39.783,8191,
29-12-2020 20:21:53.048,11124736,13-09-2021 18:06:39.783,8191,
29-12-2020 20:21:53.048,11124736,13-09-2021 18:06:39.783,8191,
29-12-2020 20:21:53.048,11124736,13-09-2021 18:06:39.783,8191,
29-12-2020 20:21:53.048,11124736,13-09-2021 18:06:39.783,8191,
29-12-2020 20:21:53.048,11124736,13-09-2021 18:06:39.783,8191,
29-12-2020 20:21:53.048,11124736,13-09-2021 18:06:39.783,8191,
29-12-2020 20:21:53.048,11124736,13-09-2021 18:06:39.783,8191,
29-12-2020 20:21:53.048,11124736,13-09-2021 18:06:39.783,8191,
29-12-2020 20:21:53.048,11124736,13-09-2021 18:06:39.783,8191,
29-12-2020 20:21:53.048,11124736,13-09-2021 18:06:39.783,8191,
29-12-2020 20:21:53.048,11124736,13-09-2021 18:06:39.783,8191,
29-12-2020 20:21:53.048,11124736,13-09-2021 18:06:39.783,8191,
29-12-2020 20:21:53.048,11124736,13-09-2021 18:06:39.783,8191,
29-12-2020 20:21:53.048,11124736,13-09-2021 18:06:39.783,8191,
29-12-2020 20:21:53.048,11124736,13-09-2021 18:06:39.783,8191,
29-12-2020 20:21:53.048,11124736,13-09-2021 18:06:39.783,8191,
29-12-2020 20:21:53.048,11124736,13-09-2021 18:06:39.783,8191,
29-12-2020 20:21:53.048,11124736,13-09-2021 18:06:39.783,8191,
29-12-2020 20:21:53.048,11124736,13-09-2021 18:06:39.783,8191,
29-12-2020 20:21:53.048,11124736,13-09-2021 18:06:39.783,8191,
29-12-2020 20:21:53.048,11124736,13-09-2021 18:06:39.783,8191,
29-12-2020 20:21:53.048,11124736,13-09-2021 18:06:39.783,8191,
29-12-2020 20:21:53.048,11124736,13-09-2021 18:06:39.783,8191,
29-12-2020 20:21:53.048,11124736,13-09-2021 18:06:39.783,8191,
29-12-2020 20:21:53.048,11124736,13-09-2021 18:06:39.783,8191,
29-12-2020 20:21:53.048,11124736,13-09-2021 18:06:39.783,8191,
29-12-2020 20:21:53.048,11124736,13-09-2021 18:06:39.783,8191,
29-12-2020 20:21:53.048,11124736,13-09-2021 18:06:39.783,8191,
29-12-2020 20:21:53.048,11124736,13-09-2021 18:06:39.783,8191,
29-12-2020 20:21:53.048,11124736,13-09-2021 18:06:39.783,8191,
29-12-2020 20:21:53.048,11124736,13-09-2021 18:06:39.783,8191,
29-12-2020 20:21:53.048,11124736,13-09-2021 18:06:39.783,8191,
29-12-2020 20:21:53.048,11124736,13-09-2021 18:06:39.783,8191,
29-12-2020 20:21:53.048,11124736,13-09-2021 18:06:39.783,8191,
29-12-2020 20:21:53.048,11124736,13-09-2021 18:06:39.783,8191,
29-12-2020 20:21:53.048,11124736,13-09-2021 18:06:39.783,8191,
29-12-2020 20:21:53.048,11124736,13-09-2021 18:06:39.783,8191,
29-12-2020 20:21:53.048,11124736,13-09-2021 18:06:39.783,8191,
29-12-2020 20:21:53.048,11124736,13-09-2021 18:06:39.783,8191,
29-12-2020 20:21:53.048,11124736,13-09-2021 18:06:39.783,8191,
29-12-2020 20:21:53.048,11124736,13-09-2021 18:06:39.783,8191,
29-12-2020 20:21:53.048,11124736,13-09-2021 18:06:39.783,8191,
29-12-2020 20:21:53.048,11124736,13-09-2021 18:06:39.783,8191,
29-12-2020 20:21:53.048,11124736,13-09-2021 18:06:39.783,8191,
29-12-2020 20:21:53.048,11124736,13-09-2021 18:06:39.783,8191,
29-12-2020 20:21:53.048,11124736,13-09-2021 18:06:39.783,8191,
29-12-2020 20:21:53.048,11124736,13-09-2021 18:06:39.783,8191,
29-12-2020 20:21:53.048,11124736,13-09-2021 18:06:39.783,8191,
29-12-2020 20:21:53.048,11124736,13-09-2021 18:06:39.783,8191,
29-12-2020 20:21:53.048,11124736,13-09-2021 18:06:39.783,8191,
29-12-2020 20:21:53.048,11124736,13-09-2021 18:06:39.783,8191,
29-12-2020 20:21:53.048,11124736,13-09-2021 18:06:39.783,8191,
29-12-2020 20:21:53.048,11124736,13-09-2021 18:06:39.783,8191,
29-12-2020 20:21:53.048,11124736,13-09-2021 18:06:39.783,8191,
29-12-2020 20:21:53.048,11124736,13-09-2021 18:06:39.783,8191,
29-12-2020 20:21:53.048,11124736,13-09-2021 18:06:39.783,8191,
29-12-2020 20:21:53.048,11124736,13-09-2021 18:06:39.783,8191,
29-12-2020 20:21:53.048,11124736,13-09-2021 18:06:39.783,8191,
29-12-2020 20:21:53.048,11124736,13-09-2021 18:06:39.783,8191,
29-12-2020 20:21:53.048,11124736,13-09-2021 18:06:39.783,8191,
29-12-2020 20:21:53.048,11124736,13-09-2021 18:06:39.783,8191,
29-12-2020 20:21:53.048,11124736,13-09-2021 18:06:39.783,8191,
29-12-2020 20:21:53.048,11124736,13-09-2021 18:06:39.783,8191,
29-12-2020 20:21:53.048,11124736,13-09-2021 18:06:39.783,8191,
29-12-2020 20:21:53.048,11124736,13-09-2021 18:06:39.783,8191,
29-12-2020 20:21:53.048,11124736,13-09-2021 18:06:39.783,8191,
29-12-2020 20:21:53.048,11124736,13-09-2021 18:06:39.783,8191,
29-12-2020 20:21:53.048,11124736,13-09-2021 18:06:39.783,8191,
29-12-2020 20:21:53.048,11124736,13-09-2021 18:06:39.783,8191,
29-12-2020 20:21:53.048,11124736,13-09-2021 18:06:39.783,8191,
29-12-2020 20:21:53.048,11124736,13-09-2021 18:06:39.783,8191,
29-12-2020 20:21:53.048,11124736,13-09-2021 18:06:39.783,8191,
29-12-2020 20:21:53.048,11124736,13-09-2021 18:06:39.783,8191,
29-12-2020 20:21:53.048,11124736,13-09-2021 18:06:39.783,8191,
29-12-2020 20:21:53.048,11124736,13-09-2021 18:06:39.783,8191,
29-12-2020 20:21:53.048,11124736,13-09-2021 18:06:39.783,8191,
29-12-2020 20:21:53.048,11124736,13-09-2021 18:06:39.783,8191,
29-12-2020 20:21:53.048,11124736,13-09-2021 18:06:39.783,8191,
29-12-2020 20:21:53.048,11124736,13-09-2021 18:06:39.783,8191,
29-12-2020 20:21:53.048,11124736,13-09-2021 18:06:39.783,8191,
29-12-2020 20:21:53.048,11124736,13-09-2021 18:06:39.783,8191,
29-12-2020 20:21:53.048,11124736,13-09-2021 18:06:39.783,8191,
29-12-2020 20:21:53.048,11124736,13-09-2021 18:06:39.783,8191,
29-12-2020 20:21:53.048,11124736,13-09-2021 18:06:39.783,8191,
29-12-2020 20:21:53.048,11124736,13-09-2021 18:06:39.783,8191,
29-12-2020 20:21:53.048,11124736,13-09-2021 18:06:39.783,8191,
29-12-2020 20:21:53.048,11124736,13-09-2021 18:06:39.783,8191,
29-12-2020 20:21:53.048,11124736,13-09-2021 18:06:39.783,8191,
29-12-2020 20:21:53.048,11124736,13-09-2021 18:06:39.783,8191,
29-12-2020 20:21:53.048,11124736,13-09-2021 18:06:39.783,8191,
29-12-2020 20:21:53.048,11124736,13-09-2021 18:06:39.783,8191,
29-12-2020 20:21:53.048,11124736,13-09-2021 18:06:39.783,8191,
29-12-2020 20:21:53.048,11124736,13-09-2021 18:06:39.783,8191,
29-12-2020 20:21:53.048,11124736,13-09-2021 18:06:39.783,8191,
29-12-2020 20:21:53.048,11124736,13-09-2021 18:06:39.783,8191,
29-12-2020 20:21:53.048,11124736,13-09-2021 18:06:39.783,8191,
29-12-2020 20:21:53.048,11124736,13-09-2021 18:06:39.783,8191,
29-12-2020 20:21:53.048,11124736,13-09-2021 18:06:39.783,8191,
29-12-2020 20:21:53.048,11124736,13-09-2021 18:06:39.783,8191,
29-12-2020 20:21:53.048,11124736,13-09-2021 18:06:39.783,8191,
29-12-2020 20:21:53.048,11124736,13-09-2021 18:06:39.783,8191,
29-12-2020 20:21:53.048,11124736,13-09-2021 18:06:39.783,8191,
29-12-2020 20:21:53.048,11124736,13-09-2021 18:06:39.783,8191,
29-12-2020 20:21:53.048,11124736,13-09-2021 18:06:39.783,8191,
29-12-2020 20:21:53.048,11124736,13-09-2021 18:06:39.783,8191,
29-12-2020 20:21:53.048,11124736,13-09-2021 18:06:39.783,8191,
29-12-2020 20:21:53.048,11124736,13-09-2021 18:06:39.783,8191,
29-12-2020 20:21:53.048,11124736,13-09-2021 18:06:39.783,8191,
29-12-2020 20:21:53.048,11124736,13-09-2021 18:06:39.783,8191,
29-12-2020 20:21:53.048,11124736,13-09-2021 18:06:39.783,8191,
29-12-2020 20:21:53.048,11124736,13-09-2021 18:06:39.783,8191,
29-12-2020 20:21:53.048,11124736,13-09-2021 18:06:39.783,8191,
29-12-2020 20:21:53.048,11124736,13-09-2021 18:06:39.783,8191,
29-12-2020 20:21:53.048,11124736,13-09-2021 18:06:39.783,8191,
29-12-2020 20:21:53.048,11124736,13-09-2021 18:06:39.783,8191,
29-12-2020 20:21:53.048,11124736,13-09-2021 18:06:39.783,8191,
29-12-2020 20:21:53.048,11124736,13-09-2021 18:06:39.783,8191,
29-12-2020 20:21:53.048,11124736,13-09-2021 18:06:39.783,8191,
29-12-2020 20:21:53.048,11124736,13-09-2021 18:06:39.783,8191,
29-12-2020 20:21:53.048,11124736,13-09-2021 18:06:39.783,8191,
29-12-2020 20:21:53.048,11124736,13-09-2021 18:06:39.783,8191,
29-12-2020 20:21:53.048,11124736,13-09-2021 18:06:39.783,8191,
29-12-2020 20:21:53.048,11124736,13-09-2021 18:06:39.783,8191,
29-12-2020 20:21:53.048,11124736,13-09-2021 18:06:39.783,8191,
29-12-2020 20:21:53.048,11124736,13-09-2021 18:06:39.783,8191,
29-12-2020 20:21:53.304,11126784,13-09-2021 18:06:39.783,8191,
29-12-2020 20:21:53.304,11126784,13-09-2021 18:06:39.783,8191,
29-12-2020 20:21:53.304,11126784,13-09-2021 18:06:39.783,8191,
29-12-2020 20:21:53.304,11126784,13-09-2021 18:06:39.783,8191,
29-12-2020 20:21:53.304,11126784,13-09-2021 18:06:39.783,8191,
29-12-2020 20:21:53.304,11126784,13-09-2021 18:06:39.783,8191,
29-12-2020 20:21:53.304,11126784,13-09-2021 18:06:39.783,8191,
29-12-2020 20:21:53.304,11126784,13-09-2021 18:06:39.783,8191,
29-12-2020 20:21:53.304,11126784,13-09-2021 18:06:39.783,8191,
29-12-2020 20:21:53.304,11126784,13-09-2021 18:06:39.783,8191,
29-12-2020 20:21:53.304,11126784,13-09-2021 18:06:39.783,8191,
29-12-2020 20:21:53.304,11126784,13-09-2021 18:06:39.783,8191,
29-12-2020 20:21:53.304,11126784,13-09-2021 18:06:39.783,8191,
29-12-2020 20:21:53.304,11126784,13-09-2021 18:06:39.783,8191,
29-12-2020 20:21:53.304,11126784,13-09-2021 18:06:39.783,8191,
29-12-2020 20:21:53.304,11126784,13-09-2021 18:06:39.783,8191,
29-12-2020 20:21:53.304,11126784,13-09-2021 18:06:39.783,8191,
29-12-2020 20:21:53.304,11126784,13-09-2021 18:06:39.783,8191,
29-12-2020 20:21:53.304,11126784,13-09-2021 18:06:39.783,8191,
29-12-2020 20:21:53.304,11126784,13-09-2021 18:06:39.783,8191,
29-12-2020 20:21:53.304,11126784,13-09-2021 18:06:39.783,8191,
29-12-2020 20:21:53.304,11126784,13-09-2021 18:06:39.783,8191,
29-12-2020 20:21:53.304,11126784,13-09-2021 18:06:39.783,8191,
29-12-2020 20:21:53.304,11126784,13-09-2021 18:06:39.783,8191,
29-12-2020 20:21:53.304,11126784,13-09-2021 18:06:39.783,8191,
29-12-2020 20:21:53.304,11126784,13-09-2021 18:06:39.783,8191,
29-12-2020 20:21:53.304,11126784,13-09-2021 18:06:39.783,8191,
29-12-2020 20:21:53.304,11126784,13-09-2021 18:06:39.783,8191,
29-12-2020 20:21:53.304,11126784,13-09-2021 18:06:39.783,8191,
29-12-2020 20:21:53.304,11126784,13-09-2021 18:06:39.783,8191,
29-12-2020 20:21:53.304,11126784,13-09-2021 18:06:39.783,8191,
29-12-2020 20:21:53.304,11126784,13-09-2021 18:06:39.783,8191,
29-12-2020 20:21:53.304,11126784,13-09-2021 18:06:39.783,8191,
29-12-2020 20:21:53.304,11126784,13-09-2021 18:06:39.783,8191,
29-12-2020 20:21:53.304,11126784,13-09-2021 18:06:39.783,8191,
29-12-2020 20:21:53.304,11126784,13-09-2021 18:06:39.783,8191,
29-12-2020 20:21:53.304,11126784,13-09-2021 18:06:39.783,8191,
29-12-2020 20:21:53.304,11126784,13-09-2021 18:06:39.783,8191,
29-12-2020 20:21:53.304,11126784,13-09-2021 18:06:39.783,8191,
29-12-2020 20:21:53.304,11126784,13-09-2021 18:06:39.783,8191,
29-12-2020 20:21:53.304,11126784,13-09-2021 18:06:39.783,8191,
29-12-2020 20:21:53.304,11126784,13-09-2021 18:06:39.783,8191,
29-12-2020 20:21:53.304,11126784,13-09-2021 18:06:39.783,8191,
29-12-2020 20:21:53.304,11126784,13-09-2021 18:06:39.783,8191,
29-12-2020 20:21:53.304,11126784,13-09-2021 18:06:39.783,8191,
29-12-2020 20:21:53.304,11126784,13-09-2021 18:06:39.783,8191,
29-12-2020 20:21:53.304,11126784,13-09-2021 18:06:39.783,8191,
29-12-2020 20:21:53.304,11126784,13-09-2021 18:06:39.783,8191,
29-12-2020 20:21:53.304,11126784,13-09-2021 18:06:39.783,8191,
29-12-2020 20:21:53.304,11126784,13-09-2021 18:06:39.783,8191,
29-12-2020 20:21:53.304,11126784,13-09-2021 18:06:39.783,8191,
29-12-2020 20:21:53.304,11126784,13-09-2021 18:06:39.783,8191,
29-12-2020 20:21:53.304,11126784,13-09-2021 18:06:39.783,8191,
29-12-2020 20:21:53.304,11126784,13-09-2021 18:06:39.783,8191,
29-12-2020 20:21:53.304,11126784,13-09-2021 18:06:39.783,8191,
29-12-2020 20:21:53.304,11126784,13-09-2021 18:06:39.783,8191,
29-12-2020 20:21:53.304,11126784,13-09-2021 18:06:39.783,8191,
29-12-2020 20:21:53.304,11126784,13-09-2021 18:06:39.783,8191,
29-12-2020 20:21:53.304,11126784,13-09-2021 18:06:39.783,8191,
29-12-2020 20:21:53.304,11126784,13-09-2021 18:06:39.783,8191,
29-12-2020 20:21:53.304,11126784,13-09-2021 18:06:39.783,8191,
29-12-2020 20:21:53.304,11126784,13-09-2021 18:06:39.783,8191,
29-12-2020 20:21:53.304,11126784,13-09-2021 18:06:39.783,8191,
29-12-2020 20:21:53.304,11126784,13-09-2021 18:06:39.783,8191,
29-12-2020 20:21:53.304,11126784,13-09-2021 18:06:39.783,8191,
29-12-2020 20:21:53.304,11126784,13-09-2021 18:06:39.783,8191,
29-12-2020 20:21:53.304,11126784,13-09-2021 18:06:39.783,8191,
29-12-2020 20:21:53.304,11126784,13-09-2021 18:06:39.783,8191,
29-12-2020 20:21:53.304,11126784,13-09-2021 18:06:39.783,8191,
29-12-2020 20:21:53.304,11126784,13-09-2021 18:06:39.783,8191,
29-12-2020 20:21:53.304,11126784,13-09-2021 18:06:39.783,8191,
29-12-2020 20:21:53.304,11126784,13-09-2021 18:06:39.783,8191,
29-12-2020 20:21:53.304,11126784,13-09-2021 18:06:39.783,8191,
29-12-2020 20:21:53.304,11126784,13-09-2021 18:06:39.783,8191,
29-12-2020 20:21:53.304,11126784,13-09-2021 18:06:39.783,8191,
29-12-2020 20:21:53.304,11126784,13-09-2021 18:06:39.783,8191,
29-12-2020 20:21:53.304,11126784,13-09-2021 18:06:39.783,8191,
29-12-2020 20:21:53.304,11126784,13-09-2021 18:06:39.783,8191,
29-12-2020 20:21:53.304,11126784,13-09-2021 18:06:39.783,8191,
29-12-2020 20:21:53.304,11126784,13-09-2021 18:06:39.783,8191,
29-12-2020 20:21:53.304,11126784,13-09-2021 18:06:39.783,8191,
29-12-2020 20:21:53.304,11126784,13-09-2021 18:06:39.783,8191,
29-12-2020 20:21:53.304,11126784,13-09-2021 18:06:39.783,8191,
29-12-2020 20:21:53.304,11126784,13-09-2021 18:06:39.783,8191,
29-12-2020 20:21:53.304,11126784,13-09-2021 18:06:39.783,8191,
29-12-2020 20:21:53.304,11126784,13-09-2021 18:06:39.783,8191,
29-12-2020 20:21:53.304,11126784,13-09-2021 18:06:39.783,8191,
29-12-2020 20:21:53.304,11126784,13-09-2021 18:06:39.783,8191,
29-12-2020 20:21:53.304,11126784,13-09-2021 18:06:39.783,8191,
29-12-2020 20:21:53.304,11126784,13-09-2021 18:06:39.783,8191,
29-12-2020 20:21:53.304,11126784,13-09-2021 18:06:39.783,8191,
29-12-2020 20:21:53.304,11126784,13-09-2021 18:06:39.783,8191,
29-12-2020 20:21:53.304,11126784,13-09-2021 18:06:39.783,8191,
29-12-2020 20:21:53.304,11126784,13-09-2021 18:06:39.783,8191,
29-12-2020 20:21:53.304,11126784,13-09-2021 18:06:39.783,8191,
29-12-2020 20:21:53.304,11126784,13-09-2021 18:06:39.783,8191,
29-12-2020 20:21:53.304,11126784,13-09-2021 18:06:39.783,8191,
29-12-2020 20:21:53.304,11126784,13-09-2021 18:06:39.783,8191,
29-12-2020 20:21:53.304,11126784,13-09-2021 18:06:39.783,8191,
29-12-2020 20:21:53.304,11126784,13-09-2021 18:06:39.783,8191,
29-12-2020 20:21:53.304,11126784,13-09-2021 18:06:39.783,8191,
29-12-2020 20:21:53.304,11126784,13-09-2021 18:06:39.783,8191,
29-12-2020 20:21:53.304,11126784,13-09-2021 18:06:39.783,8191,
29-12-2020 20:21:53.304,11126784,13-09-2021 18:06:39.783,8191,
29-12-2020 20:21:53.304,11126784,13-09-2021 18:06:39.783,8191,
29-12-2020 20:21:53.304,11126784,13-09-2021 18:06:39.783,8191,
29-12-2020 20:21:53.304,11126784,13-09-2021 18:06:39.783,8191,
29-12-2020 20:21:53.304,11126784,13-09-2021 18:06:39.783,8191,
29-12-2020 20:21:53.304,11126784,13-09-2021 18:06:39.783,8191,
29-12-2020 20:21:53.304,11126784,13-09-2021 18:06:39.783,8191,
29-12-2020 20:21:53.304,11126784,13-09-2021 18:06:39.783,8191,
29-12-2020 20:21:53.304,11126784,13-09-2021 18:06:39.783,8191,
29-12-2020 20:21:53.304,11126784,13-09-2021 18:06:39.783,8191,
29-12-2020 20:21:53.304,11126784,13-09-2021 18:06:39.783,8191,
29-12-2020 20:21:53.304,11126784,13-09-2021 18:06:39.783,8191,
29-12-2020 20:21:53.304,11126784,13-09-2021 18:06:39.783,8191,
29-12-2020 20:21:53.304,11126784,13-09-2021 18:06:39.783,8191,
29-12-2020 20:21:53.304,11126784,13-09-2021 18:06:39.783,8191,
29-12-2020 20:21:53.304,11126784,13-09-2021 18:06:39.783,8191,
29-12-2020 20:21:53.304,11126784,13-09-2021 18:06:39.783,8191,
29-12-2020 20:21:53.304,11126784,13-09-2021 18:06:39.783,8191,
29-12-2020 20:21:53.304,11126784,13-09-2021 18:06:39.783,8191,
29-12-2020 20:21:53.304,11126784,13-09-2021 18:06:39.783,8191,
29-12-2020 20:21:53.304,11126784,13-09-2021 18:06:39.783,8191,
29-12-2020 20:21:53.304,11126784,13-09-2021 18:06:39.783,8191,
29-12-2020 20:21:53.304,11126784,13-09-2021 18:06:39.783,8191,
29-12-2020 20:21:53.304,11126784,13-09-2021 18:06:39.783,8191,
29-12-2020 20:21:53.304,11126784,13-09-2021 18:06:39.783,8191,
29-12-2020 20:21:53.560,11128832,13-09-2021 18:06:40.798,8191,
29-12-2020 20:21:53.560,11128832,13-09-2021 18:06:40.798,8191,
29-12-2020 20:21:53.560,11128832,13-09-2021 18:06:40.798,8191,
29-12-2020 20:21:53.560,11128832,13-09-2021 18:06:40.798,8191,
29-12-2020 20:21:53.560,11128832,13-09-2021 18:06:40.798,8191,
29-12-2020 20:21:53.560,11128832,13-09-2021 18:06:40.798,8191,
29-12-2020 20:21:53.560,11128832,13-09-2021 18:06:40.798,8191,
29-12-2020 20:21:53.560,11128832,13-09-2021 18:06:40.798,8191,
29-12-2020 20:21:53.560,11128832,13-09-2021 18:06:40.798,8191,
29-12-2020 20:21:53.560,11128832,13-09-2021 18:06:40.798,8191,
29-12-2020 20:21:53.560,11128832,13-09-2021 18:06:40.798,8191,
29-12-2020 20:21:53.560,11128832,13-09-2021 18:06:40.798,8191,
29-12-2020 20:21:53.560,11128832,13-09-2021 18:06:40.798,8191,
29-12-2020 20:21:53.560,11128832,13-09-2021 18:06:40.798,8191,
29-12-2020 20:21:53.560,11128832,13-09-2021 18:06:40.798,8191,
29-12-2020 20:21:53.560,11128832,13-09-2021 18:06:40.798,8191,
29-12-2020 20:21:53.560,11128832,13-09-2021 18:06:40.798,8191,
29-12-2020 20:21:53.560,11128832,13-09-2021 18:06:40.798,8191,
29-12-2020 20:21:53.560,11128832,13-09-2021 18:06:40.798,8191,
29-12-2020 20:21:53.560,11128832,13-09-2021 18:06:40.798,8191,
29-12-2020 20:21:53.560,11128832,13-09-2021 18:06:40.798,8191,
29-12-2020 20:21:53.560,11128832,13-09-2021 18:06:40.798,8191,
29-12-2020 20:21:53.560,11128832,13-09-2021 18:06:40.798,8191,
29-12-2020 20:21:53.560,11128832,13-09-2021 18:06:40.798,8191,
29-12-2020 20:21:53.560,11128832,13-09-2021 18:06:40.798,8191,
29-12-2020 20:21:53.560,11128832,13-09-2021 18:06:40.798,8191,
29-12-2020 20:21:53.560,11128832,13-09-2021 18:06:40.798,8191,
29-12-2020 20:21:53.560,11128832,13-09-2021 18:06:40.798,8191,
29-12-2020 20:21:53.560,11128832,13-09-2021 18:06:40.798,8191,
29-12-2020 20:21:53.560,11128832,13-09-2021 18:06:40.798,8191,
29-12-2020 20:21:53.560,11128832,13-09-2021 18:06:40.798,8191,
29-12-2020 20:21:53.560,11128832,13-09-2021 18:06:40.798,8191,
29-12-2020 20:21:53.560,11128832,13-09-2021 18:06:40.798,8191,
29-12-2020 20:21:53.560,11128832,13-09-2021 18:06:40.798,8191,
29-12-2020 20:21:53.560,11128832,13-09-2021 18:06:40.798,8191,
29-12-2020 20:21:53.560,11128832,13-09-2021 18:06:40.798,8191,
29-12-2020 20:21:53.560,11128832,13-09-2021 18:06:40.798,8191,
29-12-2020 20:21:53.560,11128832,13-09-2021 18:06:40.798,8191,
29-12-2020 20:21:53.560,11128832,13-09-2021 18:06:40.798,8191,
29-12-2020 20:21:53.560,11128832,13-09-2021 18:06:40.798,8191,
29-12-2020 20:21:53.560,11128832,13-09-2021 18:06:40.798,8191,
29-12-2020 20:21:53.560,11128832,13-09-2021 18:06:40.798,8191,
29-12-2020 20:21:53.560,11128832,13-09-2021 18:06:40.798,8191,
29-12-2020 20:21:53.560,11128832,13-09-2021 18:06:40.798,8191,
29-12-2020 20:21:53.560,11128832,13-09-2021 18:06:40.798,8191,
29-12-2020 20:21:53.560,11128832,13-09-2021 18:06:40.798,8191,
29-12-2020 20:21:53.560,11128832,13-09-2021 18:06:40.798,8191,
29-12-2020 20:21:53.560,11128832,13-09-2021 18:06:40.798,8191,
29-12-2020 20:21:53.560,11128832,13-09-2021 18:06:40.798,8191,
29-12-2020 20:21:53.560,11128832,13-09-2021 18:06:40.798,8191,
29-12-2020 20:21:53.560,11128832,13-09-2021 18:06:40.798,8191,
29-12-2020 20:21:53.560,11128832,13-09-2021 18:06:40.798,8191,
29-12-2020 20:21:53.560,11128832,13-09-2021 18:06:40.798,8191,
29-12-2020 20:21:53.560,11128832,13-09-2021 18:06:40.798,8191,
29-12-2020 20:21:53.560,11128832,13-09-2021 18:06:40.798,8191,
29-12-2020 20:21:53.560,11128832,13-09-2021 18:06:40.798,8191,
29-12-2020 20:21:53.560,11128832,13-09-2021 18:06:40.798,8191,
29-12-2020 20:21:53.560,11128832,13-09-2021 18:06:40.798,8191,
29-12-2020 20:21:53.560,11128832,13-09-2021 18:06:40.798,8191,
29-12-2020 20:21:53.560,11128832,13-09-2021 18:06:40.798,8191,
29-12-2020 20:21:53.560,11128832,13-09-2021 18:06:40.798,8191,
29-12-2020 20:21:53.560,11128832,13-09-2021 18:06:40.798,8191,
29-12-2020 20:21:53.560,11128832,13-09-2021 18:06:40.798,8191,
29-12-2020 20:21:53.560,11128832,13-09-2021 18:06:40.798,8191,
29-12-2020 20:21:53.560,11128832,13-09-2021 18:06:40.798,8191,
29-12-2020 20:21:53.560,11128832,13-09-2021 18:06:40.798,8191,
29-12-2020 20:21:53.560,11128832,13-09-2021 18:06:40.798,8191,
29-12-2020 20:21:53.560,11128832,13-09-2021 18:06:40.798,8191,
29-12-2020 20:21:53.560,11128832,13-09-2021 18:06:40.798,8191,
29-12-2020 20:21:53.560,11128832,13-09-2021 18:06:40.798,8191,
29-12-2020 20:21:53.560,11128832,13-09-2021 18:06:40.798,8191,
29-12-2020 20:21:53.560,11128832,13-09-2021 18:06:40.798,8191,
29-12-2020 20:21:53.560,11128832,13-09-2021 18:06:40.798,8191,
29-12-2020 20:21:53.560,11128832,13-09-2021 18:06:40.798,8191,
29-12-2020 20:21:53.560,11128832,13-09-2021 18:06:40.798,8191,
29-12-2020 20:21:53.560,11128832,13-09-2021 18:06:40.798,8191,
29-12-2020 20:21:53.560,11128832,13-09-2021 18:06:40.798,8191,
29-12-2020 20:21:53.560,11128832,13-09-2021 18:06:40.798,8191,
29-12-2020 20:21:53.560,11128832,13-09-2021 18:06:40.798,8191,
29-12-2020 20:21:53.560,11128832,13-09-2021 18:06:40.798,8191,
29-12-2020 20:21:53.560,11128832,13-09-2021 18:06:40.798,8191,
29-12-2020 20:21:53.560,11128832,13-09-2021 18:06:40.798,8191,
29-12-2020 20:21:53.560,11128832,13-09-2021 18:06:40.798,8191,
29-12-2020 20:21:53.560,11128832,13-09-2021 18:06:40.798,8191,
29-12-2020 20:21:53.560,11128832,13-09-2021 18:06:40.798,8191,
29-12-2020 20:21:53.560,11128832,13-09-2021 18:06:40.798,8191,
29-12-2020 20:21:53.560,11128832,13-09-2021 18:06:40.798,8191,
29-12-2020 20:21:53.560,11128832,13-09-2021 18:06:40.798,8191,
29-12-2020 20:21:53.560,11128832,13-09-2021 18:06:40.798,8191,
29-12-2020 20:21:53.560,11128832,13-09-2021 18:06:40.798,8191,
29-12-2020 20:21:53.560,11128832,13-09-2021 18:06:40.798,8191,
29-12-2020 20:21:53.560,11128832,13-09-2021 18:06:40.798,8191,
29-12-2020 20:21:53.560,11128832,13-09-2021 18:06:40.798,8191,
29-12-2020 20:21:53.560,11128832,13-09-2021 18:06:40.798,8191,
29-12-2020 20:21:53.560,11128832,13-09-2021 18:06:40.798,8191,
29-12-2020 20:21:53.560,11128832,13-09-2021 18:06:40.798,8191,
29-12-2020 20:21:53.560,11128832,13-09-2021 18:06:40.798,8191,
29-12-2020 20:21:53.560,11128832,13-09-2021 18:06:40.798,8191,
29-12-2020 20:21:53.560,11128832,13-09-2021 18:06:40.798,8191,
29-12-2020 20:21:53.560,11128832,13-09-2021 18:06:40.798,8191,
29-12-2020 20:21:53.560,11128832,13-09-2021 18:06:40.798,8191,
29-12-2020 20:21:53.560,11128832,13-09-2021 18:06:40.798,8191,
29-12-2020 20:21:53.560,11128832,13-09-2021 18:06:40.798,8191,
29-12-2020 20:21:53.560,11128832,13-09-2021 18:06:40.798,8191,
29-12-2020 20:21:53.560,11128832,13-09-2021 18:06:40.798,8191,
29-12-2020 20:21:53.560,11128832,13-09-2021 18:06:40.798,8191,
29-12-2020 20:21:53.560,11128832,13-09-2021 18:06:40.798,8191,
29-12-2020 20:21:53.560,11128832,13-09-2021 18:06:40.798,8191,
29-12-2020 20:21:53.560,11128832,13-09-2021 18:06:40.798,8191,
29-12-2020 20:21:53.560,11128832,13-09-2021 18:06:40.798,8191,
29-12-2020 20:21:53.560,11128832,13-09-2021 18:06:40.798,8191,
29-12-2020 20:21:53.560,11128832,13-09-2021 18:06:40.798,8191,
29-12-2020 20:21:53.560,11128832,13-09-2021 18:06:40.798,8191,
29-12-2020 20:21:53.560,11128832,13-09-2021 18:06:40.798,8191,
29-12-2020 20:21:53.560,11128832,13-09-2021 18:06:40.798,8191,
29-12-2020 20:21:53.560,11128832,13-09-2021 18:06:40.798,8191,
29-12-2020 20:21:53.560,11128832,13-09-2021 18:06:40.798,8191,
29-12-2020 20:21:53.560,11128832,13-09-2021 18:06:40.798,8191,
29-12-2020 20:21:53.560,11128832,13-09-2021 18:06:40.798,8191,
29-12-2020 20:21:53.560,11128832,13-09-2021 18:06:40.798,8191,
29-12-2020 20:21:53.560,11128832,13-09-2021 18:06:40.798,8191,
29-12-2020 20:21:53.560,11128832,13-09-2021 18:06:40.798,8191,
29-12-2020 20:21:53.560,11128832,13-09-2021 18:06:40.798,8191,
29-12-2020 20:21:53.560,11128832,13-09-2021 18:06:40.798,8191,
29-12-2020 20:21:53.560,11128832,13-09-2021 18:06:40.798,8191,
29-12-2020 20:21:53.560,11128832,13-09-2021 18:06:40.798,8191,
29-12-2020 20:21:53.560,11128832,13-09-2021 18:06:40.798,8191,
29-12-2020 20:21:53.560,11128832,13-09-2021 18:06:40.798,8191,
29-12-2020 20:21:53.816,11130880,13-09-2021 18:06:40.798,8191,
29-12-2020 20:21:53.816,11130880,13-09-2021 18:06:40.798,8191,
29-12-2020 20:21:53.816,11130880,13-09-2021 18:06:40.798,8191,
29-12-2020 20:21:53.816,11130880,13-09-2021 18:06:40.798,8191,
29-12-2020 20:21:53.816,11130880,13-09-2021 18:06:40.798,8191,
29-12-2020 20:21:53.816,11130880,13-09-2021 18:06:40.798,8191,
29-12-2020 20:21:53.816,11130880,13-09-2021 18:06:40.798,8191,
29-12-2020 20:21:53.816,11130880,13-09-2021 18:06:40.798,8191,
29-12-2020 20:21:53.816,11130880,13-09-2021 18:06:40.798,8191,
29-12-2020 20:21:53.816,11130880,13-09-2021 18:06:40.798,8191,
29-12-2020 20:21:53.816,11130880,13-09-2021 18:06:40.798,8191,
29-12-2020 20:21:53.816,11130880,13-09-2021 18:06:40.798,8191,
29-12-2020 20:21:53.816,11130880,13-09-2021 18:06:40.798,8191,
29-12-2020 20:21:53.816,11130880,13-09-2021 18:06:40.798,8191,
29-12-2020 20:21:53.816,11130880,13-09-2021 18:06:40.798,8191,
29-12-2020 20:21:53.816,11130880,13-09-2021 18:06:40.798,8191,
29-12-2020 20:21:53.816,11130880,13-09-2021 18:06:40.798,8191,
29-12-2020 20:21:53.816,11130880,13-09-2021 18:06:40.798,8191,
29-12-2020 20:21:53.816,11130880,13-09-2021 18:06:40.798,8191,
29-12-2020 20:21:53.816,11130880,13-09-2021 18:06:40.798,8191,
29-12-2020 20:21:53.816,11130880,13-09-2021 18:06:40.798,8191,
29-12-2020 20:21:53.816,11130880,13-09-2021 18:06:40.798,8191,
29-12-2020 20:21:53.816,11130880,13-09-2021 18:06:40.798,8191,
29-12-2020 20:21:53.816,11130880,13-09-2021 18:06:40.798,8191,
29-12-2020 20:21:53.816,11130880,13-09-2021 18:06:40.798,8191,
29-12-2020 20:21:53.816,11130880,13-09-2021 18:06:40.798,8191,
29-12-2020 20:21:53.816,11130880,13-09-2021 18:06:40.798,8191,
29-12-2020 20:21:53.816,11130880,13-09-2021 18:06:40.798,8191,
29-12-2020 20:21:53.816,11130880,13-09-2021 18:06:40.798,8191,
29-12-2020 20:21:53.816,11130880,13-09-2021 18:06:40.798,8191,
29-12-2020 20:21:53.816,11130880,13-09-2021 18:06:40.798,8191,
29-12-2020 20:21:53.816,11130880,13-09-2021 18:06:40.798,8191,
29-12-2020 20:21:53.816,11130880,13-09-2021 18:06:40.798,8191,
29-12-2020 20:21:53.816,11130880,13-09-2021 18:06:40.798,8191,
29-12-2020 20:21:53.816,11130880,13-09-2021 18:06:40.798,8191,
29-12-2020 20:21:53.816,11130880,13-09-2021 18:06:40.798,8191,
29-12-2020 20:21:53.816,11130880,13-09-2021 18:06:40.798,8191,
29-12-2020 20:21:53.816,11130880,13-09-2021 18:06:40.798,8191,
29-12-2020 20:21:53.816,11130880,13-09-2021 18:06:40.798,8191,
29-12-2020 20:21:53.816,11130880,13-09-2021 18:06:40.798,8191,
29-12-2020 20:21:53.816,11130880,13-09-2021 18:06:40.798,8191,
29-12-2020 20:21:53.816,11130880,13-09-2021 18:06:40.798,8191,
29-12-2020 20:21:53.816,11130880,13-09-2021 18:06:40.798,8191,
29-12-2020 20:21:53.816,11130880,13-09-2021 18:06:40.798,8191,
29-12-2020 20:21:53.816,11130880,13-09-2021 18:06:40.798,8191,
29-12-2020 20:21:53.816,11130880,13-09-2021 18:06:40.798,8191,
29-12-2020 20:21:53.816,11130880,13-09-2021 18:06:40.798,8191,
29-12-2020 20:21:53.816,11130880,13-09-2021 18:06:40.798,8191,
29-12-2020 20:21:53.816,11130880,13-09-2021 18:06:40.798,8191,
29-12-2020 20:21:53.816,11130880,13-09-2021 18:06:40.798,8191,
29-12-2020 20:21:53.816,11130880,13-09-2021 18:06:40.798,8191,
29-12-2020 20:21:53.816,11130880,13-09-2021 18:06:40.798,8191,
29-12-2020 20:21:53.816,11130880,13-09-2021 18:06:40.798,8191,
29-12-2020 20:21:53.816,11130880,13-09-2021 18:06:40.798,8191,
29-12-2020 20:21:53.816,11130880,13-09-2021 18:06:40.798,8191,
29-12-2020 20:21:53.816,11130880,13-09-2021 18:06:40.798,8191,
29-12-2020 20:21:53.816,11130880,13-09-2021 18:06:40.798,8191,
29-12-2020 20:21:53.816,11130880,13-09-2021 18:06:40.798,8191,
29-12-2020 20:21:53.816,11130880,13-09-2021 18:06:40.798,8191,
29-12-2020 20:21:53.816,11130880,13-09-2021 18:06:40.798,8191,
29-12-2020 20:21:53.816,11130880,13-09-2021 18:06:40.798,8191,
29-12-2020 20:21:53.816,11130880,13-09-2021 18:06:40.798,8191,
29-12-2020 20:21:53.816,11130880,13-09-2021 18:06:40.798,8191,
29-12-2020 20:21:53.816,11130880,13-09-2021 18:06:40.798,8191,
29-12-2020 20:21:53.816,11130880,13-09-2021 18:06:40.798,8191,
29-12-2020 20:21:53.816,11130880,13-09-2021 18:06:40.798,8191,
29-12-2020 20:21:53.816,11130880,13-09-2021 18:06:40.798,8191,
29-12-2020 20:21:53.816,11130880,13-09-2021 18:06:40.798,8191,
29-12-2020 20:21:53.816,11130880,13-09-2021 18:06:40.798,8191,
29-12-2020 20:21:53.816,11130880,13-09-2021 18:06:40.798,8191,
29-12-2020 20:21:53.816,11130880,13-09-2021 18:06:40.798,8191,
29-12-2020 20:21:53.816,11130880,13-09-2021 18:06:40.798,8191,
29-12-2020 20:21:53.816,11130880,13-09-2021 18:06:40.798,8191,
29-12-2020 20:21:53.816,11130880,13-09-2021 18:06:40.798,8191,
29-12-2020 20:21:53.816,11130880,13-09-2021 18:06:40.798,8191,
29-12-2020 20:21:53.816,11130880,13-09-2021 18:06:40.798,8191,
29-12-2020 20:21:53.816,11130880,13-09-2021 18:06:40.798,8191,
29-12-2020 20:21:53.816,11130880,13-09-2021 18:06:40.798,8191,
29-12-2020 20:21:53.816,11130880,13-09-2021 18:06:40.798,8191,
29-12-2020 20:21:53.816,11130880,13-09-2021 18:06:40.798,8191,
29-12-2020 20:21:53.816,11130880,13-09-2021 18:06:40.798,8191,
29-12-2020 20:21:53.816,11130880,13-09-2021 18:06:40.798,8191,
29-12-2020 20:21:53.816,11130880,13-09-2021 18:06:40.798,8191,
29-12-2020 20:21:53.816,11130880,13-09-2021 18:06:40.798,8191,
29-12-2020 20:21:53.816,11130880,13-09-2021 18:06:40.798,8191,
29-12-2020 20:21:53.816,11130880,13-09-2021 18:06:40.798,8191,
29-12-2020 20:21:53.816,11130880,13-09-2021 18:06:40.798,8191,
29-12-2020 20:21:53.816,11130880,13-09-2021 18:06:40.798,8191,
29-12-2020 20:21:53.816,11130880,13-09-2021 18:06:40.798,8191,
29-12-2020 20:21:53.816,11130880,13-09-2021 18:06:40.798,8191,
29-12-2020 20:21:53.816,11130880,13-09-2021 18:06:40.798,8191,
29-12-2020 20:21:53.816,11130880,13-09-2021 18:06:40.798,8191,
29-12-2020 20:21:53.816,11130880,13-09-2021 18:06:40.798,8191,
29-12-2020 20:21:53.816,11130880,13-09-2021 18:06:40.798,8191,
29-12-2020 20:21:53.816,11130880,13-09-2021 18:06:40.798,8191,
29-12-2020 20:21:53.816,11130880,13-09-2021 18:06:40.798,8191,
29-12-2020 20:21:53.816,11130880,13-09-2021 18:06:40.798,8191,
29-12-2020 20:21:53.816,11130880,13-09-2021 18:06:40.798,8191,
29-12-2020 20:21:53.816,11130880,13-09-2021 18:06:40.798,8191,
29-12-2020 20:21:53.816,11130880,13-09-2021 18:06:40.798,8191,
29-12-2020 20:21:53.816,11130880,13-09-2021 18:06:40.798,8191,
29-12-2020 20:21:53.816,11130880,13-09-2021 18:06:40.798,8191,
29-12-2020 20:21:53.816,11130880,13-09-2021 18:06:40.798,8191,
29-12-2020 20:21:53.816,11130880,13-09-2021 18:06:40.798,8191,
29-12-2020 20:21:53.816,11130880,13-09-2021 18:06:40.798,8191,
29-12-2020 20:21:53.816,11130880,13-09-2021 18:06:40.798,8191,
29-12-2020 20:21:53.816,11130880,13-09-2021 18:06:40.798,8191,
29-12-2020 20:21:53.816,11130880,13-09-2021 18:06:40.798,8191,
29-12-2020 20:21:53.816,11130880,13-09-2021 18:06:40.798,8191,
29-12-2020 20:21:53.816,11130880,13-09-2021 18:06:40.798,8191,
29-12-2020 20:21:53.816,11130880,13-09-2021 18:06:40.798,8191,
29-12-2020 20:21:53.816,11130880,13-09-2021 18:06:40.798,8191,
29-12-2020 20:21:53.816,11130880,13-09-2021 18:06:40.798,8191,
29-12-2020 20:21:53.816,11130880,13-09-2021 18:06:40.798,8191,
29-12-2020 20:21:53.816,11130880,13-09-2021 18:06:40.798,8191,
29-12-2020 20:21:53.816,11130880,13-09-2021 18:06:40.798,8191,
29-12-2020 20:21:53.816,11130880,13-09-2021 18:06:40.798,8191,
29-12-2020 20:21:53.816,11130880,13-09-2021 18:06:40.798,8191,
29-12-2020 20:21:53.816,11130880,13-09-2021 18:06:40.798,8191,
29-12-2020 20:21:53.816,11130880,13-09-2021 18:06:40.798,8191,
29-12-2020 20:21:53.816,11130880,13-09-2021 18:06:40.798,8191,
29-12-2020 20:21:53.816,11130880,13-09-2021 18:06:40.798,8191,
29-12-2020 20:21:53.816,11130880,13-09-2021 18:06:40.798,8191,
29-12-2020 20:21:53.816,11130880,13-09-2021 18:06:40.798,8191,
29-12-2020 20:21:53.816,11130880,13-09-2021 18:06:40.798,8191,
29-12-2020 20:21:53.816,11130880,13-09-2021 18:06:40.798,8191,
29-12-2020 20:21:53.816,11130880,13-09-2021 18:06:40.798,8191,
29-12-2020 20:21:53.816,11130880,13-09-2021 18:06:40.798,8191,
29-12-2020 20:21:54.072,11132928,13-09-2021 18:06:40.798,8191,
29-12-2020 20:21:54.072,11132928,13-09-2021 18:06:40.798,8191,
29-12-2020 20:21:54.072,11132928,13-09-2021 18:06:40.798,8191,
29-12-2020 20:21:54.072,11132928,13-09-2021 18:06:40.798,8191,
29-12-2020 20:21:54.072,11132928,13-09-2021 18:06:40.798,8191,
29-12-2020 20:21:54.072,11132928,13-09-2021 18:06:40.798,8191,
29-12-2020 20:21:54.072,11132928,13-09-2021 18:06:40.798,8191,
29-12-2020 20:21:54.072,11132928,13-09-2021 18:06:40.798,8191,
29-12-2020 20:21:54.072,11132928,13-09-2021 18:06:40.798,8191,
29-12-2020 20:21:54.072,11132928,13-09-2021 18:06:40.798,8191,
29-12-2020 20:21:54.072,11132928,13-09-2021 18:06:40.798,8191,
29-12-2020 20:21:54.072,11132928,13-09-2021 18:06:40.798,8191,
29-12-2020 20:21:54.072,11132928,13-09-2021 18:06:40.798,8191,
29-12-2020 20:21:54.072,11132928,13-09-2021 18:06:40.798,8191,
29-12-2020 20:21:54.072,11132928,13-09-2021 18:06:40.798,8191,
29-12-2020 20:21:54.072,11132928,13-09-2021 18:06:40.798,8191,
29-12-2020 20:21:54.072,11132928,13-09-2021 18:06:40.798,8191,
29-12-2020 20:21:54.072,11132928,13-09-2021 18:06:40.798,8191,
29-12-2020 20:21:54.072,11132928,13-09-2021 18:06:40.798,8191,
29-12-2020 20:21:54.072,11132928,13-09-2021 18:06:40.798,8191,
29-12-2020 20:21:54.072,11132928,13-09-2021 18:06:40.798,8191,
29-12-2020 20:21:54.072,11132928,13-09-2021 18:06:40.798,8191,
29-12-2020 20:21:54.072,11132928,13-09-2021 18:06:40.798,8191,
29-12-2020 20:21:54.072,11132928,13-09-2021 18:06:40.798,8191,
29-12-2020 20:21:54.072,11132928,13-09-2021 18:06:40.798,8191,
29-12-2020 20:21:54.072,11132928,13-09-2021 18:06:40.798,8191,
29-12-2020 20:21:54.072,11132928,13-09-2021 18:06:40.798,8191,
29-12-2020 20:21:54.072,11132928,13-09-2021 18:06:40.798,8191,
29-12-2020 20:21:54.072,11132928,13-09-2021 18:06:40.798,8191,
29-12-2020 20:21:54.072,11132928,13-09-2021 18:06:40.798,8191,
29-12-2020 20:21:54.072,11132928,13-09-2021 18:06:40.798,8191,
29-12-2020 20:21:54.072,11132928,13-09-2021 18:06:40.798,8191,
29-12-2020 20:21:54.072,11132928,13-09-2021 18:06:40.798,8191,
29-12-2020 20:21:54.072,11132928,13-09-2021 18:06:40.798,8191,
29-12-2020 20:21:54.072,11132928,13-09-2021 18:06:40.798,8191,
29-12-2020 20:21:54.072,11132928,13-09-2021 18:06:40.798,8191,
29-12-2020 20:21:54.072,11132928,13-09-2021 18:06:40.798,8191,
29-12-2020 20:21:54.072,11132928,13-09-2021 18:06:40.798,8191,
29-12-2020 20:21:54.072,11132928,13-09-2021 18:06:40.798,8191,
29-12-2020 20:21:54.072,11132928,13-09-2021 18:06:40.798,8191,
29-12-2020 20:21:54.072,11132928,13-09-2021 18:06:40.798,8191,
29-12-2020 20:21:54.072,11132928,13-09-2021 18:06:40.798,8191,
29-12-2020 20:21:54.072,11132928,13-09-2021 18:06:40.798,8191,
29-12-2020 20:21:54.072,11132928,13-09-2021 18:06:40.798,8191,
29-12-2020 20:21:54.072,11132928,13-09-2021 18:06:40.798,8191,
29-12-2020 20:21:54.072,11132928,13-09-2021 18:06:40.798,8191,
29-12-2020 20:21:54.072,11132928,13-09-2021 18:06:40.798,8191,
29-12-2020 20:21:54.072,11132928,13-09-2021 18:06:40.798,8191,
29-12-2020 20:21:54.072,11132928,13-09-2021 18:06:40.798,8191,
29-12-2020 20:21:54.072,11132928,13-09-2021 18:06:40.798,8191,
29-12-2020 20:21:54.072,11132928,13-09-2021 18:06:40.798,8191,
29-12-2020 20:21:54.072,11132928,13-09-2021 18:06:40.798,8191,
29-12-2020 20:21:54.072,11132928,13-09-2021 18:06:40.798,8191,
29-12-2020 20:21:54.072,11132928,13-09-2021 18:06:40.798,8191,
29-12-2020 20:21:54.072,11132928,13-09-2021 18:06:40.798,8191,
29-12-2020 20:21:54.072,11132928,13-09-2021 18:06:40.798,8191,
29-12-2020 20:21:54.072,11132928,13-09-2021 18:06:40.798,8191,
29-12-2020 20:21:54.072,11132928,13-09-2021 18:06:40.798,8191,
29-12-2020 20:21:54.072,11132928,13-09-2021 18:06:40.798,8191,
29-12-2020 20:21:54.072,11132928,13-09-2021 18:06:40.798,8191,
29-12-2020 20:21:54.072,11132928,13-09-2021 18:06:40.798,8191,
29-12-2020 20:21:54.072,11132928,13-09-2021 18:06:40.798,8191,
29-12-2020 20:21:54.072,11132928,13-09-2021 18:06:40.798,8191,
29-12-2020 20:21:54.072,11132928,13-09-2021 18:06:40.798,8191,
29-12-2020 20:21:54.072,11132928,13-09-2021 18:06:40.798,8191,
29-12-2020 20:21:54.072,11132928,13-09-2021 18:06:40.798,8191,
29-12-2020 20:21:54.072,11132928,13-09-2021 18:06:40.798,8191,
29-12-2020 20:21:54.072,11132928,13-09-2021 18:06:40.798,8191,
29-12-2020 20:21:54.072,11132928,13-09-2021 18:06:40.798,8191,
29-12-2020 20:21:54.072,11132928,13-09-2021 18:06:40.798,8191,
29-12-2020 20:21:54.072,11132928,13-09-2021 18:06:40.798,8191,
29-12-2020 20:21:54.072,11132928,13-09-2021 18:06:40.798,8191,
29-12-2020 20:21:54.072,11132928,13-09-2021 18:06:40.798,8191,
29-12-2020 20:21:54.072,11132928,13-09-2021 18:06:40.798,8191,
29-12-2020 20:21:54.072,11132928,13-09-2021 18:06:40.798,8191,
29-12-2020 20:21:54.072,11132928,13-09-2021 18:06:40.798,8191,
29-12-2020 20:21:54.072,11132928,13-09-2021 18:06:40.798,8191,
29-12-2020 20:21:54.072,11132928,13-09-2021 18:06:40.798,8191,
29-12-2020 20:21:54.072,11132928,13-09-2021 18:06:40.798,8191,
29-12-2020 20:21:54.072,11132928,13-09-2021 18:06:40.798,8191,
29-12-2020 20:21:54.072,11132928,13-09-2021 18:06:40.798,8191,
29-12-2020 20:21:54.072,11132928,13-09-2021 18:06:40.798,8191,
29-12-2020 20:21:54.072,11132928,13-09-2021 18:06:40.798,8191,
29-12-2020 20:21:54.072,11132928,13-09-2021 18:06:40.798,8191,
29-12-2020 20:21:54.072,11132928,13-09-2021 18:06:40.798,8191,
29-12-2020 20:21:54.072,11132928,13-09-2021 18:06:40.798,8191,
29-12-2020 20:21:54.072,11132928,13-09-2021 18:06:40.798,8191,
29-12-2020 20:21:54.072,11132928,13-09-2021 18:06:40.798,8191,
29-12-2020 20:21:54.072,11132928,13-09-2021 18:06:40.798,8191,
29-12-2020 20:21:54.072,11132928,13-09-2021 18:06:40.798,8191,
29-12-2020 20:21:54.072,11132928,13-09-2021 18:06:40.798,8191,
29-12-2020 20:21:54.072,11132928,13-09-2021 18:06:40.798,8191,
29-12-2020 20:21:54.072,11132928,13-09-2021 18:06:40.798,8191,
29-12-2020 20:21:54.072,11132928,13-09-2021 18:06:40.798,8191,
29-12-2020 20:21:54.072,11132928,13-09-2021 18:06:40.798,8191,
29-12-2020 20:21:54.072,11132928,13-09-2021 18:06:40.798,8191,
29-12-2020 20:21:54.072,11132928,13-09-2021 18:06:40.798,8191,
29-12-2020 20:21:54.072,11132928,13-09-2021 18:06:40.798,8191,
29-12-2020 20:21:54.072,11132928,13-09-2021 18:06:40.798,8191,
29-12-2020 20:21:54.072,11132928,13-09-2021 18:06:40.798,8191,
29-12-2020 20:21:54.072,11132928,13-09-2021 18:06:40.798,8191,
29-12-2020 20:21:54.072,11132928,13-09-2021 18:06:40.798,8191,
29-12-2020 20:21:54.072,11132928,13-09-2021 18:06:40.798,8191,
29-12-2020 20:21:54.072,11132928,13-09-2021 18:06:40.798,8191,
29-12-2020 20:21:54.072,11132928,13-09-2021 18:06:40.798,8191,
29-12-2020 20:21:54.072,11132928,13-09-2021 18:06:40.798,8191,
29-12-2020 20:21:54.072,11132928,13-09-2021 18:06:40.798,8191,
29-12-2020 20:21:54.072,11132928,13-09-2021 18:06:40.798,8191,
29-12-2020 20:21:54.072,11132928,13-09-2021 18:06:40.798,8191,
29-12-2020 20:21:54.072,11132928,13-09-2021 18:06:40.798,8191,
29-12-2020 20:21:54.072,11132928,13-09-2021 18:06:40.798,8191,
29-12-2020 20:21:54.072,11132928,13-09-2021 18:06:40.798,8191,
29-12-2020 20:21:54.072,11132928,13-09-2021 18:06:40.798,8191,
29-12-2020 20:21:54.072,11132928,13-09-2021 18:06:40.798,8191,
29-12-2020 20:21:54.072,11132928,13-09-2021 18:06:40.798,8191,
29-12-2020 20:21:54.072,11132928,13-09-2021 18:06:40.798,8191,
29-12-2020 20:21:54.072,11132928,13-09-2021 18:06:40.798,8191,
29-12-2020 20:21:54.072,11132928,13-09-2021 18:06:40.798,8191,
29-12-2020 20:21:54.072,11132928,13-09-2021 18:06:40.798,8191,
29-12-2020 20:21:54.072,11132928,13-09-2021 18:06:40.798,8191,
29-12-2020 20:21:54.072,11132928,13-09-2021 18:06:40.798,8191,
29-12-2020 20:21:54.072,11132928,13-09-2021 18:06:40.798,8191,
29-12-2020 20:21:54.072,11132928,13-09-2021 18:06:40.798,8191,
29-12-2020 20:21:54.072,11132928,13-09-2021 18:06:40.798,8191,
29-12-2020 20:21:54.072,11132928,13-09-2021 18:06:40.798,8191,
29-12-2020 20:21:54.072,11132928,13-09-2021 18:06:40.798,8191,
29-12-2020 20:21:54.072,11132928,13-09-2021 18:06:40.798,8191,
29-12-2020 20:21:54.072,11132928,13-09-2021 18:06:40.798,8191,
29-12-2020 20:21:54.328,11134976,13-09-2021 18:06:40.814,8191,
29-12-2020 20:21:54.328,11134976,13-09-2021 18:06:40.814,8191,
29-12-2020 20:21:54.328,11134976,13-09-2021 18:06:40.814,8191,
29-12-2020 20:21:54.328,11134976,13-09-2021 18:06:40.814,8191,
29-12-2020 20:21:54.328,11134976,13-09-2021 18:06:40.814,8191,
29-12-2020 20:21:54.328,11134976,13-09-2021 18:06:40.814,8191,
29-12-2020 20:21:54.328,11134976,13-09-2021 18:06:40.814,8191,
29-12-2020 20:21:54.328,11134976,13-09-2021 18:06:40.814,8191,
29-12-2020 20:21:54.328,11134976,13-09-2021 18:06:40.814,8191,
29-12-2020 20:21:54.328,11134976,13-09-2021 18:06:40.814,8191,
29-12-2020 20:21:54.328,11134976,13-09-2021 18:06:40.814,8191,
29-12-2020 20:21:54.328,11134976,13-09-2021 18:06:40.814,8191,
29-12-2020 20:21:54.328,11134976,13-09-2021 18:06:40.814,8191,
29-12-2020 20:21:54.328,11134976,13-09-2021 18:06:40.814,8191,
29-12-2020 20:21:54.328,11134976,13-09-2021 18:06:40.814,8191,
29-12-2020 20:21:54.328,11134976,13-09-2021 18:06:40.814,8191,
29-12-2020 20:21:54.328,11134976,13-09-2021 18:06:40.814,8191,
29-12-2020 20:21:54.328,11134976,13-09-2021 18:06:40.814,8191,
29-12-2020 20:21:54.328,11134976,13-09-2021 18:06:40.814,8191,
29-12-2020 20:21:54.328,11134976,13-09-2021 18:06:40.814,8191,
29-12-2020 20:21:54.328,11134976,13-09-2021 18:06:40.814,8191,
29-12-2020 20:21:54.328,11134976,13-09-2021 18:06:40.814,8191,
29-12-2020 20:21:54.328,11134976,13-09-2021 18:06:40.814,8191,
29-12-2020 20:21:54.328,11134976,13-09-2021 18:06:40.814,8191,
29-12-2020 20:21:54.328,11134976,13-09-2021 18:06:40.814,8191,
29-12-2020 20:21:54.328,11134976,13-09-2021 18:06:40.814,8191,
29-12-2020 20:21:54.328,11134976,13-09-2021 18:06:40.814,8191,
29-12-2020 20:21:54.328,11134976,13-09-2021 18:06:40.814,8191,
29-12-2020 20:21:54.328,11134976,13-09-2021 18:06:40.814,8191,
29-12-2020 20:21:54.328,11134976,13-09-2021 18:06:40.814,8191,
29-12-2020 20:21:54.328,11134976,13-09-2021 18:06:40.814,8191,
29-12-2020 20:21:54.328,11134976,13-09-2021 18:06:40.814,8191,
29-12-2020 20:21:54.328,11134976,13-09-2021 18:06:40.814,8191,
29-12-2020 20:21:54.328,11134976,13-09-2021 18:06:40.814,8191,
29-12-2020 20:21:54.328,11134976,13-09-2021 18:06:40.814,8191,
29-12-2020 20:21:54.328,11134976,13-09-2021 18:06:40.814,8191,
29-12-2020 20:21:54.328,11134976,13-09-2021 18:06:40.814,8191,
29-12-2020 20:21:54.328,11134976,13-09-2021 18:06:40.814,8191,
29-12-2020 20:21:54.328,11134976,13-09-2021 18:06:40.814,8191,
29-12-2020 20:21:54.328,11134976,13-09-2021 18:06:40.814,8191,
29-12-2020 20:21:54.328,11134976,13-09-2021 18:06:40.814,8191,
29-12-2020 20:21:54.328,11134976,13-09-2021 18:06:40.814,8191,
29-12-2020 20:21:54.328,11134976,13-09-2021 18:06:40.814,8191,
29-12-2020 20:21:54.328,11134976,13-09-2021 18:06:40.814,8191,
29-12-2020 20:21:54.328,11134976,13-09-2021 18:06:40.814,8191,
29-12-2020 20:21:54.328,11134976,13-09-2021 18:06:40.814,8191,
29-12-2020 20:21:54.328,11134976,13-09-2021 18:06:40.814,8191,
29-12-2020 20:21:54.328,11134976,13-09-2021 18:06:40.814,8191,
29-12-2020 20:21:54.328,11134976,13-09-2021 18:06:40.814,8191,
29-12-2020 20:21:54.328,11134976,13-09-2021 18:06:40.814,8191,
29-12-2020 20:21:54.328,11134976,13-09-2021 18:06:40.814,8191,
29-12-2020 20:21:54.328,11134976,13-09-2021 18:06:40.814,8191,
29-12-2020 20:21:54.328,11134976,13-09-2021 18:06:40.814,8191,
29-12-2020 20:21:54.328,11134976,13-09-2021 18:06:40.814,8191,
29-12-2020 20:21:54.328,11134976,13-09-2021 18:06:40.814,8191,
29-12-2020 20:21:54.328,11134976,13-09-2021 18:06:40.814,8191,
29-12-2020 20:21:54.328,11134976,13-09-2021 18:06:40.814,8191,
29-12-2020 20:21:54.328,11134976,13-09-2021 18:06:40.814,8191,
29-12-2020 20:21:54.328,11134976,13-09-2021 18:06:40.814,8191,
29-12-2020 20:21:54.328,11134976,13-09-2021 18:06:40.814,8191,
29-12-2020 20:21:54.328,11134976,13-09-2021 18:06:40.814,8191,
29-12-2020 20:21:54.328,11134976,13-09-2021 18:06:40.814,8191,
29-12-2020 20:21:54.328,11134976,13-09-2021 18:06:40.814,8191,
29-12-2020 20:21:54.328,11134976,13-09-2021 18:06:40.814,8191,
29-12-2020 20:21:54.328,11134976,13-09-2021 18:06:40.814,8191,
29-12-2020 20:21:54.328,11134976,13-09-2021 18:06:40.814,8191,
29-12-2020 20:21:54.328,11134976,13-09-2021 18:06:40.814,8191,
29-12-2020 20:21:54.328,11134976,13-09-2021 18:06:40.814,8191,
29-12-2020 20:21:54.328,11134976,13-09-2021 18:06:40.814,8191,
29-12-2020 20:21:54.328,11134976,13-09-2021 18:06:40.814,8191,
29-12-2020 20:21:54.328,11134976,13-09-2021 18:06:40.814,8191,
29-12-2020 20:21:54.328,11134976,13-09-2021 18:06:40.814,8191,
29-12-2020 20:21:54.328,11134976,13-09-2021 18:06:40.814,8191,
29-12-2020 20:21:54.328,11134976,13-09-2021 18:06:40.814,8191,
29-12-2020 20:21:54.328,11134976,13-09-2021 18:06:40.814,8191,
29-12-2020 20:21:54.328,11134976,13-09-2021 18:06:40.814,8191,
29-12-2020 20:21:54.328,11134976,13-09-2021 18:06:40.814,8191,
29-12-2020 20:21:54.328,11134976,13-09-2021 18:06:40.814,8191,
29-12-2020 20:21:54.328,11134976,13-09-2021 18:06:40.814,8191,
29-12-2020 20:21:54.328,11134976,13-09-2021 18:06:40.814,8191,
29-12-2020 20:21:54.328,11134976,13-09-2021 18:06:40.814,8191,
29-12-2020 20:21:54.328,11134976,13-09-2021 18:06:40.814,8191,
29-12-2020 20:21:54.328,11134976,13-09-2021 18:06:40.814,8191,
29-12-2020 20:21:54.328,11134976,13-09-2021 18:06:40.814,8191,
29-12-2020 20:21:54.328,11134976,13-09-2021 18:06:40.814,8191,
29-12-2020 20:21:54.328,11134976,13-09-2021 18:06:40.814,8191,
29-12-2020 20:21:54.328,11134976,13-09-2021 18:06:40.814,8191,
29-12-2020 20:21:54.328,11134976,13-09-2021 18:06:40.814,8191,
29-12-2020 20:21:54.328,11134976,13-09-2021 18:06:40.814,8191,
29-12-2020 20:21:54.328,11134976,13-09-2021 18:06:40.814,8191,
29-12-2020 20:21:54.328,11134976,13-09-2021 18:06:40.814,8191,
29-12-2020 20:21:54.328,11134976,13-09-2021 18:06:40.814,8191,
29-12-2020 20:21:54.328,11134976,13-09-2021 18:06:40.814,8191,
29-12-2020 20:21:54.328,11134976,13-09-2021 18:06:40.814,8191,
29-12-2020 20:21:54.328,11134976,13-09-2021 18:06:40.814,8191,
29-12-2020 20:21:54.328,11134976,13-09-2021 18:06:40.814,8191,
29-12-2020 20:21:54.328,11134976,13-09-2021 18:06:40.814,8191,
29-12-2020 20:21:54.328,11134976,13-09-2021 18:06:40.814,8191,
29-12-2020 20:21:54.328,11134976,13-09-2021 18:06:40.814,8191,
29-12-2020 20:21:54.328,11134976,13-09-2021 18:06:40.814,8191,
29-12-2020 20:21:54.328,11134976,13-09-2021 18:06:40.814,8191,
29-12-2020 20:21:54.328,11134976,13-09-2021 18:06:40.814,8191,
29-12-2020 20:21:54.328,11134976,13-09-2021 18:06:40.814,8191,
29-12-2020 20:21:54.328,11134976,13-09-2021 18:06:40.814,8191,
29-12-2020 20:21:54.328,11134976,13-09-2021 18:06:40.814,8191,
29-12-2020 20:21:54.328,11134976,13-09-2021 18:06:40.814,8191,
29-12-2020 20:21:54.328,11134976,13-09-2021 18:06:40.814,8191,
29-12-2020 20:21:54.328,11134976,13-09-2021 18:06:40.814,8191,
29-12-2020 20:21:54.328,11134976,13-09-2021 18:06:40.814,8191,
29-12-2020 20:21:54.328,11134976,13-09-2021 18:06:40.814,8191,
29-12-2020 20:21:54.328,11134976,13-09-2021 18:06:40.814,8191,
29-12-2020 20:21:54.328,11134976,13-09-2021 18:06:40.814,8191,
29-12-2020 20:21:54.328,11134976,13-09-2021 18:06:40.814,8191,
29-12-2020 20:21:54.328,11134976,13-09-2021 18:06:40.814,8191,
29-12-2020 20:21:54.328,11134976,13-09-2021 18:06:40.814,8191,
29-12-2020 20:21:54.328,11134976,13-09-2021 18:06:40.814,8191,
29-12-2020 20:21:54.328,11134976,13-09-2021 18:06:40.814,8191,
29-12-2020 20:21:54.328,11134976,13-09-2021 18:06:40.814,8191,
29-12-2020 20:21:54.328,11134976,13-09-2021 18:06:40.814,8191,
29-12-2020 20:21:54.328,11134976,13-09-2021 18:06:40.814,8191,
29-12-2020 20:21:54.328,11134976,13-09-2021 18:06:40.814,8191,
29-12-2020 20:21:54.328,11134976,13-09-2021 18:06:40.814,8191,
29-12-2020 20:21:54.328,11134976,13-09-2021 18:06:40.814,8191,
29-12-2020 20:21:54.328,11134976,13-09-2021 18:06:40.814,8191,
29-12-2020 20:21:54.328,11134976,13-09-2021 18:06:40.814,8191,
29-12-2020 20:21:54.328,11134976,13-09-2021 18:06:40.814,8191,
29-12-2020 20:21:54.328,11134976,13-09-2021 18:06:40.814,8191,
29-12-2020 20:21:54.328,11134976,13-09-2021 18:06:40.814,8191,
29-12-2020 20:21:54.584,11137024,13-09-2021 18:06:41.836,8191,
29-12-2020 20:21:54.584,11137024,13-09-2021 18:06:41.836,8191,
29-12-2020 20:21:54.584,11137024,13-09-2021 18:06:41.836,8191,
29-12-2020 20:21:54.584,11137024,13-09-2021 18:06:41.836,8191,
29-12-2020 20:21:54.584,11137024,13-09-2021 18:06:41.836,8191,
29-12-2020 20:21:54.584,11137024,13-09-2021 18:06:41.836,8191,
29-12-2020 20:21:54.584,11137024,13-09-2021 18:06:41.836,8191,
29-12-2020 20:21:54.584,11137024,13-09-2021 18:06:41.836,8191,
29-12-2020 20:21:54.584,11137024,13-09-2021 18:06:41.836,8191,
29-12-2020 20:21:54.584,11137024,13-09-2021 18:06:41.836,8191,
29-12-2020 20:21:54.584,11137024,13-09-2021 18:06:41.836,8191,
29-12-2020 20:21:54.584,11137024,13-09-2021 18:06:41.836,8191,
29-12-2020 20:21:54.584,11137024,13-09-2021 18:06:41.836,8191,
29-12-2020 20:21:54.584,11137024,13-09-2021 18:06:41.836,8191,
29-12-2020 20:21:54.584,11137024,13-09-2021 18:06:41.836,8191,
29-12-2020 20:21:54.584,11137024,13-09-2021 18:06:41.836,8191,
29-12-2020 20:21:54.584,11137024,13-09-2021 18:06:41.836,8191,
29-12-2020 20:21:54.584,11137024,13-09-2021 18:06:41.836,8191,
29-12-2020 20:21:54.584,11137024,13-09-2021 18:06:41.836,8191,
29-12-2020 20:21:54.584,11137024,13-09-2021 18:06:41.836,8191,
29-12-2020 20:21:54.584,11137024,13-09-2021 18:06:41.836,8191,
29-12-2020 20:21:54.584,11137024,13-09-2021 18:06:41.836,8191,
29-12-2020 20:21:54.584,11137024,13-09-2021 18:06:41.836,8191,
29-12-2020 20:21:54.584,11137024,13-09-2021 18:06:41.836,8191,
29-12-2020 20:21:54.584,11137024,13-09-2021 18:06:41.836,8191,
29-12-2020 20:21:54.584,11137024,13-09-2021 18:06:41.836,8191,
29-12-2020 20:21:54.584,11137024,13-09-2021 18:06:41.836,8191,
29-12-2020 20:21:54.584,11137024,13-09-2021 18:06:41.836,8191,
29-12-2020 20:21:54.584,11137024,13-09-2021 18:06:41.836,8191,
29-12-2020 20:21:54.584,11137024,13-09-2021 18:06:41.836,8191,
29-12-2020 20:21:54.584,11137024,13-09-2021 18:06:41.836,8191,
29-12-2020 20:21:54.584,11137024,13-09-2021 18:06:41.836,8191,
29-12-2020 20:21:54.584,11137024,13-09-2021 18:06:41.836,8191,
29-12-2020 20:21:54.584,11137024,13-09-2021 18:06:41.836,8191,
29-12-2020 20:21:54.584,11137024,13-09-2021 18:06:41.836,8191,
29-12-2020 20:21:54.584,11137024,13-09-2021 18:06:41.836,8191,
29-12-2020 20:21:54.584,11137024,13-09-2021 18:06:41.836,8191,
29-12-2020 20:21:54.584,11137024,13-09-2021 18:06:41.836,8191,
29-12-2020 20:21:54.584,11137024,13-09-2021 18:06:41.836,8191,
29-12-2020 20:21:54.584,11137024,13-09-2021 18:06:41.836,8191,
29-12-2020 20:21:54.584,11137024,13-09-2021 18:06:41.836,8191,
29-12-2020 20:21:54.584,11137024,13-09-2021 18:06:41.836,8191,
29-12-2020 20:21:54.584,11137024,13-09-2021 18:06:41.836,8191,
29-12-2020 20:21:54.584,11137024,13-09-2021 18:06:41.836,8191,
29-12-2020 20:21:54.584,11137024,13-09-2021 18:06:41.836,8191,
29-12-2020 20:21:54.584,11137024,13-09-2021 18:06:41.836,8191,
29-12-2020 20:21:54.584,11137024,13-09-2021 18:06:41.836,8191,
29-12-2020 20:21:54.584,11137024,13-09-2021 18:06:41.836,8191,
29-12-2020 20:21:54.584,11137024,13-09-2021 18:06:41.836,8191,
29-12-2020 20:21:54.584,11137024,13-09-2021 18:06:41.836,8191,
29-12-2020 20:21:54.584,11137024,13-09-2021 18:06:41.836,8191,
29-12-2020 20:21:54.584,11137024,13-09-2021 18:06:41.836,8191,
29-12-2020 20:21:54.584,11137024,13-09-2021 18:06:41.836,8191,
29-12-2020 20:21:54.584,11137024,13-09-2021 18:06:41.836,8191,
29-12-2020 20:21:54.584,11137024,13-09-2021 18:06:41.836,8191,
29-12-2020 20:21:54.584,11137024,13-09-2021 18:06:41.836,8191,
29-12-2020 20:21:54.584,11137024,13-09-2021 18:06:41.836,8191,
29-12-2020 20:21:54.584,11137024,13-09-2021 18:06:41.836,8191,
29-12-2020 20:21:54.584,11137024,13-09-2021 18:06:41.836,8191,
29-12-2020 20:21:54.584,11137024,13-09-2021 18:06:41.836,8191,
29-12-2020 20:21:54.584,11137024,13-09-2021 18:06:41.836,8191,
29-12-2020 20:21:54.584,11137024,13-09-2021 18:06:41.836,8191,
29-12-2020 20:21:54.584,11137024,13-09-2021 18:06:41.836,8191,
29-12-2020 20:21:54.584,11137024,13-09-2021 18:06:41.836,8191,
29-12-2020 20:21:54.584,11137024,13-09-2021 18:06:41.836,8191,
29-12-2020 20:21:54.584,11137024,13-09-2021 18:06:41.836,8191,
29-12-2020 20:21:54.584,11137024,13-09-2021 18:06:41.836,8191,
29-12-2020 20:21:54.584,11137024,13-09-2021 18:06:41.836,8191,
29-12-2020 20:21:54.584,11137024,13-09-2021 18:06:41.836,8191,
29-12-2020 20:21:54.584,11137024,13-09-2021 18:06:41.836,8191,
29-12-2020 20:21:54.584,11137024,13-09-2021 18:06:41.836,8191,
29-12-2020 20:21:54.584,11137024,13-09-2021 18:06:41.836,8191,
29-12-2020 20:21:54.584,11137024,13-09-2021 18:06:41.836,8191,
29-12-2020 20:21:54.584,11137024,13-09-2021 18:06:41.836,8191,
29-12-2020 20:21:54.584,11137024,13-09-2021 18:06:41.836,8191,
29-12-2020 20:21:54.584,11137024,13-09-2021 18:06:41.836,8191,
29-12-2020 20:21:54.584,11137024,13-09-2021 18:06:41.836,8191,
29-12-2020 20:21:54.584,11137024,13-09-2021 18:06:41.836,8191,
29-12-2020 20:21:54.584,11137024,13-09-2021 18:06:41.836,8191,
29-12-2020 20:21:54.584,11137024,13-09-2021 18:06:41.836,8191,
29-12-2020 20:21:54.584,11137024,13-09-2021 18:06:41.836,8191,
29-12-2020 20:21:54.584,11137024,13-09-2021 18:06:41.836,8191,
29-12-2020 20:21:54.584,11137024,13-09-2021 18:06:41.836,8191,
29-12-2020 20:21:54.584,11137024,13-09-2021 18:06:41.836,8191,
29-12-2020 20:21:54.584,11137024,13-09-2021 18:06:41.836,8191,
29-12-2020 20:21:54.584,11137024,13-09-2021 18:06:41.836,8191,
29-12-2020 20:21:54.584,11137024,13-09-2021 18:06:41.836,8191,
29-12-2020 20:21:54.584,11137024,13-09-2021 18:06:41.836,8191,
29-12-2020 20:21:54.584,11137024,13-09-2021 18:06:41.836,8191,
29-12-2020 20:21:54.584,11137024,13-09-2021 18:06:41.836,8191,
29-12-2020 20:21:54.584,11137024,13-09-2021 18:06:41.836,8191,
29-12-2020 20:21:54.584,11137024,13-09-2021 18:06:41.836,8191,
29-12-2020 20:21:54.584,11137024,13-09-2021 18:06:41.836,8191,
29-12-2020 20:21:54.584,11137024,13-09-2021 18:06:41.836,8191,
29-12-2020 20:21:54.584,11137024,13-09-2021 18:06:41.836,8191,
29-12-2020 20:21:54.584,11137024,13-09-2021 18:06:41.836,8191,
29-12-2020 20:21:54.584,11137024,13-09-2021 18:06:41.836,8191,
29-12-2020 20:21:54.584,11137024,13-09-2021 18:06:41.836,8191,
29-12-2020 20:21:54.584,11137024,13-09-2021 18:06:41.836,8191,
29-12-2020 20:21:54.584,11137024,13-09-2021 18:06:41.836,8191,
29-12-2020 20:21:54.584,11137024,13-09-2021 18:06:41.836,8191,
29-12-2020 20:21:54.584,11137024,13-09-2021 18:06:41.836,8191,
29-12-2020 20:21:54.584,11137024,13-09-2021 18:06:41.836,8191,
29-12-2020 20:21:54.584,11137024,13-09-2021 18:06:41.836,8191,
29-12-2020 20:21:54.584,11137024,13-09-2021 18:06:41.836,8191,
29-12-2020 20:21:54.584,11137024,13-09-2021 18:06:41.836,8191,
29-12-2020 20:21:54.584,11137024,13-09-2021 18:06:41.836,8191,
29-12-2020 20:21:54.584,11137024,13-09-2021 18:06:41.836,8191,
29-12-2020 20:21:54.584,11137024,13-09-2021 18:06:41.836,8191,
29-12-2020 20:21:54.584,11137024,13-09-2021 18:06:41.836,8191,
29-12-2020 20:21:54.584,11137024,13-09-2021 18:06:41.836,8191,
29-12-2020 20:21:54.584,11137024,13-09-2021 18:06:41.836,8191,
29-12-2020 20:21:54.584,11137024,13-09-2021 18:06:41.836,8191,
29-12-2020 20:21:54.584,11137024,13-09-2021 18:06:41.836,8191,
29-12-2020 20:21:54.584,11137024,13-09-2021 18:06:41.836,8191,
29-12-2020 20:21:54.584,11137024,13-09-2021 18:06:41.836,8191,
29-12-2020 20:21:54.584,11137024,13-09-2021 18:06:41.836,8191,
29-12-2020 20:21:54.584,11137024,13-09-2021 18:06:41.836,8191,
29-12-2020 20:21:54.584,11137024,13-09-2021 18:06:41.836,8191,
29-12-2020 20:21:54.584,11137024,13-09-2021 18:06:41.836,8191,
29-12-2020 20:21:54.584,11137024,13-09-2021 18:06:41.836,8191,
29-12-2020 20:21:54.584,11137024,13-09-2021 18:06:41.836,8191,
29-12-2020 20:21:54.584,11137024,13-09-2021 18:06:41.836,8191,
29-12-2020 20:21:54.584,11137024,13-09-2021 18:06:41.836,8191,
29-12-2020 20:21:54.584,11137024,13-09-2021 18:06:41.836,8191,
29-12-2020 20:21:54.584,11137024,13-09-2021 18:06:41.836,8191,
29-12-2020 20:21:54.584,11137024,13-09-2021 18:06:41.836,8191,
29-12-2020 20:21:54.584,11137024,13-09-2021 18:06:41.836,8191,
29-12-2020 20:21:54.840,11139072,13-09-2021 18:06:41.846,8191,
29-12-2020 20:21:54.840,11139072,13-09-2021 18:06:41.846,8191,
29-12-2020 20:21:54.840,11139072,13-09-2021 18:06:41.846,8191,
29-12-2020 20:21:54.840,11139072,13-09-2021 18:06:41.846,8191,
29-12-2020 20:21:54.840,11139072,13-09-2021 18:06:41.846,8191,
29-12-2020 20:21:54.840,11139072,13-09-2021 18:06:41.846,8191,
29-12-2020 20:21:54.840,11139072,13-09-2021 18:06:41.846,8191,
29-12-2020 20:21:54.840,11139072,13-09-2021 18:06:41.846,8191,
29-12-2020 20:21:54.840,11139072,13-09-2021 18:06:41.846,8191,
29-12-2020 20:21:54.840,11139072,13-09-2021 18:06:41.846,8191,
29-12-2020 20:21:54.840,11139072,13-09-2021 18:06:41.846,8191,
29-12-2020 20:21:54.840,11139072,13-09-2021 18:06:41.846,8191,
29-12-2020 20:21:54.840,11139072,13-09-2021 18:06:41.846,8191,
29-12-2020 20:21:54.840,11139072,13-09-2021 18:06:41.846,8191,
29-12-2020 20:21:54.840,11139072,13-09-2021 18:06:41.846,8191,
29-12-2020 20:21:54.840,11139072,13-09-2021 18:06:41.846,8191,
29-12-2020 20:21:54.840,11139072,13-09-2021 18:06:41.846,8191,
29-12-2020 20:21:54.840,11139072,13-09-2021 18:06:41.846,8191,
29-12-2020 20:21:54.840,11139072,13-09-2021 18:06:41.846,8191,
29-12-2020 20:21:54.840,11139072,13-09-2021 18:06:41.846,8191,
29-12-2020 20:21:54.840,11139072,13-09-2021 18:06:41.846,8191,
29-12-2020 20:21:54.840,11139072,13-09-2021 18:06:41.846,8191,
29-12-2020 20:21:54.840,11139072,13-09-2021 18:06:41.846,8191,
29-12-2020 20:21:54.840,11139072,13-09-2021 18:06:41.846,8191,
29-12-2020 20:21:54.840,11139072,13-09-2021 18:06:41.846,8191,
29-12-2020 20:21:54.840,11139072,13-09-2021 18:06:41.846,8191,
29-12-2020 20:21:54.840,11139072,13-09-2021 18:06:41.846,8191,
29-12-2020 20:21:54.840,11139072,13-09-2021 18:06:41.846,8191,
29-12-2020 20:21:54.840,11139072,13-09-2021 18:06:41.846,8191,
29-12-2020 20:21:54.840,11139072,13-09-2021 18:06:41.846,8191,
29-12-2020 20:21:54.840,11139072,13-09-2021 18:06:41.846,8191,
29-12-2020 20:21:54.840,11139072,13-09-2021 18:06:41.846,8191,
29-12-2020 20:21:54.840,11139072,13-09-2021 18:06:41.846,8191,
29-12-2020 20:21:54.840,11139072,13-09-2021 18:06:41.846,8191,
29-12-2020 20:21:54.840,11139072,13-09-2021 18:06:41.846,8191,
29-12-2020 20:21:54.840,11139072,13-09-2021 18:06:41.846,8191,
29-12-2020 20:21:54.840,11139072,13-09-2021 18:06:41.846,8191,
29-12-2020 20:21:54.840,11139072,13-09-2021 18:06:41.846,8191,
29-12-2020 20:21:54.840,11139072,13-09-2021 18:06:41.846,8191,
29-12-2020 20:21:54.840,11139072,13-09-2021 18:06:41.846,8191,
29-12-2020 20:21:54.840,11139072,13-09-2021 18:06:41.846,8191,
29-12-2020 20:21:54.840,11139072,13-09-2021 18:06:41.846,8191,
29-12-2020 20:21:54.840,11139072,13-09-2021 18:06:41.846,8191,
29-12-2020 20:21:54.840,11139072,13-09-2021 18:06:41.846,8191,
29-12-2020 20:21:54.840,11139072,13-09-2021 18:06:41.846,8191,
29-12-2020 20:21:54.840,11139072,13-09-2021 18:06:41.846,8191,
29-12-2020 20:21:54.840,11139072,13-09-2021 18:06:41.846,8191,
29-12-2020 20:21:54.840,11139072,13-09-2021 18:06:41.846,8191,
29-12-2020 20:21:54.840,11139072,13-09-2021 18:06:41.846,8191,
29-12-2020 20:21:54.840,11139072,13-09-2021 18:06:41.846,8191,
29-12-2020 20:21:54.840,11139072,13-09-2021 18:06:41.846,8191,
29-12-2020 20:21:54.840,11139072,13-09-2021 18:06:41.846,8191,
29-12-2020 20:21:54.840,11139072,13-09-2021 18:06:41.846,8191,
29-12-2020 20:21:54.840,11139072,13-09-2021 18:06:41.846,8191,
29-12-2020 20:21:54.840,11139072,13-09-2021 18:06:41.846,8191,
29-12-2020 20:21:54.840,11139072,13-09-2021 18:06:41.846,8191,
29-12-2020 20:21:54.840,11139072,13-09-2021 18:06:41.846,8191,
29-12-2020 20:21:54.840,11139072,13-09-2021 18:06:41.846,8191,
29-12-2020 20:21:54.840,11139072,13-09-2021 18:06:41.846,8191,
29-12-2020 20:21:54.840,11139072,13-09-2021 18:06:41.846,8191,
29-12-2020 20:21:54.840,11139072,13-09-2021 18:06:41.846,8191,
29-12-2020 20:21:54.840,11139072,13-09-2021 18:06:41.846,8191,
29-12-2020 20:21:54.840,11139072,13-09-2021 18:06:41.846,8191,
29-12-2020 20:21:54.840,11139072,13-09-2021 18:06:41.846,8191,
29-12-2020 20:21:54.840,11139072,13-09-2021 18:06:41.846,8191,
29-12-2020 20:21:54.840,11139072,13-09-2021 18:06:41.846,8191,
29-12-2020 20:21:54.840,11139072,13-09-2021 18:06:41.846,8191,
29-12-2020 20:21:54.840,11139072,13-09-2021 18:06:41.846,8191,
29-12-2020 20:21:54.840,11139072,13-09-2021 18:06:41.846,8191,
29-12-2020 20:21:54.840,11139072,13-09-2021 18:06:41.846,8191,
29-12-2020 20:21:54.840,11139072,13-09-2021 18:06:41.846,8191,
29-12-2020 20:21:54.840,11139072,13-09-2021 18:06:41.846,8191,
29-12-2020 20:21:54.840,11139072,13-09-2021 18:06:41.846,8191,
29-12-2020 20:21:54.840,11139072,13-09-2021 18:06:41.846,8191,
29-12-2020 20:21:54.840,11139072,13-09-2021 18:06:41.846,8191,
29-12-2020 20:21:54.840,11139072,13-09-2021 18:06:41.846,8191,
29-12-2020 20:21:54.840,11139072,13-09-2021 18:06:41.846,8191,
29-12-2020 20:21:54.840,11139072,13-09-2021 18:06:41.846,8191,
29-12-2020 20:21:54.840,11139072,13-09-2021 18:06:41.846,8191,
29-12-2020 20:21:54.840,11139072,13-09-2021 18:06:41.846,8191,
29-12-2020 20:21:54.840,11139072,13-09-2021 18:06:41.846,8191,
29-12-2020 20:21:54.840,11139072,13-09-2021 18:06:41.846,8191,
29-12-2020 20:21:54.840,11139072,13-09-2021 18:06:41.846,8191,
29-12-2020 20:21:54.840,11139072,13-09-2021 18:06:41.846,8191,
29-12-2020 20:21:54.840,11139072,13-09-2021 18:06:41.846,8191,
29-12-2020 20:21:54.840,11139072,13-09-2021 18:06:41.846,8191,
29-12-2020 20:21:54.840,11139072,13-09-2021 18:06:41.846,8191,
29-12-2020 20:21:54.840,11139072,13-09-2021 18:06:41.846,8191,
29-12-2020 20:21:54.840,11139072,13-09-2021 18:06:41.846,8191,
29-12-2020 20:21:54.840,11139072,13-09-2021 18:06:41.846,8191,
29-12-2020 20:21:54.840,11139072,13-09-2021 18:06:41.846,8191,
29-12-2020 20:21:54.840,11139072,13-09-2021 18:06:41.846,8191,
29-12-2020 20:21:54.840,11139072,13-09-2021 18:06:41.846,8191,
29-12-2020 20:21:54.840,11139072,13-09-2021 18:06:41.846,8191,
29-12-2020 20:21:54.840,11139072,13-09-2021 18:06:41.846,8191,
29-12-2020 20:21:54.840,11139072,13-09-2021 18:06:41.846,8191,
29-12-2020 20:21:54.840,11139072,13-09-2021 18:06:41.846,8191,
29-12-2020 20:21:54.840,11139072,13-09-2021 18:06:41.846,8191,
29-12-2020 20:21:54.840,11139072,13-09-2021 18:06:41.846,8191,
29-12-2020 20:21:54.840,11139072,13-09-2021 18:06:41.846,8191,
29-12-2020 20:21:54.840,11139072,13-09-2021 18:06:41.846,8191,
29-12-2020 20:21:54.840,11139072,13-09-2021 18:06:41.846,8191,
29-12-2020 20:21:54.840,11139072,13-09-2021 18:06:41.846,8191,
29-12-2020 20:21:54.840,11139072,13-09-2021 18:06:41.846,8191,
29-12-2020 20:21:54.840,11139072,13-09-2021 18:06:41.846,8191,
29-12-2020 20:21:54.840,11139072,13-09-2021 18:06:41.846,8191,
29-12-2020 20:21:54.840,11139072,13-09-2021 18:06:41.846,8191,
29-12-2020 20:21:54.840,11139072,13-09-2021 18:06:41.846,8191,
29-12-2020 20:21:54.840,11139072,13-09-2021 18:06:41.846,8191,
29-12-2020 20:21:54.840,11139072,13-09-2021 18:06:41.846,8191,
29-12-2020 20:21:54.840,11139072,13-09-2021 18:06:41.846,8191,
29-12-2020 20:21:54.840,11139072,13-09-2021 18:06:41.846,8191,
29-12-2020 20:21:54.840,11139072,13-09-2021 18:06:41.846,8191,
29-12-2020 20:21:54.840,11139072,13-09-2021 18:06:41.846,8191,
29-12-2020 20:21:54.840,11139072,13-09-2021 18:06:41.846,8191,
29-12-2020 20:21:54.840,11139072,13-09-2021 18:06:41.846,8191,
29-12-2020 20:21:54.840,11139072,13-09-2021 18:06:41.846,8191,
29-12-2020 20:21:54.840,11139072,13-09-2021 18:06:41.846,8191,
29-12-2020 20:21:54.840,11139072,13-09-2021 18:06:41.846,8191,
29-12-2020 20:21:54.840,11139072,13-09-2021 18:06:41.846,8191,
29-12-2020 20:21:54.840,11139072,13-09-2021 18:06:41.846,8191,
29-12-2020 20:21:54.840,11139072,13-09-2021 18:06:41.846,8191,
29-12-2020 20:21:54.840,11139072,13-09-2021 18:06:41.846,8191,
29-12-2020 20:21:54.840,11139072,13-09-2021 18:06:41.846,8191,
29-12-2020 20:21:54.840,11139072,13-09-2021 18:06:41.846,8191,
29-12-2020 20:21:54.840,11139072,13-09-2021 18:06:41.846,8191,
29-12-2020 20:21:54.840,11139072,13-09-2021 18:06:41.846,8191,
29-12-2020 20:21:54.840,11139072,13-09-2021 18:06:41.846,8191,
29-12-2020 20:21:55.096,11141120,13-09-2021 18:06:41.849,8191,
29-12-2020 20:21:55.096,11141120,13-09-2021 18:06:41.849,8191,
29-12-2020 20:21:55.096,11141120,13-09-2021 18:06:41.849,8191,
29-12-2020 20:21:55.096,11141120,13-09-2021 18:06:41.849,8191,
29-12-2020 20:21:55.096,11141120,13-09-2021 18:06:41.849,8191,
29-12-2020 20:21:55.096,11141120,13-09-2021 18:06:41.849,8191,
29-12-2020 20:21:55.096,11141120,13-09-2021 18:06:41.849,8191,
29-12-2020 20:21:55.096,11141120,13-09-2021 18:06:41.849,8191,
29-12-2020 20:21:55.096,11141120,13-09-2021 18:06:41.849,8191,
29-12-2020 20:21:55.096,11141120,13-09-2021 18:06:41.849,8191,
29-12-2020 20:21:55.096,11141120,13-09-2021 18:06:41.849,8191,
29-12-2020 20:21:55.096,11141120,13-09-2021 18:06:41.849,8191,
29-12-2020 20:21:55.096,11141120,13-09-2021 18:06:41.849,8191,
29-12-2020 20:21:55.096,11141120,13-09-2021 18:06:41.849,8191,
29-12-2020 20:21:55.096,11141120,13-09-2021 18:06:41.849,8191,
29-12-2020 20:21:55.096,11141120,13-09-2021 18:06:41.849,8191,
29-12-2020 20:21:55.096,11141120,13-09-2021 18:06:41.849,8191,
29-12-2020 20:21:55.096,11141120,13-09-2021 18:06:41.849,8191,
29-12-2020 20:21:55.096,11141120,13-09-2021 18:06:41.849,8191,
29-12-2020 20:21:55.096,11141120,13-09-2021 18:06:41.849,8191,
29-12-2020 20:21:55.096,11141120,13-09-2021 18:06:41.849,8191,
29-12-2020 20:21:55.096,11141120,13-09-2021 18:06:41.849,8191,
29-12-2020 20:21:55.096,11141120,13-09-2021 18:06:41.849,8191,
29-12-2020 20:21:55.096,11141120,13-09-2021 18:06:41.849,8191,
29-12-2020 20:21:55.096,11141120,13-09-2021 18:06:41.849,8191,
29-12-2020 20:21:55.096,11141120,13-09-2021 18:06:41.849,8191,
29-12-2020 20:21:55.096,11141120,13-09-2021 18:06:41.849,8191,
29-12-2020 20:21:55.096,11141120,13-09-2021 18:06:41.849,8191,
29-12-2020 20:21:55.096,11141120,13-09-2021 18:06:41.849,8191,
29-12-2020 20:21:55.096,11141120,13-09-2021 18:06:41.849,8191,
29-12-2020 20:21:55.096,11141120,13-09-2021 18:06:41.849,8191,
29-12-2020 20:21:55.096,11141120,13-09-2021 18:06:41.849,8191,
29-12-2020 20:21:55.096,11141120,13-09-2021 18:06:41.849,8191,
29-12-2020 20:21:55.096,11141120,13-09-2021 18:06:41.849,8191,
29-12-2020 20:21:55.096,11141120,13-09-2021 18:06:41.849,8191,
29-12-2020 20:21:55.096,11141120,13-09-2021 18:06:41.849,8191,
29-12-2020 20:21:55.096,11141120,13-09-2021 18:06:41.849,8191,
29-12-2020 20:21:55.096,11141120,13-09-2021 18:06:41.849,8191,
29-12-2020 20:21:55.096,11141120,13-09-2021 18:06:41.849,8191,
29-12-2020 20:21:55.096,11141120,13-09-2021 18:06:41.849,8191,
29-12-2020 20:21:55.096,11141120,13-09-2021 18:06:41.849,8191,
29-12-2020 20:21:55.096,11141120,13-09-2021 18:06:41.849,8191,
29-12-2020 20:21:55.096,11141120,13-09-2021 18:06:41.849,8191,
29-12-2020 20:21:55.096,11141120,13-09-2021 18:06:41.849,8191,
29-12-2020 20:21:55.096,11141120,13-09-2021 18:06:41.849,8191,
29-12-2020 20:21:55.096,11141120,13-09-2021 18:06:41.849,8191,
29-12-2020 20:21:55.096,11141120,13-09-2021 18:06:41.849,8191,
29-12-2020 20:21:55.096,11141120,13-09-2021 18:06:41.849,8191,
29-12-2020 20:21:55.096,11141120,13-09-2021 18:06:41.849,8191,
29-12-2020 20:21:55.096,11141120,13-09-2021 18:06:41.849,8191,
29-12-2020 20:21:55.096,11141120,13-09-2021 18:06:41.849,8191,
29-12-2020 20:21:55.096,11141120,13-09-2021 18:06:41.849,8191,
29-12-2020 20:21:55.096,11141120,13-09-2021 18:06:41.849,8191,
29-12-2020 20:21:55.096,11141120,13-09-2021 18:06:41.849,8191,
29-12-2020 20:21:55.096,11141120,13-09-2021 18:06:41.849,8191,
29-12-2020 20:21:55.096,11141120,13-09-2021 18:06:41.849,8191,
29-12-2020 20:21:55.096,11141120,13-09-2021 18:06:41.849,8191,
29-12-2020 20:21:55.096,11141120,13-09-2021 18:06:41.849,8191,
29-12-2020 20:21:55.096,11141120,13-09-2021 18:06:41.849,8191,
29-12-2020 20:21:55.096,11141120,13-09-2021 18:06:41.849,8191,
29-12-2020 20:21:55.096,11141120,13-09-2021 18:06:41.849,8191,
29-12-2020 20:21:55.096,11141120,13-09-2021 18:06:41.849,8191,
29-12-2020 20:21:55.096,11141120,13-09-2021 18:06:41.849,8191,
29-12-2020 20:21:55.096,11141120,13-09-2021 18:06:41.849,8191,
29-12-2020 20:21:55.096,11141120,13-09-2021 18:06:41.849,8191,
29-12-2020 20:21:55.096,11141120,13-09-2021 18:06:41.849,8191,
29-12-2020 20:21:55.096,11141120,13-09-2021 18:06:41.849,8191,
29-12-2020 20:21:55.096,11141120,13-09-2021 18:06:41.849,8191,
29-12-2020 20:21:55.096,11141120,13-09-2021 18:06:41.849,8191,
29-12-2020 20:21:55.096,11141120,13-09-2021 18:06:41.849,8191,
29-12-2020 20:21:55.096,11141120,13-09-2021 18:06:41.849,8191,
29-12-2020 20:21:55.096,11141120,13-09-2021 18:06:41.849,8191,
29-12-2020 20:21:55.096,11141120,13-09-2021 18:06:41.849,8191,
29-12-2020 20:21:55.096,11141120,13-09-2021 18:06:41.849,8191,
29-12-2020 20:21:55.096,11141120,13-09-2021 18:06:41.849,8191,
29-12-2020 20:21:55.096,11141120,13-09-2021 18:06:41.849,8191,
29-12-2020 20:21:55.096,11141120,13-09-2021 18:06:41.849,8191,
29-12-2020 20:21:55.096,11141120,13-09-2021 18:06:41.849,8191,
29-12-2020 20:21:55.096,11141120,13-09-2021 18:06:41.849,8191,
29-12-2020 20:21:55.096,11141120,13-09-2021 18:06:41.849,8191,
29-12-2020 20:21:55.096,11141120,13-09-2021 18:06:41.849,8191,
29-12-2020 20:21:55.096,11141120,13-09-2021 18:06:41.849,8191,
29-12-2020 20:21:55.096,11141120,13-09-2021 18:06:41.849,8191,
29-12-2020 20:21:55.096,11141120,13-09-2021 18:06:41.849,8191,
29-12-2020 20:21:55.096,11141120,13-09-2021 18:06:41.849,8191,
29-12-2020 20:21:55.096,11141120,13-09-2021 18:06:41.849,8191,
29-12-2020 20:21:55.096,11141120,13-09-2021 18:06:41.849,8191,
29-12-2020 20:21:55.096,11141120,13-09-2021 18:06:41.849,8191,
29-12-2020 20:21:55.096,11141120,13-09-2021 18:06:41.849,8191,
29-12-2020 20:21:55.096,11141120,13-09-2021 18:06:41.849,8191,
29-12-2020 20:21:55.096,11141120,13-09-2021 18:06:41.849,8191,
29-12-2020 20:21:55.096,11141120,13-09-2021 18:06:41.849,8191,
29-12-2020 20:21:55.096,11141120,13-09-2021 18:06:41.849,8191,
29-12-2020 20:21:55.096,11141120,13-09-2021 18:06:41.849,8191,
29-12-2020 20:21:55.096,11141120,13-09-2021 18:06:41.849,8191,
29-12-2020 20:21:55.096,11141120,13-09-2021 18:06:41.849,8191,
29-12-2020 20:21:55.096,11141120,13-09-2021 18:06:41.849,8191,
29-12-2020 20:21:55.096,11141120,13-09-2021 18:06:41.849,8191,
29-12-2020 20:21:55.096,11141120,13-09-2021 18:06:41.849,8191,
29-12-2020 20:21:55.096,11141120,13-09-2021 18:06:41.849,8191,
29-12-2020 20:21:55.096,11141120,13-09-2021 18:06:41.849,8191,
29-12-2020 20:21:55.096,11141120,13-09-2021 18:06:41.849,8191,
29-12-2020 20:21:55.096,11141120,13-09-2021 18:06:41.849,8191,
29-12-2020 20:21:55.096,11141120,13-09-2021 18:06:41.849,8191,
29-12-2020 20:21:55.096,11141120,13-09-2021 18:06:41.849,8191,
29-12-2020 20:21:55.096,11141120,13-09-2021 18:06:41.849,8191,
29-12-2020 20:21:55.096,11141120,13-09-2021 18:06:41.849,8191,
29-12-2020 20:21:55.096,11141120,13-09-2021 18:06:41.849,8191,
29-12-2020 20:21:55.096,11141120,13-09-2021 18:06:41.849,8191,
29-12-2020 20:21:55.096,11141120,13-09-2021 18:06:41.849,8191,
29-12-2020 20:21:55.096,11141120,13-09-2021 18:06:41.849,8191,
29-12-2020 20:21:55.096,11141120,13-09-2021 18:06:41.849,8191,
29-12-2020 20:21:55.096,11141120,13-09-2021 18:06:41.849,8191,
29-12-2020 20:21:55.096,11141120,13-09-2021 18:06:41.849,8191,
29-12-2020 20:21:55.096,11141120,13-09-2021 18:06:41.849,8191,
29-12-2020 20:21:55.096,11141120,13-09-2021 18:06:41.849,8191,
29-12-2020 20:21:55.096,11141120,13-09-2021 18:06:41.849,8191,
29-12-2020 20:21:55.096,11141120,13-09-2021 18:06:41.849,8191,
29-12-2020 20:21:55.096,11141120,13-09-2021 18:06:41.849,8191,
29-12-2020 20:21:55.096,11141120,13-09-2021 18:06:41.849,8191,
29-12-2020 20:21:55.096,11141120,13-09-2021 18:06:41.849,8191,
29-12-2020 20:21:55.096,11141120,13-09-2021 18:06:41.849,8191,
29-12-2020 20:21:55.096,11141120,13-09-2021 18:06:41.849,8191,
29-12-2020 20:21:55.096,11141120,13-09-2021 18:06:41.849,8191,
29-12-2020 20:21:55.096,11141120,13-09-2021 18:06:41.849,8191,
29-12-2020 20:21:55.096,11141120,13-09-2021 18:06:41.849,8191,
29-12-2020 20:21:55.096,11141120,13-09-2021 18:06:41.849,8191,
29-12-2020 20:21:55.096,11141120,13-09-2021 18:06:41.849,8191,
29-12-2020 20:21:55.352,11143168,13-09-2021 18:06:41.852,8191,
29-12-2020 20:21:55.352,11143168,13-09-2021 18:06:41.852,8191,
29-12-2020 20:21:55.352,11143168,13-09-2021 18:06:41.852,8191,
29-12-2020 20:21:55.352,11143168,13-09-2021 18:06:41.852,8191,
29-12-2020 20:21:55.352,11143168,13-09-2021 18:06:41.852,8191,
29-12-2020 20:21:55.352,11143168,13-09-2021 18:06:41.852,8191,
29-12-2020 20:21:55.352,11143168,13-09-2021 18:06:41.852,8191,
29-12-2020 20:21:55.352,11143168,13-09-2021 18:06:41.852,8191,
29-12-2020 20:21:55.352,11143168,13-09-2021 18:06:41.852,8191,
29-12-2020 20:21:55.352,11143168,13-09-2021 18:06:41.852,8191,
29-12-2020 20:21:55.352,11143168,13-09-2021 18:06:41.852,8191,
29-12-2020 20:21:55.352,11143168,13-09-2021 18:06:41.852,8191,
29-12-2020 20:21:55.352,11143168,13-09-2021 18:06:41.852,8191,
29-12-2020 20:21:55.352,11143168,13-09-2021 18:06:41.852,8191,
29-12-2020 20:21:55.352,11143168,13-09-2021 18:06:41.852,8191,
29-12-2020 20:21:55.352,11143168,13-09-2021 18:06:41.852,8191,
29-12-2020 20:21:55.352,11143168,13-09-2021 18:06:41.852,8191,
29-12-2020 20:21:55.352,11143168,13-09-2021 18:06:41.852,8191,
29-12-2020 20:21:55.352,11143168,13-09-2021 18:06:41.852,8191,
29-12-2020 20:21:55.352,11143168,13-09-2021 18:06:41.852,8191,
29-12-2020 20:21:55.352,11143168,13-09-2021 18:06:41.852,8191,
29-12-2020 20:21:55.352,11143168,13-09-2021 18:06:41.852,8191,
29-12-2020 20:21:55.352,11143168,13-09-2021 18:06:41.852,8191,
29-12-2020 20:21:55.352,11143168,13-09-2021 18:06:41.852,8191,
29-12-2020 20:21:55.352,11143168,13-09-2021 18:06:41.852,8191,
29-12-2020 20:21:55.352,11143168,13-09-2021 18:06:41.852,8191,
29-12-2020 20:21:55.352,11143168,13-09-2021 18:06:41.852,8191,
29-12-2020 20:21:55.352,11143168,13-09-2021 18:06:41.852,8191,
29-12-2020 20:21:55.352,11143168,13-09-2021 18:06:41.852,8191,
29-12-2020 20:21:55.352,11143168,13-09-2021 18:06:41.852,8191,
29-12-2020 20:21:55.352,11143168,13-09-2021 18:06:41.852,8191,
29-12-2020 20:21:55.352,11143168,13-09-2021 18:06:41.852,8191,
29-12-2020 20:21:55.352,11143168,13-09-2021 18:06:41.852,8191,
29-12-2020 20:21:55.352,11143168,13-09-2021 18:06:41.852,8191,
29-12-2020 20:21:55.352,11143168,13-09-2021 18:06:41.852,8191,
29-12-2020 20:21:55.352,11143168,13-09-2021 18:06:41.852,8191,
29-12-2020 20:21:55.352,11143168,13-09-2021 18:06:41.852,8191,
29-12-2020 20:21:55.352,11143168,13-09-2021 18:06:41.852,8191,
29-12-2020 20:21:55.352,11143168,13-09-2021 18:06:41.852,8191,
29-12-2020 20:21:55.352,11143168,13-09-2021 18:06:41.852,8191,
29-12-2020 20:21:55.352,11143168,13-09-2021 18:06:41.852,8191,
29-12-2020 20:21:55.352,11143168,13-09-2021 18:06:41.852,8191,
29-12-2020 20:21:55.352,11143168,13-09-2021 18:06:41.852,8191,
29-12-2020 20:21:55.352,11143168,13-09-2021 18:06:41.852,8191,
29-12-2020 20:21:55.352,11143168,13-09-2021 18:06:41.852,8191,
29-12-2020 20:21:55.352,11143168,13-09-2021 18:06:41.852,8191,
29-12-2020 20:21:55.352,11143168,13-09-2021 18:06:41.852,8191,
29-12-2020 20:21:55.352,11143168,13-09-2021 18:06:41.852,8191,
29-12-2020 20:21:55.352,11143168,13-09-2021 18:06:41.852,8191,
29-12-2020 20:21:55.352,11143168,13-09-2021 18:06:41.852,8191,
29-12-2020 20:21:55.352,11143168,13-09-2021 18:06:41.852,8191,
29-12-2020 20:21:55.352,11143168,13-09-2021 18:06:41.852,8191,
29-12-2020 20:21:55.352,11143168,13-09-2021 18:06:41.852,8191,
29-12-2020 20:21:55.352,11143168,13-09-2021 18:06:41.852,8191,
29-12-2020 20:21:55.352,11143168,13-09-2021 18:06:41.852,8191,
29-12-2020 20:21:55.352,11143168,13-09-2021 18:06:41.852,8191,
29-12-2020 20:21:55.352,11143168,13-09-2021 18:06:41.852,8191,
29-12-2020 20:21:55.352,11143168,13-09-2021 18:06:41.852,8191,
29-12-2020 20:21:55.352,11143168,13-09-2021 18:06:41.852,8191,
29-12-2020 20:21:55.352,11143168,13-09-2021 18:06:41.852,8191,
29-12-2020 20:21:55.352,11143168,13-09-2021 18:06:41.852,8191,
29-12-2020 20:21:55.352,11143168,13-09-2021 18:06:41.852,8191,
29-12-2020 20:21:55.352,11143168,13-09-2021 18:06:41.852,8191,
29-12-2020 20:21:55.352,11143168,13-09-2021 18:06:41.852,8191,
29-12-2020 20:21:55.352,11143168,13-09-2021 18:06:41.852,8191,
29-12-2020 20:21:55.352,11143168,13-09-2021 18:06:41.852,8191,
29-12-2020 20:21:55.352,11143168,13-09-2021 18:06:41.852,8191,
29-12-2020 20:21:55.352,11143168,13-09-2021 18:06:41.852,8191,
29-12-2020 20:21:55.352,11143168,13-09-2021 18:06:41.852,8191,
29-12-2020 20:21:55.352,11143168,13-09-2021 18:06:41.852,8191,
29-12-2020 20:21:55.352,11143168,13-09-2021 18:06:41.852,8191,
29-12-2020 20:21:55.352,11143168,13-09-2021 18:06:41.852,8191,
29-12-2020 20:21:55.352,11143168,13-09-2021 18:06:41.852,8191,
29-12-2020 20:21:55.352,11143168,13-09-2021 18:06:41.852,8191,
29-12-2020 20:21:55.352,11143168,13-09-2021 18:06:41.852,8191,
29-12-2020 20:21:55.352,11143168,13-09-2021 18:06:41.852,8191,
29-12-2020 20:21:55.352,11143168,13-09-2021 18:06:41.852,8191,
29-12-2020 20:21:55.352,11143168,13-09-2021 18:06:41.852,8191,
29-12-2020 20:21:55.352,11143168,13-09-2021 18:06:41.852,8191,
29-12-2020 20:21:55.352,11143168,13-09-2021 18:06:41.852,8191,
29-12-2020 20:21:55.352,11143168,13-09-2021 18:06:41.852,8191,
29-12-2020 20:21:55.352,11143168,13-09-2021 18:06:41.852,8191,
29-12-2020 20:21:55.352,11143168,13-09-2021 18:06:41.852,8191,
29-12-2020 20:21:55.352,11143168,13-09-2021 18:06:41.852,8191,
29-12-2020 20:21:55.352,11143168,13-09-2021 18:06:41.852,8191,
29-12-2020 20:21:55.352,11143168,13-09-2021 18:06:41.852,8191,
29-12-2020 20:21:55.352,11143168,13-09-2021 18:06:41.852,8191,
29-12-2020 20:21:55.352,11143168,13-09-2021 18:06:41.852,8191,
29-12-2020 20:21:55.352,11143168,13-09-2021 18:06:41.852,8191,
29-12-2020 20:21:55.352,11143168,13-09-2021 18:06:41.852,8191,
29-12-2020 20:21:55.352,11143168,13-09-2021 18:06:41.852,8191,
29-12-2020 20:21:55.352,11143168,13-09-2021 18:06:41.852,8191,
29-12-2020 20:21:55.352,11143168,13-09-2021 18:06:41.852,8191,
29-12-2020 20:21:55.352,11143168,13-09-2021 18:06:41.852,8191,
29-12-2020 20:21:55.352,11143168,13-09-2021 18:06:41.852,8191,
29-12-2020 20:21:55.352,11143168,13-09-2021 18:06:41.852,8191,
29-12-2020 20:21:55.352,11143168,13-09-2021 18:06:41.852,8191,
29-12-2020 20:21:55.352,11143168,13-09-2021 18:06:41.852,8191,
29-12-2020 20:21:55.352,11143168,13-09-2021 18:06:41.852,8191,
29-12-2020 20:21:55.352,11143168,13-09-2021 18:06:41.852,8191,
29-12-2020 20:21:55.352,11143168,13-09-2021 18:06:41.852,8191,
29-12-2020 20:21:55.352,11143168,13-09-2021 18:06:41.852,8191,
29-12-2020 20:21:55.352,11143168,13-09-2021 18:06:41.852,8191,
29-12-2020 20:21:55.352,11143168,13-09-2021 18:06:41.852,8191,
29-12-2020 20:21:55.352,11143168,13-09-2021 18:06:41.852,8191,
29-12-2020 20:21:55.352,11143168,13-09-2021 18:06:41.852,8191,
29-12-2020 20:21:55.352,11143168,13-09-2021 18:06:41.852,8191,
29-12-2020 20:21:55.352,11143168,13-09-2021 18:06:41.852,8191,
29-12-2020 20:21:55.352,11143168,13-09-2021 18:06:41.852,8191,
29-12-2020 20:21:55.352,11143168,13-09-2021 18:06:41.852,8191,
29-12-2020 20:21:55.352,11143168,13-09-2021 18:06:41.852,8191,
29-12-2020 20:21:55.352,11143168,13-09-2021 18:06:41.852,8191,
29-12-2020 20:21:55.352,11143168,13-09-2021 18:06:41.852,8191,
29-12-2020 20:21:55.352,11143168,13-09-2021 18:06:41.852,8191,
29-12-2020 20:21:55.352,11143168,13-09-2021 18:06:41.852,8191,
29-12-2020 20:21:55.352,11143168,13-09-2021 18:06:41.852,8191,
29-12-2020 20:21:55.352,11143168,13-09-2021 18:06:41.852,8191,
29-12-2020 20:21:55.352,11143168,13-09-2021 18:06:41.852,8191,
29-12-2020 20:21:55.352,11143168,13-09-2021 18:06:41.852,8191,
29-12-2020 20:21:55.352,11143168,13-09-2021 18:06:41.852,8191,
29-12-2020 20:21:55.352,11143168,13-09-2021 18:06:41.852,8191,
29-12-2020 20:21:55.352,11143168,13-09-2021 18:06:41.852,8191,
29-12-2020 20:21:55.352,11143168,13-09-2021 18:06:41.852,8191,
29-12-2020 20:21:55.352,11143168,13-09-2021 18:06:41.852,8191,
29-12-2020 20:21:55.352,11143168,13-09-2021 18:06:41.852,8191,
29-12-2020 20:21:55.352,11143168,13-09-2021 18:06:41.852,8191,
29-12-2020 20:21:55.352,11143168,13-09-2021 18:06:41.852,8191,
29-12-2020 20:21:55.352,11143168,13-09-2021 18:06:41.852,8191,
29-12-2020 20:21:55.608,11145216,13-09-2021 18:06:44.060,8191,
29-12-2020 20:21:55.608,11145216,13-09-2021 18:06:44.060,8191,
29-12-2020 20:21:55.608,11145216,13-09-2021 18:06:44.060,8191,
29-12-2020 20:21:55.608,11145216,13-09-2021 18:06:44.060,8191,
29-12-2020 20:21:55.608,11145216,13-09-2021 18:06:44.060,8191,
29-12-2020 20:21:55.608,11145216,13-09-2021 18:06:44.060,8191,
29-12-2020 20:21:55.608,11145216,13-09-2021 18:06:44.060,8191,
29-12-2020 20:21:55.608,11145216,13-09-2021 18:06:44.060,8191,
29-12-2020 20:21:55.608,11145216,13-09-2021 18:06:44.060,8191,
29-12-2020 20:21:55.608,11145216,13-09-2021 18:06:44.060,8191,
29-12-2020 20:21:55.608,11145216,13-09-2021 18:06:44.060,8191,
29-12-2020 20:21:55.608,11145216,13-09-2021 18:06:44.060,8191,
29-12-2020 20:21:55.608,11145216,13-09-2021 18:06:44.060,8191,
29-12-2020 20:21:55.608,11145216,13-09-2021 18:06:44.060,8191,
29-12-2020 20:21:55.608,11145216,13-09-2021 18:06:44.060,8191,
29-12-2020 20:21:55.608,11145216,13-09-2021 18:06:44.060,8191,
29-12-2020 20:21:55.608,11145216,13-09-2021 18:06:44.060,8191,
29-12-2020 20:21:55.608,11145216,13-09-2021 18:06:44.060,8191,
29-12-2020 20:21:55.608,11145216,13-09-2021 18:06:44.060,8191,
29-12-2020 20:21:55.608,11145216,13-09-2021 18:06:44.060,8191,
29-12-2020 20:21:55.608,11145216,13-09-2021 18:06:44.060,8191,
29-12-2020 20:21:55.608,11145216,13-09-2021 18:06:44.060,8191,
29-12-2020 20:21:55.608,11145216,13-09-2021 18:06:44.060,8191,
29-12-2020 20:21:55.608,11145216,13-09-2021 18:06:44.060,8191,
29-12-2020 20:21:55.608,11145216,13-09-2021 18:06:44.060,8191,
29-12-2020 20:21:55.608,11145216,13-09-2021 18:06:44.060,8191,
29-12-2020 20:21:55.608,11145216,13-09-2021 18:06:44.060,8191,
29-12-2020 20:21:55.608,11145216,13-09-2021 18:06:44.060,8191,
29-12-2020 20:21:55.608,11145216,13-09-2021 18:06:44.060,8191,
29-12-2020 20:21:55.608,11145216,13-09-2021 18:06:44.060,8191,
29-12-2020 20:21:55.608,11145216,13-09-2021 18:06:44.060,8191,
29-12-2020 20:21:55.608,11145216,13-09-2021 18:06:44.060,8191,
29-12-2020 20:21:55.608,11145216,13-09-2021 18:06:44.060,8191,
29-12-2020 20:21:55.608,11145216,13-09-2021 18:06:44.060,8191,
29-12-2020 20:21:55.608,11145216,13-09-2021 18:06:44.060,8191,
29-12-2020 20:21:55.608,11145216,13-09-2021 18:06:44.060,8191,
29-12-2020 20:21:55.608,11145216,13-09-2021 18:06:44.060,8191,
29-12-2020 20:21:55.608,11145216,13-09-2021 18:06:44.060,8191,
29-12-2020 20:21:55.608,11145216,13-09-2021 18:06:44.060,8191,
29-12-2020 20:21:55.608,11145216,13-09-2021 18:06:44.060,8191,
29-12-2020 20:21:55.608,11145216,13-09-2021 18:06:44.060,8191,
29-12-2020 20:21:55.608,11145216,13-09-2021 18:06:44.060,8191,
29-12-2020 20:21:55.608,11145216,13-09-2021 18:06:44.060,8191,
29-12-2020 20:21:55.608,11145216,13-09-2021 18:06:44.060,8191,
29-12-2020 20:21:55.608,11145216,13-09-2021 18:06:44.060,8191,
29-12-2020 20:21:55.608,11145216,13-09-2021 18:06:44.060,8191,
29-12-2020 20:21:55.608,11145216,13-09-2021 18:06:44.060,8191,
29-12-2020 20:21:55.608,11145216,13-09-2021 18:06:44.060,8191,
29-12-2020 20:21:55.608,11145216,13-09-2021 18:06:44.060,8191,
29-12-2020 20:21:55.608,11145216,13-09-2021 18:06:44.060,8191,
29-12-2020 20:21:55.608,11145216,13-09-2021 18:06:44.060,8191,
29-12-2020 20:21:55.608,11145216,13-09-2021 18:06:44.060,8191,
29-12-2020 20:21:55.608,11145216,13-09-2021 18:06:44.060,8191,
29-12-2020 20:21:55.608,11145216,13-09-2021 18:06:44.060,8191,
29-12-2020 20:21:55.608,11145216,13-09-2021 18:06:44.060,8191,
29-12-2020 20:21:55.608,11145216,13-09-2021 18:06:44.060,8191,
29-12-2020 20:21:55.608,11145216,13-09-2021 18:06:44.060,8191,
29-12-2020 20:21:55.608,11145216,13-09-2021 18:06:44.060,8191,
29-12-2020 20:21:55.608,11145216,13-09-2021 18:06:44.060,8191,
29-12-2020 20:21:55.608,11145216,13-09-2021 18:06:44.060,8191,
29-12-2020 20:21:55.608,11145216,13-09-2021 18:06:44.060,8191,
29-12-2020 20:21:55.608,11145216,13-09-2021 18:06:44.060,8191,
29-12-2020 20:21:55.608,11145216,13-09-2021 18:06:44.060,8191,
29-12-2020 20:21:55.608,11145216,13-09-2021 18:06:44.060,8191,
29-12-2020 20:21:55.608,11145216,13-09-2021 18:06:44.060,8191,
29-12-2020 20:21:55.608,11145216,13-09-2021 18:06:44.060,8191,
29-12-2020 20:21:55.608,11145216,13-09-2021 18:06:44.060,8191,
29-12-2020 20:21:55.608,11145216,13-09-2021 18:06:44.060,8191,
29-12-2020 20:21:55.608,11145216,13-09-2021 18:06:44.060,8191,
29-12-2020 20:21:55.608,11145216,13-09-2021 18:06:44.060,8191,
29-12-2020 20:21:55.608,11145216,13-09-2021 18:06:44.060,8191,
29-12-2020 20:21:55.608,11145216,13-09-2021 18:06:44.060,8191,
29-12-2020 20:21:55.608,11145216,13-09-2021 18:06:44.060,8191,
29-12-2020 20:21:55.608,11145216,13-09-2021 18:06:44.060,8191,
29-12-2020 20:21:55.608,11145216,13-09-2021 18:06:44.060,8191,
29-12-2020 20:21:55.608,11145216,13-09-2021 18:06:44.060,8191,
29-12-2020 20:21:55.608,11145216,13-09-2021 18:06:44.060,8191,
29-12-2020 20:21:55.608,11145216,13-09-2021 18:06:44.060,8191,
29-12-2020 20:21:55.608,11145216,13-09-2021 18:06:44.060,8191,
29-12-2020 20:21:55.608,11145216,13-09-2021 18:06:44.060,8191,
29-12-2020 20:21:55.608,11145216,13-09-2021 18:06:44.060,8191,
29-12-2020 20:21:55.608,11145216,13-09-2021 18:06:44.060,8191,
29-12-2020 20:21:55.608,11145216,13-09-2021 18:06:44.060,8191,
29-12-2020 20:21:55.608,11145216,13-09-2021 18:06:44.060,8191,
29-12-2020 20:21:55.608,11145216,13-09-2021 18:06:44.060,8191,
29-12-2020 20:21:55.608,11145216,13-09-2021 18:06:44.060,8191,
29-12-2020 20:21:55.608,11145216,13-09-2021 18:06:44.060,8191,
29-12-2020 20:21:55.608,11145216,13-09-2021 18:06:44.060,8191,
29-12-2020 20:21:55.608,11145216,13-09-2021 18:06:44.060,8191,
29-12-2020 20:21:55.608,11145216,13-09-2021 18:06:44.060,8191,
29-12-2020 20:21:55.608,11145216,13-09-2021 18:06:44.060,8191,
29-12-2020 20:21:55.608,11145216,13-09-2021 18:06:44.060,8191,
29-12-2020 20:21:55.608,11145216,13-09-2021 18:06:44.060,8191,
29-12-2020 20:21:55.608,11145216,13-09-2021 18:06:44.060,8191,
29-12-2020 20:21:55.608,11145216,13-09-2021 18:06:44.060,8191,
29-12-2020 20:21:55.608,11145216,13-09-2021 18:06:44.060,8191,
29-12-2020 20:21:55.608,11145216,13-09-2021 18:06:44.060,8191,
29-12-2020 20:21:55.608,11145216,13-09-2021 18:06:44.060,8191,
29-12-2020 20:21:55.608,11145216,13-09-2021 18:06:44.060,8191,
29-12-2020 20:21:55.608,11145216,13-09-2021 18:06:44.060,8191,
29-12-2020 20:21:55.608,11145216,13-09-2021 18:06:44.060,8191,
29-12-2020 20:21:55.608,11145216,13-09-2021 18:06:44.060,8191,
29-12-2020 20:21:55.608,11145216,13-09-2021 18:06:44.060,8191,
29-12-2020 20:21:55.608,11145216,13-09-2021 18:06:44.060,8191,
29-12-2020 20:21:55.608,11145216,13-09-2021 18:06:44.060,8191,
29-12-2020 20:21:55.608,11145216,13-09-2021 18:06:44.060,8191,
29-12-2020 20:21:55.608,11145216,13-09-2021 18:06:44.060,8191,
29-12-2020 20:21:55.608,11145216,13-09-2021 18:06:44.060,8191,
29-12-2020 20:21:55.608,11145216,13-09-2021 18:06:44.060,8191,
29-12-2020 20:21:55.608,11145216,13-09-2021 18:06:44.060,8191,
29-12-2020 20:21:55.608,11145216,13-09-2021 18:06:44.060,8191,
29-12-2020 20:21:55.608,11145216,13-09-2021 18:06:44.060,8191,
29-12-2020 20:21:55.608,11145216,13-09-2021 18:06:44.060,8191,
29-12-2020 20:21:55.608,11145216,13-09-2021 18:06:44.060,8191,
29-12-2020 20:21:55.608,11145216,13-09-2021 18:06:44.060,8191,
29-12-2020 20:21:55.608,11145216,13-09-2021 18:06:44.060,8191,
29-12-2020 20:21:55.608,11145216,13-09-2021 18:06:44.060,8191,
29-12-2020 20:21:55.608,11145216,13-09-2021 18:06:44.060,8191,
29-12-2020 20:21:55.608,11145216,13-09-2021 18:06:44.060,8191,
29-12-2020 20:21:55.608,11145216,13-09-2021 18:06:44.060,8191,
29-12-2020 20:21:55.608,11145216,13-09-2021 18:06:44.060,8191,
29-12-2020 20:21:55.608,11145216,13-09-2021 18:06:44.060,8191,
29-12-2020 20:21:55.608,11145216,13-09-2021 18:06:44.060,8191,
29-12-2020 20:21:55.608,11145216,13-09-2021 18:06:44.060,8191,
29-12-2020 20:21:55.608,11145216,13-09-2021 18:06:44.060,8191,
29-12-2020 20:21:55.608,11145216,13-09-2021 18:06:44.060,8191,
29-12-2020 20:21:55.608,11145216,13-09-2021 18:06:44.060,8191,
29-12-2020 20:21:55.608,11145216,13-09-2021 18:06:44.060,8191,
29-12-2020 20:21:55.864,11147264,13-09-2021 18:06:44.060,8191,
29-12-2020 20:21:55.864,11147264,13-09-2021 18:06:44.060,8191,
29-12-2020 20:21:55.864,11147264,13-09-2021 18:06:44.060,8191,
29-12-2020 20:21:55.864,11147264,13-09-2021 18:06:44.060,8191,
29-12-2020 20:21:55.864,11147264,13-09-2021 18:06:44.060,8191,
29-12-2020 20:21:55.864,11147264,13-09-2021 18:06:44.060,8191,
29-12-2020 20:21:55.864,11147264,13-09-2021 18:06:44.060,8191,
29-12-2020 20:21:55.864,11147264,13-09-2021 18:06:44.060,8191,
29-12-2020 20:21:55.864,11147264,13-09-2021 18:06:44.060,8191,
29-12-2020 20:21:55.864,11147264,13-09-2021 18:06:44.060,8191,
29-12-2020 20:21:55.864,11147264,13-09-2021 18:06:44.060,8191,
29-12-2020 20:21:55.864,11147264,13-09-2021 18:06:44.060,8191,
29-12-2020 20:21:55.864,11147264,13-09-2021 18:06:44.060,8191,
29-12-2020 20:21:55.864,11147264,13-09-2021 18:06:44.060,8191,
29-12-2020 20:21:55.864,11147264,13-09-2021 18:06:44.060,8191,
29-12-2020 20:21:55.864,11147264,13-09-2021 18:06:44.060,8191,
29-12-2020 20:21:55.864,11147264,13-09-2021 18:06:44.060,8191,
29-12-2020 20:21:55.864,11147264,13-09-2021 18:06:44.060,8191,
29-12-2020 20:21:55.864,11147264,13-09-2021 18:06:44.060,8191,
29-12-2020 20:21:55.864,11147264,13-09-2021 18:06:44.060,8191,
29-12-2020 20:21:55.864,11147264,13-09-2021 18:06:44.060,8191,
29-12-2020 20:21:55.864,11147264,13-09-2021 18:06:44.060,8191,
29-12-2020 20:21:55.864,11147264,13-09-2021 18:06:44.060,8191,
29-12-2020 20:21:55.864,11147264,13-09-2021 18:06:44.060,8191,
29-12-2020 20:21:55.864,11147264,13-09-2021 18:06:44.060,8191,
29-12-2020 20:21:55.864,11147264,13-09-2021 18:06:44.060,8191,
29-12-2020 20:21:55.864,11147264,13-09-2021 18:06:44.060,8191,
29-12-2020 20:21:55.864,11147264,13-09-2021 18:06:44.060,8191,
29-12-2020 20:21:55.864,11147264,13-09-2021 18:06:44.060,8191,
29-12-2020 20:21:55.864,11147264,13-09-2021 18:06:44.060,8191,
29-12-2020 20:21:55.864,11147264,13-09-2021 18:06:44.060,8191,
29-12-2020 20:21:55.864,11147264,13-09-2021 18:06:44.060,8191,
29-12-2020 20:21:55.864,11147264,13-09-2021 18:06:44.060,8191,
29-12-2020 20:21:55.864,11147264,13-09-2021 18:06:44.060,8191,
29-12-2020 20:21:55.864,11147264,13-09-2021 18:06:44.060,8191,
29-12-2020 20:21:55.864,11147264,13-09-2021 18:06:44.060,8191,
29-12-2020 20:21:55.864,11147264,13-09-2021 18:06:44.060,8191,
29-12-2020 20:21:55.864,11147264,13-09-2021 18:06:44.060,8191,
29-12-2020 20:21:55.864,11147264,13-09-2021 18:06:44.060,8191,
29-12-2020 20:21:55.864,11147264,13-09-2021 18:06:44.060,8191,
29-12-2020 20:21:55.864,11147264,13-09-2021 18:06:44.060,8191,
29-12-2020 20:21:55.864,11147264,13-09-2021 18:06:44.060,8191,
29-12-2020 20:21:55.864,11147264,13-09-2021 18:06:44.060,8191,
29-12-2020 20:21:55.864,11147264,13-09-2021 18:06:44.060,8191,
29-12-2020 20:21:55.864,11147264,13-09-2021 18:06:44.060,8191,
29-12-2020 20:21:55.864,11147264,13-09-2021 18:06:44.060,8191,
29-12-2020 20:21:55.864,11147264,13-09-2021 18:06:44.060,8191,
29-12-2020 20:21:55.864,11147264,13-09-2021 18:06:44.060,8191,
29-12-2020 20:21:55.864,11147264,13-09-2021 18:06:44.060,8191,
29-12-2020 20:21:55.864,11147264,13-09-2021 18:06:44.060,8191,
29-12-2020 20:21:55.864,11147264,13-09-2021 18:06:44.060,8191,
29-12-2020 20:21:55.864,11147264,13-09-2021 18:06:44.060,8191,
29-12-2020 20:21:55.864,11147264,13-09-2021 18:06:44.060,8191,
29-12-2020 20:21:55.864,11147264,13-09-2021 18:06:44.060,8191,
29-12-2020 20:21:55.864,11147264,13-09-2021 18:06:44.060,8191,
29-12-2020 20:21:55.864,11147264,13-09-2021 18:06:44.060,8191,
29-12-2020 20:21:55.864,11147264,13-09-2021 18:06:44.060,8191,
29-12-2020 20:21:55.864,11147264,13-09-2021 18:06:44.060,8191,
29-12-2020 20:21:55.864,11147264,13-09-2021 18:06:44.060,8191,
29-12-2020 20:21:55.864,11147264,13-09-2021 18:06:44.060,8191,
29-12-2020 20:21:55.864,11147264,13-09-2021 18:06:44.060,8191,
29-12-2020 20:21:55.864,11147264,13-09-2021 18:06:44.060,8191,
29-12-2020 20:21:55.864,11147264,13-09-2021 18:06:44.060,8191,
29-12-2020 20:21:55.864,11147264,13-09-2021 18:06:44.060,8191,
29-12-2020 20:21:55.864,11147264,13-09-2021 18:06:44.060,8191,
29-12-2020 20:21:55.864,11147264,13-09-2021 18:06:44.060,8191,
29-12-2020 20:21:55.864,11147264,13-09-2021 18:06:44.060,8191,
29-12-2020 20:21:55.864,11147264,13-09-2021 18:06:44.060,8191,
29-12-2020 20:21:55.864,11147264,13-09-2021 18:06:44.060,8191,
29-12-2020 20:21:55.864,11147264,13-09-2021 18:06:44.060,8191,
29-12-2020 20:21:55.864,11147264,13-09-2021 18:06:44.060,8191,
29-12-2020 20:21:55.864,11147264,13-09-2021 18:06:44.060,8191,
29-12-2020 20:21:55.864,11147264,13-09-2021 18:06:44.060,8191,
29-12-2020 20:21:55.864,11147264,13-09-2021 18:06:44.060,8191,
29-12-2020 20:21:55.864,11147264,13-09-2021 18:06:44.060,8191,
29-12-2020 20:21:55.864,11147264,13-09-2021 18:06:44.060,8191,
29-12-2020 20:21:55.864,11147264,13-09-2021 18:06:44.060,8191,
29-12-2020 20:21:55.864,11147264,13-09-2021 18:06:44.060,8191,
29-12-2020 20:21:55.864,11147264,13-09-2021 18:06:44.060,8191,
29-12-2020 20:21:55.864,11147264,13-09-2021 18:06:44.060,8191,
29-12-2020 20:21:55.864,11147264,13-09-2021 18:06:44.060,8191,
29-12-2020 20:21:55.864,11147264,13-09-2021 18:06:44.060,8191,
29-12-2020 20:21:55.864,11147264,13-09-2021 18:06:44.060,8191,
29-12-2020 20:21:55.864,11147264,13-09-2021 18:06:44.060,8191,
29-12-2020 20:21:55.864,11147264,13-09-2021 18:06:44.060,8191,
29-12-2020 20:21:55.864,11147264,13-09-2021 18:06:44.060,8191,
29-12-2020 20:21:55.864,11147264,13-09-2021 18:06:44.060,8191,
29-12-2020 20:21:55.864,11147264,13-09-2021 18:06:44.060,8191,
29-12-2020 20:21:55.864,11147264,13-09-2021 18:06:44.060,8191,
29-12-2020 20:21:55.864,11147264,13-09-2021 18:06:44.060,8191,
29-12-2020 20:21:55.864,11147264,13-09-2021 18:06:44.060,8191,
29-12-2020 20:21:55.864,11147264,13-09-2021 18:06:44.060,8191,
29-12-2020 20:21:55.864,11147264,13-09-2021 18:06:44.060,8191,
29-12-2020 20:21:55.864,11147264,13-09-2021 18:06:44.060,8191,
29-12-2020 20:21:55.864,11147264,13-09-2021 18:06:44.060,8191,
29-12-2020 20:21:55.864,11147264,13-09-2021 18:06:44.060,8191,
29-12-2020 20:21:55.864,11147264,13-09-2021 18:06:44.060,8191,
29-12-2020 20:21:55.864,11147264,13-09-2021 18:06:44.060,8191,
29-12-2020 20:21:55.864,11147264,13-09-2021 18:06:44.060,8191,
29-12-2020 20:21:55.864,11147264,13-09-2021 18:06:44.060,8191,
29-12-2020 20:21:55.864,11147264,13-09-2021 18:06:44.060,8191,
29-12-2020 20:21:55.864,11147264,13-09-2021 18:06:44.060,8191,
29-12-2020 20:21:55.864,11147264,13-09-2021 18:06:44.060,8191,
29-12-2020 20:21:55.864,11147264,13-09-2021 18:06:44.060,8191,
29-12-2020 20:21:55.864,11147264,13-09-2021 18:06:44.060,8191,
29-12-2020 20:21:55.864,11147264,13-09-2021 18:06:44.060,8191,
29-12-2020 20:21:55.864,11147264,13-09-2021 18:06:44.060,8191,
29-12-2020 20:21:55.864,11147264,13-09-2021 18:06:44.060,8191,
29-12-2020 20:21:55.864,11147264,13-09-2021 18:06:44.060,8191,
29-12-2020 20:21:55.864,11147264,13-09-2021 18:06:44.060,8191,
29-12-2020 20:21:55.864,11147264,13-09-2021 18:06:44.060,8191,
29-12-2020 20:21:55.864,11147264,13-09-2021 18:06:44.060,8191,
29-12-2020 20:21:55.864,11147264,13-09-2021 18:06:44.060,8191,
29-12-2020 20:21:55.864,11147264,13-09-2021 18:06:44.060,8191,
29-12-2020 20:21:55.864,11147264,13-09-2021 18:06:44.060,8191,
29-12-2020 20:21:55.864,11147264,13-09-2021 18:06:44.060,8191,
29-12-2020 20:21:55.864,11147264,13-09-2021 18:06:44.060,8191,
29-12-2020 20:21:55.864,11147264,13-09-2021 18:06:44.060,8191,
29-12-2020 20:21:55.864,11147264,13-09-2021 18:06:44.060,8191,
29-12-2020 20:21:55.864,11147264,13-09-2021 18:06:44.060,8191,
29-12-2020 20:21:55.864,11147264,13-09-2021 18:06:44.060,8191,
29-12-2020 20:21:55.864,11147264,13-09-2021 18:06:44.060,8191,
29-12-2020 20:21:55.864,11147264,13-09-2021 18:06:44.060,8191,
29-12-2020 20:21:55.864,11147264,13-09-2021 18:06:44.060,8191,
29-12-2020 20:21:55.864,11147264,13-09-2021 18:06:44.060,8191,
29-12-2020 20:21:55.864,11147264,13-09-2021 18:06:44.060,8191,
29-12-2020 20:21:55.864,11147264,13-09-2021 18:06:44.060,8191,
29-12-2020 20:21:55.864,11147264,13-09-2021 18:06:44.060,8191,
29-12-2020 20:21:56.120,11149312,13-09-2021 18:06:44.060,8191,
29-12-2020 20:21:56.120,11149312,13-09-2021 18:06:44.060,8191,
29-12-2020 20:21:56.120,11149312,13-09-2021 18:06:44.060,8191,
29-12-2020 20:21:56.120,11149312,13-09-2021 18:06:44.060,8191,
29-12-2020 20:21:56.120,11149312,13-09-2021 18:06:44.060,8191,
29-12-2020 20:21:56.120,11149312,13-09-2021 18:06:44.060,8191,
29-12-2020 20:21:56.120,11149312,13-09-2021 18:06:44.060,8191,
29-12-2020 20:21:56.120,11149312,13-09-2021 18:06:44.060,8191,
29-12-2020 20:21:56.120,11149312,13-09-2021 18:06:44.060,8191,
29-12-2020 20:21:56.120,11149312,13-09-2021 18:06:44.060,8191,
29-12-2020 20:21:56.120,11149312,13-09-2021 18:06:44.060,8191,
29-12-2020 20:21:56.120,11149312,13-09-2021 18:06:44.060,8191,
29-12-2020 20:21:56.120,11149312,13-09-2021 18:06:44.060,8191,
29-12-2020 20:21:56.120,11149312,13-09-2021 18:06:44.060,8191,
29-12-2020 20:21:56.120,11149312,13-09-2021 18:06:44.060,8191,
29-12-2020 20:21:56.120,11149312,13-09-2021 18:06:44.060,8191,
29-12-2020 20:21:56.120,11149312,13-09-2021 18:06:44.060,8191,
29-12-2020 20:21:56.120,11149312,13-09-2021 18:06:44.060,8191,
29-12-2020 20:21:56.120,11149312,13-09-2021 18:06:44.060,8191,
29-12-2020 20:21:56.120,11149312,13-09-2021 18:06:44.060,8191,
29-12-2020 20:21:56.120,11149312,13-09-2021 18:06:44.060,8191,
29-12-2020 20:21:56.120,11149312,13-09-2021 18:06:44.060,8191,
29-12-2020 20:21:56.120,11149312,13-09-2021 18:06:44.060,8191,
29-12-2020 20:21:56.120,11149312,13-09-2021 18:06:44.060,8191,
29-12-2020 20:21:56.120,11149312,13-09-2021 18:06:44.060,8191,
29-12-2020 20:21:56.120,11149312,13-09-2021 18:06:44.060,8191,
29-12-2020 20:21:56.120,11149312,13-09-2021 18:06:44.060,8191,
29-12-2020 20:21:56.120,11149312,13-09-2021 18:06:44.060,8191,
29-12-2020 20:21:56.120,11149312,13-09-2021 18:06:44.060,8191,
29-12-2020 20:21:56.120,11149312,13-09-2021 18:06:44.060,8191,
29-12-2020 20:21:56.120,11149312,13-09-2021 18:06:44.060,8191,
29-12-2020 20:21:56.120,11149312,13-09-2021 18:06:44.060,8191,
29-12-2020 20:21:56.120,11149312,13-09-2021 18:06:44.060,8191,
29-12-2020 20:21:56.120,11149312,13-09-2021 18:06:44.060,8191,
29-12-2020 20:21:56.120,11149312,13-09-2021 18:06:44.060,8191,
29-12-2020 20:21:56.120,11149312,13-09-2021 18:06:44.060,8191,
29-12-2020 20:21:56.120,11149312,13-09-2021 18:06:44.060,8191,
29-12-2020 20:21:56.120,11149312,13-09-2021 18:06:44.060,8191,
29-12-2020 20:21:56.120,11149312,13-09-2021 18:06:44.060,8191,
29-12-2020 20:21:56.120,11149312,13-09-2021 18:06:44.060,8191,
29-12-2020 20:21:56.120,11149312,13-09-2021 18:06:44.060,8191,
29-12-2020 20:21:56.120,11149312,13-09-2021 18:06:44.060,8191,
29-12-2020 20:21:56.120,11149312,13-09-2021 18:06:44.060,8191,
29-12-2020 20:21:56.120,11149312,13-09-2021 18:06:44.060,8191,
29-12-2020 20:21:56.120,11149312,13-09-2021 18:06:44.060,8191,
29-12-2020 20:21:56.120,11149312,13-09-2021 18:06:44.060,8191,
29-12-2020 20:21:56.120,11149312,13-09-2021 18:06:44.060,8191,
29-12-2020 20:21:56.120,11149312,13-09-2021 18:06:44.060,8191,
29-12-2020 20:21:56.120,11149312,13-09-2021 18:06:44.060,8191,
29-12-2020 20:21:56.120,11149312,13-09-2021 18:06:44.060,8191,
29-12-2020 20:21:56.120,11149312,13-09-2021 18:06:44.060,8191,
29-12-2020 20:21:56.120,11149312,13-09-2021 18:06:44.060,8191,
29-12-2020 20:21:56.120,11149312,13-09-2021 18:06:44.060,8191,
29-12-2020 20:21:56.120,11149312,13-09-2021 18:06:44.060,8191,
29-12-2020 20:21:56.120,11149312,13-09-2021 18:06:44.060,8191,
29-12-2020 20:21:56.120,11149312,13-09-2021 18:06:44.060,8191,
29-12-2020 20:21:56.120,11149312,13-09-2021 18:06:44.060,8191,
29-12-2020 20:21:56.120,11149312,13-09-2021 18:06:44.060,8191,
29-12-2020 20:21:56.120,11149312,13-09-2021 18:06:44.060,8191,
29-12-2020 20:21:56.120,11149312,13-09-2021 18:06:44.060,8191,
29-12-2020 20:21:56.120,11149312,13-09-2021 18:06:44.060,8191,
29-12-2020 20:21:56.120,11149312,13-09-2021 18:06:44.060,8191,
29-12-2020 20:21:56.120,11149312,13-09-2021 18:06:44.060,8191,
29-12-2020 20:21:56.120,11149312,13-09-2021 18:06:44.060,8191,
29-12-2020 20:21:56.120,11149312,13-09-2021 18:06:44.060,8191,
29-12-2020 20:21:56.120,11149312,13-09-2021 18:06:44.060,8191,
29-12-2020 20:21:56.120,11149312,13-09-2021 18:06:44.060,8191,
29-12-2020 20:21:56.120,11149312,13-09-2021 18:06:44.060,8191,
29-12-2020 20:21:56.120,11149312,13-09-2021 18:06:44.060,8191,
29-12-2020 20:21:56.120,11149312,13-09-2021 18:06:44.060,8191,
29-12-2020 20:21:56.120,11149312,13-09-2021 18:06:44.060,8191,
29-12-2020 20:21:56.120,11149312,13-09-2021 18:06:44.060,8191,
29-12-2020 20:21:56.120,11149312,13-09-2021 18:06:44.060,8191,
29-12-2020 20:21:56.120,11149312,13-09-2021 18:06:44.060,8191,
29-12-2020 20:21:56.120,11149312,13-09-2021 18:06:44.060,8191,
29-12-2020 20:21:56.120,11149312,13-09-2021 18:06:44.060,8191,
29-12-2020 20:21:56.120,11149312,13-09-2021 18:06:44.060,8191,
29-12-2020 20:21:56.120,11149312,13-09-2021 18:06:44.060,8191,
29-12-2020 20:21:56.120,11149312,13-09-2021 18:06:44.060,8191,
29-12-2020 20:21:56.120,11149312,13-09-2021 18:06:44.060,8191,
29-12-2020 20:21:56.120,11149312,13-09-2021 18:06:44.060,8191,
29-12-2020 20:21:56.120,11149312,13-09-2021 18:06:44.060,8191,
29-12-2020 20:21:56.120,11149312,13-09-2021 18:06:44.060,8191,
29-12-2020 20:21:56.120,11149312,13-09-2021 18:06:44.060,8191,
29-12-2020 20:21:56.120,11149312,13-09-2021 18:06:44.060,8191,
29-12-2020 20:21:56.120,11149312,13-09-2021 18:06:44.060,8191,
29-12-2020 20:21:56.120,11149312,13-09-2021 18:06:44.060,8191,
29-12-2020 20:21:56.120,11149312,13-09-2021 18:06:44.060,8191,
29-12-2020 20:21:56.120,11149312,13-09-2021 18:06:44.060,8191,
29-12-2020 20:21:56.120,11149312,13-09-2021 18:06:44.060,8191,
29-12-2020 20:21:56.120,11149312,13-09-2021 18:06:44.060,8191,
29-12-2020 20:21:56.120,11149312,13-09-2021 18:06:44.060,8191,
29-12-2020 20:21:56.120,11149312,13-09-2021 18:06:44.060,8191,
29-12-2020 20:21:56.120,11149312,13-09-2021 18:06:44.060,8191,
29-12-2020 20:21:56.120,11149312,13-09-2021 18:06:44.060,8191,
29-12-2020 20:21:56.120,11149312,13-09-2021 18:06:44.060,8191,
29-12-2020 20:21:56.120,11149312,13-09-2021 18:06:44.060,8191,
29-12-2020 20:21:56.120,11149312,13-09-2021 18:06:44.060,8191,
29-12-2020 20:21:56.120,11149312,13-09-2021 18:06:44.060,8191,
29-12-2020 20:21:56.120,11149312,13-09-2021 18:06:44.060,8191,
29-12-2020 20:21:56.120,11149312,13-09-2021 18:06:44.060,8191,
29-12-2020 20:21:56.120,11149312,13-09-2021 18:06:44.060,8191,
29-12-2020 20:21:56.120,11149312,13-09-2021 18:06:44.060,8191,
29-12-2020 20:21:56.120,11149312,13-09-2021 18:06:44.060,8191,
29-12-2020 20:21:56.120,11149312,13-09-2021 18:06:44.060,8191,
29-12-2020 20:21:56.120,11149312,13-09-2021 18:06:44.060,8191,
29-12-2020 20:21:56.120,11149312,13-09-2021 18:06:44.060,8191,
29-12-2020 20:21:56.120,11149312,13-09-2021 18:06:44.060,8191,
29-12-2020 20:21:56.120,11149312,13-09-2021 18:06:44.060,8191,
29-12-2020 20:21:56.120,11149312,13-09-2021 18:06:44.060,8191,
29-12-2020 20:21:56.120,11149312,13-09-2021 18:06:44.060,8191,
29-12-2020 20:21:56.120,11149312,13-09-2021 18:06:44.060,8191,
29-12-2020 20:21:56.120,11149312,13-09-2021 18:06:44.060,8191,
29-12-2020 20:21:56.120,11149312,13-09-2021 18:06:44.060,8191,
29-12-2020 20:21:56.120,11149312,13-09-2021 18:06:44.060,8191,
29-12-2020 20:21:56.120,11149312,13-09-2021 18:06:44.060,8191,
29-12-2020 20:21:56.120,11149312,13-09-2021 18:06:44.060,8191,
29-12-2020 20:21:56.120,11149312,13-09-2021 18:06:44.060,8191,
29-12-2020 20:21:56.120,11149312,13-09-2021 18:06:44.060,8191,
29-12-2020 20:21:56.120,11149312,13-09-2021 18:06:44.060,8191,
29-12-2020 20:21:56.120,11149312,13-09-2021 18:06:44.060,8191,
29-12-2020 20:21:56.120,11149312,13-09-2021 18:06:44.060,8191,
29-12-2020 20:21:56.120,11149312,13-09-2021 18:06:44.060,8191,
29-12-2020 20:21:56.120,11149312,13-09-2021 18:06:44.060,8191,
29-12-2020 20:21:56.120,11149312,13-09-2021 18:06:44.060,8191,
29-12-2020 20:21:56.120,11149312,13-09-2021 18:06:44.060,8191,
29-12-2020 20:21:56.120,11149312,13-09-2021 18:06:44.060,8191,
29-12-2020 20:21:56.120,11149312,13-09-2021 18:06:44.060,8191,
29-12-2020 20:21:56.376,11151360,13-09-2021 18:06:44.060,8191,
29-12-2020 20:21:56.376,11151360,13-09-2021 18:06:44.060,8191,
29-12-2020 20:21:56.376,11151360,13-09-2021 18:06:44.060,8191,
29-12-2020 20:21:56.376,11151360,13-09-2021 18:06:44.060,8191,
29-12-2020 20:21:56.376,11151360,13-09-2021 18:06:44.060,8191,
29-12-2020 20:21:56.376,11151360,13-09-2021 18:06:44.060,8191,
29-12-2020 20:21:56.376,11151360,13-09-2021 18:06:44.060,8191,
29-12-2020 20:21:56.376,11151360,13-09-2021 18:06:44.060,8191,
29-12-2020 20:21:56.376,11151360,13-09-2021 18:06:44.060,8191,
29-12-2020 20:21:56.376,11151360,13-09-2021 18:06:44.060,8191,
29-12-2020 20:21:56.376,11151360,13-09-2021 18:06:44.060,8191,
29-12-2020 20:21:56.376,11151360,13-09-2021 18:06:44.060,8191,
29-12-2020 20:21:56.376,11151360,13-09-2021 18:06:44.060,8191,
29-12-2020 20:21:56.376,11151360,13-09-2021 18:06:44.060,8191,
29-12-2020 20:21:56.376,11151360,13-09-2021 18:06:44.060,8191,
29-12-2020 20:21:56.376,11151360,13-09-2021 18:06:44.060,8191,
29-12-2020 20:21:56.376,11151360,13-09-2021 18:06:44.060,8191,
29-12-2020 20:21:56.376,11151360,13-09-2021 18:06:44.060,8191,
29-12-2020 20:21:56.376,11151360,13-09-2021 18:06:44.060,8191,
29-12-2020 20:21:56.376,11151360,13-09-2021 18:06:44.060,8191,
29-12-2020 20:21:56.376,11151360,13-09-2021 18:06:44.060,8191,
29-12-2020 20:21:56.376,11151360,13-09-2021 18:06:44.060,8191,
29-12-2020 20:21:56.376,11151360,13-09-2021 18:06:44.060,8191,
29-12-2020 20:21:56.376,11151360,13-09-2021 18:06:44.060,8191,
29-12-2020 20:21:56.376,11151360,13-09-2021 18:06:44.060,8191,
29-12-2020 20:21:56.376,11151360,13-09-2021 18:06:44.060,8191,
29-12-2020 20:21:56.376,11151360,13-09-2021 18:06:44.060,8191,
29-12-2020 20:21:56.376,11151360,13-09-2021 18:06:44.060,8191,
29-12-2020 20:21:56.376,11151360,13-09-2021 18:06:44.060,8191,
29-12-2020 20:21:56.376,11151360,13-09-2021 18:06:44.060,8191,
29-12-2020 20:21:56.376,11151360,13-09-2021 18:06:44.060,8191,
29-12-2020 20:21:56.376,11151360,13-09-2021 18:06:44.060,8191,
29-12-2020 20:21:56.376,11151360,13-09-2021 18:06:44.060,8191,
29-12-2020 20:21:56.376,11151360,13-09-2021 18:06:44.060,8191,
29-12-2020 20:21:56.376,11151360,13-09-2021 18:06:44.060,8191,
29-12-2020 20:21:56.376,11151360,13-09-2021 18:06:44.060,8191,
29-12-2020 20:21:56.376,11151360,13-09-2021 18:06:44.060,8191,
29-12-2020 20:21:56.376,11151360,13-09-2021 18:06:44.060,8191,
29-12-2020 20:21:56.376,11151360,13-09-2021 18:06:44.060,8191,
29-12-2020 20:21:56.376,11151360,13-09-2021 18:06:44.060,8191,
29-12-2020 20:21:56.376,11151360,13-09-2021 18:06:44.060,8191,
29-12-2020 20:21:56.376,11151360,13-09-2021 18:06:44.060,8191,
29-12-2020 20:21:56.376,11151360,13-09-2021 18:06:44.060,8191,
29-12-2020 20:21:56.376,11151360,13-09-2021 18:06:44.060,8191,
29-12-2020 20:21:56.376,11151360,13-09-2021 18:06:44.060,8191,
29-12-2020 20:21:56.376,11151360,13-09-2021 18:06:44.060,8191,
29-12-2020 20:21:56.376,11151360,13-09-2021 18:06:44.060,8191,
29-12-2020 20:21:56.376,11151360,13-09-2021 18:06:44.060,8191,
29-12-2020 20:21:56.376,11151360,13-09-2021 18:06:44.060,8191,
29-12-2020 20:21:56.376,11151360,13-09-2021 18:06:44.060,8191,
29-12-2020 20:21:56.376,11151360,13-09-2021 18:06:44.060,8191,
29-12-2020 20:21:56.376,11151360,13-09-2021 18:06:44.060,8191,
29-12-2020 20:21:56.376,11151360,13-09-2021 18:06:44.060,8191,
29-12-2020 20:21:56.376,11151360,13-09-2021 18:06:44.060,8191,
29-12-2020 20:21:56.376,11151360,13-09-2021 18:06:44.060,8191,
29-12-2020 20:21:56.376,11151360,13-09-2021 18:06:44.060,8191,
29-12-2020 20:21:56.376,11151360,13-09-2021 18:06:44.060,8191,
29-12-2020 20:21:56.376,11151360,13-09-2021 18:06:44.060,8191,
29-12-2020 20:21:56.376,11151360,13-09-2021 18:06:44.060,8191,
29-12-2020 20:21:56.376,11151360,13-09-2021 18:06:44.060,8191,
29-12-2020 20:21:56.376,11151360,13-09-2021 18:06:44.060,8191,
29-12-2020 20:21:56.376,11151360,13-09-2021 18:06:44.060,8191,
29-12-2020 20:21:56.376,11151360,13-09-2021 18:06:44.060,8191,
29-12-2020 20:21:56.376,11151360,13-09-2021 18:06:44.060,8191,
29-12-2020 20:21:56.376,11151360,13-09-2021 18:06:44.060,8191,
29-12-2020 20:21:56.376,11151360,13-09-2021 18:06:44.060,8191,
29-12-2020 20:21:56.376,11151360,13-09-2021 18:06:44.060,8191,
29-12-2020 20:21:56.376,11151360,13-09-2021 18:06:44.060,8191,
29-12-2020 20:21:56.376,11151360,13-09-2021 18:06:44.060,8191,
29-12-2020 20:21:56.376,11151360,13-09-2021 18:06:44.060,8191,
29-12-2020 20:21:56.376,11151360,13-09-2021 18:06:44.060,8191,
29-12-2020 20:21:56.376,11151360,13-09-2021 18:06:44.060,8191,
29-12-2020 20:21:56.376,11151360,13-09-2021 18:06:44.060,8191,
29-12-2020 20:21:56.376,11151360,13-09-2021 18:06:44.060,8191,
29-12-2020 20:21:56.376,11151360,13-09-2021 18:06:44.060,8191,
29-12-2020 20:21:56.376,11151360,13-09-2021 18:06:44.060,8191,
29-12-2020 20:21:56.376,11151360,13-09-2021 18:06:44.060,8191,
29-12-2020 20:21:56.376,11151360,13-09-2021 18:06:44.060,8191,
29-12-2020 20:21:56.376,11151360,13-09-2021 18:06:44.060,8191,
29-12-2020 20:21:56.376,11151360,13-09-2021 18:06:44.060,8191,
29-12-2020 20:21:56.376,11151360,13-09-2021 18:06:44.060,8191,
29-12-2020 20:21:56.376,11151360,13-09-2021 18:06:44.060,8191,
29-12-2020 20:21:56.376,11151360,13-09-2021 18:06:44.060,8191,
29-12-2020 20:21:56.376,11151360,13-09-2021 18:06:44.060,8191,
29-12-2020 20:21:56.376,11151360,13-09-2021 18:06:44.060,8191,
29-12-2020 20:21:56.376,11151360,13-09-2021 18:06:44.060,8191,
29-12-2020 20:21:56.376,11151360,13-09-2021 18:06:44.060,8191,
29-12-2020 20:21:56.376,11151360,13-09-2021 18:06:44.060,8191,
29-12-2020 20:21:56.376,11151360,13-09-2021 18:06:44.060,8191,
29-12-2020 20:21:56.376,11151360,13-09-2021 18:06:44.060,8191,
29-12-2020 20:21:56.376,11151360,13-09-2021 18:06:44.060,8191,
29-12-2020 20:21:56.376,11151360,13-09-2021 18:06:44.060,8191,
29-12-2020 20:21:56.376,11151360,13-09-2021 18:06:44.060,8191,
29-12-2020 20:21:56.376,11151360,13-09-2021 18:06:44.060,8191,
29-12-2020 20:21:56.376,11151360,13-09-2021 18:06:44.060,8191,
29-12-2020 20:21:56.376,11151360,13-09-2021 18:06:44.060,8191,
29-12-2020 20:21:56.376,11151360,13-09-2021 18:06:44.060,8191,
29-12-2020 20:21:56.376,11151360,13-09-2021 18:06:44.060,8191,
29-12-2020 20:21:56.376,11151360,13-09-2021 18:06:44.060,8191,
29-12-2020 20:21:56.376,11151360,13-09-2021 18:06:44.060,8191,
29-12-2020 20:21:56.376,11151360,13-09-2021 18:06:44.060,8191,
29-12-2020 20:21:56.376,11151360,13-09-2021 18:06:44.060,8191,
29-12-2020 20:21:56.376,11151360,13-09-2021 18:06:44.060,8191,
29-12-2020 20:21:56.376,11151360,13-09-2021 18:06:44.060,8191,
29-12-2020 20:21:56.376,11151360,13-09-2021 18:06:44.060,8191,
29-12-2020 20:21:56.376,11151360,13-09-2021 18:06:44.060,8191,
29-12-2020 20:21:56.376,11151360,13-09-2021 18:06:44.060,8191,
29-12-2020 20:21:56.376,11151360,13-09-2021 18:06:44.060,8191,
29-12-2020 20:21:56.376,11151360,13-09-2021 18:06:44.060,8191,
29-12-2020 20:21:56.376,11151360,13-09-2021 18:06:44.060,8191,
29-12-2020 20:21:56.376,11151360,13-09-2021 18:06:44.060,8191,
29-12-2020 20:21:56.376,11151360,13-09-2021 18:06:44.060,8191,
29-12-2020 20:21:56.376,11151360,13-09-2021 18:06:44.060,8191,
29-12-2020 20:21:56.376,11151360,13-09-2021 18:06:44.060,8191,
29-12-2020 20:21:56.376,11151360,13-09-2021 18:06:44.060,8191,
29-12-2020 20:21:56.376,11151360,13-09-2021 18:06:44.060,8191,
29-12-2020 20:21:56.376,11151360,13-09-2021 18:06:44.060,8191,
29-12-2020 20:21:56.376,11151360,13-09-2021 18:06:44.060,8191,
29-12-2020 20:21:56.376,11151360,13-09-2021 18:06:44.060,8191,
29-12-2020 20:21:56.376,11151360,13-09-2021 18:06:44.060,8191,
29-12-2020 20:21:56.376,11151360,13-09-2021 18:06:44.060,8191,
29-12-2020 20:21:56.376,11151360,13-09-2021 18:06:44.060,8191,
29-12-2020 20:21:56.376,11151360,13-09-2021 18:06:44.060,8191,
29-12-2020 20:21:56.376,11151360,13-09-2021 18:06:44.060,8191,
29-12-2020 20:21:56.376,11151360,13-09-2021 18:06:44.060,8191,
29-12-2020 20:21:56.376,11151360,13-09-2021 18:06:44.060,8191,
29-12-2020 20:21:56.376,11151360,13-09-2021 18:06:44.060,8191,
29-12-2020 20:21:56.376,11151360,13-09-2021 18:06:44.060,8191,
29-12-2020 20:21:56.632,11153408,13-09-2021 18:06:44.091,8191,
29-12-2020 20:21:56.632,11153408,13-09-2021 18:06:44.091,8191,
29-12-2020 20:21:56.632,11153408,13-09-2021 18:06:44.091,8191,
29-12-2020 20:21:56.632,11153408,13-09-2021 18:06:44.091,8191,
29-12-2020 20:21:56.632,11153408,13-09-2021 18:06:44.091,8191,
29-12-2020 20:21:56.632,11153408,13-09-2021 18:06:44.091,8191,
29-12-2020 20:21:56.632,11153408,13-09-2021 18:06:44.091,8191,
29-12-2020 20:21:56.632,11153408,13-09-2021 18:06:44.091,8191,
29-12-2020 20:21:56.632,11153408,13-09-2021 18:06:44.091,8191,
29-12-2020 20:21:56.632,11153408,13-09-2021 18:06:44.091,8191,
29-12-2020 20:21:56.632,11153408,13-09-2021 18:06:44.091,8191,
29-12-2020 20:21:56.632,11153408,13-09-2021 18:06:44.091,8191,
29-12-2020 20:21:56.632,11153408,13-09-2021 18:06:44.091,8191,
29-12-2020 20:21:56.632,11153408,13-09-2021 18:06:44.091,8191,
29-12-2020 20:21:56.632,11153408,13-09-2021 18:06:44.091,8191,
29-12-2020 20:21:56.632,11153408,13-09-2021 18:06:44.091,8191,
29-12-2020 20:21:56.632,11153408,13-09-2021 18:06:44.091,8191,
29-12-2020 20:21:56.632,11153408,13-09-2021 18:06:44.091,8191,
29-12-2020 20:21:56.632,11153408,13-09-2021 18:06:44.091,8191,
29-12-2020 20:21:56.632,11153408,13-09-2021 18:06:44.091,8191,
29-12-2020 20:21:56.632,11153408,13-09-2021 18:06:44.091,8191,
29-12-2020 20:21:56.632,11153408,13-09-2021 18:06:44.091,8191,
29-12-2020 20:21:56.632,11153408,13-09-2021 18:06:44.091,8191,
29-12-2020 20:21:56.632,11153408,13-09-2021 18:06:44.091,8191,
29-12-2020 20:21:56.632,11153408,13-09-2021 18:06:44.091,8191,
29-12-2020 20:21:56.632,11153408,13-09-2021 18:06:44.091,8191,
29-12-2020 20:21:56.632,11153408,13-09-2021 18:06:44.091,8191,
29-12-2020 20:21:56.632,11153408,13-09-2021 18:06:44.091,8191,
29-12-2020 20:21:56.632,11153408,13-09-2021 18:06:44.091,8191,
29-12-2020 20:21:56.632,11153408,13-09-2021 18:06:44.091,8191,
29-12-2020 20:21:56.632,11153408,13-09-2021 18:06:44.091,8191,
29-12-2020 20:21:56.632,11153408,13-09-2021 18:06:44.091,8191,
29-12-2020 20:21:56.632,11153408,13-09-2021 18:06:44.091,8191,
29-12-2020 20:21:56.632,11153408,13-09-2021 18:06:44.091,8191,
29-12-2020 20:21:56.632,11153408,13-09-2021 18:06:44.091,8191,
29-12-2020 20:21:56.632,11153408,13-09-2021 18:06:44.091,8191,
29-12-2020 20:21:56.632,11153408,13-09-2021 18:06:44.091,8191,
29-12-2020 20:21:56.632,11153408,13-09-2021 18:06:44.091,8191,
29-12-2020 20:21:56.632,11153408,13-09-2021 18:06:44.091,8191,
29-12-2020 20:21:56.632,11153408,13-09-2021 18:06:44.091,8191,
29-12-2020 20:21:56.632,11153408,13-09-2021 18:06:44.091,8191,
29-12-2020 20:21:56.632,11153408,13-09-2021 18:06:44.091,8191,
29-12-2020 20:21:56.632,11153408,13-09-2021 18:06:44.091,8191,
29-12-2020 20:21:56.632,11153408,13-09-2021 18:06:44.091,8191,
29-12-2020 20:21:56.632,11153408,13-09-2021 18:06:44.091,8191,
29-12-2020 20:21:56.632,11153408,13-09-2021 18:06:44.091,8191,
29-12-2020 20:21:56.632,11153408,13-09-2021 18:06:44.091,8191,
29-12-2020 20:21:56.632,11153408,13-09-2021 18:06:44.091,8191,
29-12-2020 20:21:56.632,11153408,13-09-2021 18:06:44.091,8191,
29-12-2020 20:21:56.632,11153408,13-09-2021 18:06:44.091,8191,
29-12-2020 20:21:56.632,11153408,13-09-2021 18:06:44.091,8191,
29-12-2020 20:21:56.632,11153408,13-09-2021 18:06:44.091,8191,
29-12-2020 20:21:56.632,11153408,13-09-2021 18:06:44.091,8191,
29-12-2020 20:21:56.632,11153408,13-09-2021 18:06:44.091,8191,
29-12-2020 20:21:56.632,11153408,13-09-2021 18:06:44.091,8191,
29-12-2020 20:21:56.632,11153408,13-09-2021 18:06:44.091,8191,
29-12-2020 20:21:56.632,11153408,13-09-2021 18:06:44.091,8191,
29-12-2020 20:21:56.632,11153408,13-09-2021 18:06:44.091,8191,
29-12-2020 20:21:56.632,11153408,13-09-2021 18:06:44.091,8191,
29-12-2020 20:21:56.632,11153408,13-09-2021 18:06:44.091,8191,
29-12-2020 20:21:56.632,11153408,13-09-2021 18:06:44.091,8191,
29-12-2020 20:21:56.632,11153408,13-09-2021 18:06:44.091,8191,
29-12-2020 20:21:56.632,11153408,13-09-2021 18:06:44.091,8191,
29-12-2020 20:21:56.632,11153408,13-09-2021 18:06:44.091,8191,
29-12-2020 20:21:56.632,11153408,13-09-2021 18:06:44.091,8191,
29-12-2020 20:21:56.632,11153408,13-09-2021 18:06:44.091,8191,
29-12-2020 20:21:56.632,11153408,13-09-2021 18:06:44.091,8191,
29-12-2020 20:21:56.632,11153408,13-09-2021 18:06:44.091,8191,
29-12-2020 20:21:56.632,11153408,13-09-2021 18:06:44.091,8191,
29-12-2020 20:21:56.632,11153408,13-09-2021 18:06:44.091,8191,
29-12-2020 20:21:56.632,11153408,13-09-2021 18:06:44.091,8191,
29-12-2020 20:21:56.632,11153408,13-09-2021 18:06:44.091,8191,
29-12-2020 20:21:56.632,11153408,13-09-2021 18:06:44.091,8191,
29-12-2020 20:21:56.632,11153408,13-09-2021 18:06:44.091,8191,
29-12-2020 20:21:56.632,11153408,13-09-2021 18:06:44.091,8191,
29-12-2020 20:21:56.632,11153408,13-09-2021 18:06:44.091,8191,
29-12-2020 20:21:56.632,11153408,13-09-2021 18:06:44.091,8191,
29-12-2020 20:21:56.632,11153408,13-09-2021 18:06:44.091,8191,
29-12-2020 20:21:56.632,11153408,13-09-2021 18:06:44.091,8191,
29-12-2020 20:21:56.632,11153408,13-09-2021 18:06:44.091,8191,
29-12-2020 20:21:56.632,11153408,13-09-2021 18:06:44.091,8191,
29-12-2020 20:21:56.632,11153408,13-09-2021 18:06:44.091,8191,
29-12-2020 20:21:56.632,11153408,13-09-2021 18:06:44.091,8191,
29-12-2020 20:21:56.632,11153408,13-09-2021 18:06:44.091,8191,
29-12-2020 20:21:56.632,11153408,13-09-2021 18:06:44.091,8191,
29-12-2020 20:21:56.632,11153408,13-09-2021 18:06:44.091,8191,
29-12-2020 20:21:56.632,11153408,13-09-2021 18:06:44.091,8191,
29-12-2020 20:21:56.632,11153408,13-09-2021 18:06:44.091,8191,
29-12-2020 20:21:56.632,11153408,13-09-2021 18:06:44.091,8191,
29-12-2020 20:21:56.632,11153408,13-09-2021 18:06:44.091,8191,
29-12-2020 20:21:56.632,11153408,13-09-2021 18:06:44.091,8191,
29-12-2020 20:21:56.632,11153408,13-09-2021 18:06:44.091,8191,
29-12-2020 20:21:56.632,11153408,13-09-2021 18:06:44.091,8191,
29-12-2020 20:21:56.632,11153408,13-09-2021 18:06:44.091,8191,
29-12-2020 20:21:56.632,11153408,13-09-2021 18:06:44.091,8191,
29-12-2020 20:21:56.632,11153408,13-09-2021 18:06:44.091,8191,
29-12-2020 20:21:56.632,11153408,13-09-2021 18:06:44.091,8191,
29-12-2020 20:21:56.632,11153408,13-09-2021 18:06:44.091,8191,
29-12-2020 20:21:56.632,11153408,13-09-2021 18:06:44.091,8191,
29-12-2020 20:21:56.632,11153408,13-09-2021 18:06:44.091,8191,
29-12-2020 20:21:56.632,11153408,13-09-2021 18:06:44.091,8191,
29-12-2020 20:21:56.632,11153408,13-09-2021 18:06:44.091,8191,
29-12-2020 20:21:56.632,11153408,13-09-2021 18:06:44.091,8191,
29-12-2020 20:21:56.632,11153408,13-09-2021 18:06:44.091,8191,
29-12-2020 20:21:56.632,11153408,13-09-2021 18:06:44.091,8191,
29-12-2020 20:21:56.632,11153408,13-09-2021 18:06:44.091,8191,
29-12-2020 20:21:56.632,11153408,13-09-2021 18:06:44.091,8191,
29-12-2020 20:21:56.632,11153408,13-09-2021 18:06:44.091,8191,
29-12-2020 20:21:56.632,11153408,13-09-2021 18:06:44.091,8191,
29-12-2020 20:21:56.632,11153408,13-09-2021 18:06:44.091,8191,
29-12-2020 20:21:56.632,11153408,13-09-2021 18:06:44.091,8191,
29-12-2020 20:21:56.632,11153408,13-09-2021 18:06:44.091,8191,
29-12-2020 20:21:56.632,11153408,13-09-2021 18:06:44.091,8191,
29-12-2020 20:21:56.632,11153408,13-09-2021 18:06:44.091,8191,
29-12-2020 20:21:56.632,11153408,13-09-2021 18:06:44.091,8191,
29-12-2020 20:21:56.632,11153408,13-09-2021 18:06:44.091,8191,
29-12-2020 20:21:56.632,11153408,13-09-2021 18:06:44.091,8191,
29-12-2020 20:21:56.632,11153408,13-09-2021 18:06:44.091,8191,
29-12-2020 20:21:56.632,11153408,13-09-2021 18:06:44.091,8191,
29-12-2020 20:21:56.632,11153408,13-09-2021 18:06:44.091,8191,
29-12-2020 20:21:56.632,11153408,13-09-2021 18:06:44.091,8191,
29-12-2020 20:21:56.632,11153408,13-09-2021 18:06:44.091,8191,
29-12-2020 20:21:56.632,11153408,13-09-2021 18:06:44.091,8191,
29-12-2020 20:21:56.632,11153408,13-09-2021 18:06:44.091,8191,
29-12-2020 20:21:56.632,11153408,13-09-2021 18:06:44.091,8191,
29-12-2020 20:21:56.632,11153408,13-09-2021 18:06:44.091,8191,
29-12-2020 20:21:56.632,11153408,13-09-2021 18:06:44.091,8191,
29-12-2020 20:21:56.632,11153408,13-09-2021 18:06:44.091,8191,
29-12-2020 20:21:56.888,11155456,13-09-2021 18:06:44.091,8191,
29-12-2020 20:21:56.888,11155456,13-09-2021 18:06:44.091,8191,
29-12-2020 20:21:56.888,11155456,13-09-2021 18:06:44.091,8191,
29-12-2020 20:21:56.888,11155456,13-09-2021 18:06:44.091,8191,
29-12-2020 20:21:56.888,11155456,13-09-2021 18:06:44.091,8191,
29-12-2020 20:21:56.888,11155456,13-09-2021 18:06:44.091,8191,
29-12-2020 20:21:56.888,11155456,13-09-2021 18:06:44.091,8191,
29-12-2020 20:21:56.888,11155456,13-09-2021 18:06:44.091,8191,
29-12-2020 20:21:56.888,11155456,13-09-2021 18:06:44.091,8191,
29-12-2020 20:21:56.888,11155456,13-09-2021 18:06:44.091,8191,
29-12-2020 20:21:56.888,11155456,13-09-2021 18:06:44.091,8191,
29-12-2020 20:21:56.888,11155456,13-09-2021 18:06:44.091,8191,
29-12-2020 20:21:56.888,11155456,13-09-2021 18:06:44.091,8191,
29-12-2020 20:21:56.888,11155456,13-09-2021 18:06:44.091,8191,
29-12-2020 20:21:56.888,11155456,13-09-2021 18:06:44.091,8191,
29-12-2020 20:21:56.888,11155456,13-09-2021 18:06:44.091,8191,
29-12-2020 20:21:56.888,11155456,13-09-2021 18:06:44.091,8191,
29-12-2020 20:21:56.888,11155456,13-09-2021 18:06:44.091,8191,
29-12-2020 20:21:56.888,11155456,13-09-2021 18:06:44.091,8191,
29-12-2020 20:21:56.888,11155456,13-09-2021 18:06:44.091,8191,
29-12-2020 20:21:56.888,11155456,13-09-2021 18:06:44.091,8191,
29-12-2020 20:21:56.888,11155456,13-09-2021 18:06:44.091,8191,
29-12-2020 20:21:56.888,11155456,13-09-2021 18:06:44.091,8191,
29-12-2020 20:21:56.888,11155456,13-09-2021 18:06:44.091,8191,
29-12-2020 20:21:56.888,11155456,13-09-2021 18:06:44.091,8191,
29-12-2020 20:21:56.888,11155456,13-09-2021 18:06:44.091,8191,
29-12-2020 20:21:56.888,11155456,13-09-2021 18:06:44.091,8191,
29-12-2020 20:21:56.888,11155456,13-09-2021 18:06:44.091,8191,
29-12-2020 20:21:56.888,11155456,13-09-2021 18:06:44.091,8191,
29-12-2020 20:21:56.888,11155456,13-09-2021 18:06:44.091,8191,
29-12-2020 20:21:56.888,11155456,13-09-2021 18:06:44.091,8191,
29-12-2020 20:21:56.888,11155456,13-09-2021 18:06:44.091,8191,
29-12-2020 20:21:56.888,11155456,13-09-2021 18:06:44.091,8191,
29-12-2020 20:21:56.888,11155456,13-09-2021 18:06:44.091,8191,
29-12-2020 20:21:56.888,11155456,13-09-2021 18:06:44.091,8191,
29-12-2020 20:21:56.888,11155456,13-09-2021 18:06:44.091,8191,
29-12-2020 20:21:56.888,11155456,13-09-2021 18:06:44.091,8191,
29-12-2020 20:21:56.888,11155456,13-09-2021 18:06:44.091,8191,
29-12-2020 20:21:56.888,11155456,13-09-2021 18:06:44.091,8191,
29-12-2020 20:21:56.888,11155456,13-09-2021 18:06:44.091,8191,
29-12-2020 20:21:56.888,11155456,13-09-2021 18:06:44.091,8191,
29-12-2020 20:21:56.888,11155456,13-09-2021 18:06:44.091,8191,
29-12-2020 20:21:56.888,11155456,13-09-2021 18:06:44.091,8191,
29-12-2020 20:21:56.888,11155456,13-09-2021 18:06:44.091,8191,
29-12-2020 20:21:56.888,11155456,13-09-2021 18:06:44.091,8191,
29-12-2020 20:21:56.888,11155456,13-09-2021 18:06:44.091,8191,
29-12-2020 20:21:56.888,11155456,13-09-2021 18:06:44.091,8191,
29-12-2020 20:21:56.888,11155456,13-09-2021 18:06:44.091,8191,
29-12-2020 20:21:56.888,11155456,13-09-2021 18:06:44.091,8191,
29-12-2020 20:21:56.888,11155456,13-09-2021 18:06:44.091,8191,
29-12-2020 20:21:56.888,11155456,13-09-2021 18:06:44.091,8191,
29-12-2020 20:21:56.888,11155456,13-09-2021 18:06:44.091,8191,
29-12-2020 20:21:56.888,11155456,13-09-2021 18:06:44.091,8191,
29-12-2020 20:21:56.888,11155456,13-09-2021 18:06:44.091,8191,
29-12-2020 20:21:56.888,11155456,13-09-2021 18:06:44.091,8191,
29-12-2020 20:21:56.888,11155456,13-09-2021 18:06:44.091,8191,
29-12-2020 20:21:56.888,11155456,13-09-2021 18:06:44.091,8191,
29-12-2020 20:21:56.888,11155456,13-09-2021 18:06:44.091,8191,
29-12-2020 20:21:56.888,11155456,13-09-2021 18:06:44.091,8191,
29-12-2020 20:21:56.888,11155456,13-09-2021 18:06:44.091,8191,
29-12-2020 20:21:56.888,11155456,13-09-2021 18:06:44.091,8191,
29-12-2020 20:21:56.888,11155456,13-09-2021 18:06:44.091,8191,
29-12-2020 20:21:56.888,11155456,13-09-2021 18:06:44.091,8191,
29-12-2020 20:21:56.888,11155456,13-09-2021 18:06:44.091,8191,
29-12-2020 20:21:56.888,11155456,13-09-2021 18:06:44.091,8191,
29-12-2020 20:21:56.888,11155456,13-09-2021 18:06:44.091,8191,
29-12-2020 20:21:56.888,11155456,13-09-2021 18:06:44.091,8191,
29-12-2020 20:21:56.888,11155456,13-09-2021 18:06:44.091,8191,
29-12-2020 20:21:56.888,11155456,13-09-2021 18:06:44.091,8191,
29-12-2020 20:21:56.888,11155456,13-09-2021 18:06:44.091,8191,
29-12-2020 20:21:56.888,11155456,13-09-2021 18:06:44.091,8191,
29-12-2020 20:21:56.888,11155456,13-09-2021 18:06:44.091,8191,
29-12-2020 20:21:56.888,11155456,13-09-2021 18:06:44.091,8191,
29-12-2020 20:21:56.888,11155456,13-09-2021 18:06:44.091,8191,
29-12-2020 20:21:56.888,11155456,13-09-2021 18:06:44.091,8191,
29-12-2020 20:21:56.888,11155456,13-09-2021 18:06:44.091,8191,
29-12-2020 20:21:56.888,11155456,13-09-2021 18:06:44.091,8191,
29-12-2020 20:21:56.888,11155456,13-09-2021 18:06:44.091,8191,
29-12-2020 20:21:56.888,11155456,13-09-2021 18:06:44.091,8191,
29-12-2020 20:21:56.888,11155456,13-09-2021 18:06:44.091,8191,
29-12-2020 20:21:56.888,11155456,13-09-2021 18:06:44.091,8191,
29-12-2020 20:21:56.888,11155456,13-09-2021 18:06:44.091,8191,
29-12-2020 20:21:56.888,11155456,13-09-2021 18:06:44.091,8191,
29-12-2020 20:21:56.888,11155456,13-09-2021 18:06:44.091,8191,
29-12-2020 20:21:56.888,11155456,13-09-2021 18:06:44.091,8191,
29-12-2020 20:21:56.888,11155456,13-09-2021 18:06:44.091,8191,
29-12-2020 20:21:56.888,11155456,13-09-2021 18:06:44.091,8191,
29-12-2020 20:21:56.888,11155456,13-09-2021 18:06:44.091,8191,
29-12-2020 20:21:56.888,11155456,13-09-2021 18:06:44.091,8191,
29-12-2020 20:21:56.888,11155456,13-09-2021 18:06:44.091,8191,
29-12-2020 20:21:56.888,11155456,13-09-2021 18:06:44.091,8191,
29-12-2020 20:21:56.888,11155456,13-09-2021 18:06:44.091,8191,
29-12-2020 20:21:56.888,11155456,13-09-2021 18:06:44.091,8191,
29-12-2020 20:21:56.888,11155456,13-09-2021 18:06:44.091,8191,
29-12-2020 20:21:56.888,11155456,13-09-2021 18:06:44.091,8191,
29-12-2020 20:21:56.888,11155456,13-09-2021 18:06:44.091,8191,
29-12-2020 20:21:56.888,11155456,13-09-2021 18:06:44.091,8191,
29-12-2020 20:21:56.888,11155456,13-09-2021 18:06:44.091,8191,
29-12-2020 20:21:56.888,11155456,13-09-2021 18:06:44.091,8191,
29-12-2020 20:21:56.888,11155456,13-09-2021 18:06:44.091,8191,
29-12-2020 20:21:56.888,11155456,13-09-2021 18:06:44.091,8191,
29-12-2020 20:21:56.888,11155456,13-09-2021 18:06:44.091,8191,
29-12-2020 20:21:56.888,11155456,13-09-2021 18:06:44.091,8191,
29-12-2020 20:21:56.888,11155456,13-09-2021 18:06:44.091,8191,
29-12-2020 20:21:56.888,11155456,13-09-2021 18:06:44.091,8191,
29-12-2020 20:21:56.888,11155456,13-09-2021 18:06:44.091,8191,
29-12-2020 20:21:56.888,11155456,13-09-2021 18:06:44.091,8191,
29-12-2020 20:21:56.888,11155456,13-09-2021 18:06:44.091,8191,
29-12-2020 20:21:56.888,11155456,13-09-2021 18:06:44.091,8191,
29-12-2020 20:21:56.888,11155456,13-09-2021 18:06:44.091,8191,
29-12-2020 20:21:56.888,11155456,13-09-2021 18:06:44.091,8191,
29-12-2020 20:21:56.888,11155456,13-09-2021 18:06:44.091,8191,
29-12-2020 20:21:56.888,11155456,13-09-2021 18:06:44.091,8191,
29-12-2020 20:21:56.888,11155456,13-09-2021 18:06:44.091,8191,
29-12-2020 20:21:56.888,11155456,13-09-2021 18:06:44.091,8191,
29-12-2020 20:21:56.888,11155456,13-09-2021 18:06:44.091,8191,
29-12-2020 20:21:56.888,11155456,13-09-2021 18:06:44.091,8191,
29-12-2020 20:21:56.888,11155456,13-09-2021 18:06:44.091,8191,
29-12-2020 20:21:56.888,11155456,13-09-2021 18:06:44.091,8191,
29-12-2020 20:21:56.888,11155456,13-09-2021 18:06:44.091,8191,
29-12-2020 20:21:56.888,11155456,13-09-2021 18:06:44.091,8191,
29-12-2020 20:21:56.888,11155456,13-09-2021 18:06:44.091,8191,
29-12-2020 20:21:56.888,11155456,13-09-2021 18:06:44.091,8191,
29-12-2020 20:21:56.888,11155456,13-09-2021 18:06:44.091,8191,
29-12-2020 20:21:56.888,11155456,13-09-2021 18:06:44.091,8191,
29-12-2020 20:21:56.888,11155456,13-09-2021 18:06:44.091,8191,
29-12-2020 20:21:56.888,11155456,13-09-2021 18:06:44.091,8191,
29-12-2020 20:21:56.888,11155456,13-09-2021 18:06:44.091,8191,
29-12-2020 20:21:57.144,11157504,13-09-2021 18:06:44.091,8191,
29-12-2020 20:21:57.144,11157504,13-09-2021 18:06:44.091,8191,
29-12-2020 20:21:57.144,11157504,13-09-2021 18:06:44.091,8191,
29-12-2020 20:21:57.144,11157504,13-09-2021 18:06:44.091,8191,
29-12-2020 20:21:57.144,11157504,13-09-2021 18:06:44.091,8191,
29-12-2020 20:21:57.144,11157504,13-09-2021 18:06:44.091,8191,
29-12-2020 20:21:57.144,11157504,13-09-2021 18:06:44.091,8191,
29-12-2020 20:21:57.144,11157504,13-09-2021 18:06:44.091,8191,
29-12-2020 20:21:57.144,11157504,13-09-2021 18:06:44.091,8191,
29-12-2020 20:21:57.144,11157504,13-09-2021 18:06:44.091,8191,
29-12-2020 20:21:57.144,11157504,13-09-2021 18:06:44.091,8191,
29-12-2020 20:21:57.144,11157504,13-09-2021 18:06:44.091,8191,
29-12-2020 20:21:57.144,11157504,13-09-2021 18:06:44.091,8191,
29-12-2020 20:21:57.144,11157504,13-09-2021 18:06:44.091,8191,
29-12-2020 20:21:57.144,11157504,13-09-2021 18:06:44.091,8191,
29-12-2020 20:21:57.144,11157504,13-09-2021 18:06:44.091,8191,
29-12-2020 20:21:57.144,11157504,13-09-2021 18:06:44.091,8191,
29-12-2020 20:21:57.144,11157504,13-09-2021 18:06:44.091,8191,
29-12-2020 20:21:57.144,11157504,13-09-2021 18:06:44.091,8191,
29-12-2020 20:21:57.144,11157504,13-09-2021 18:06:44.091,8191,
29-12-2020 20:21:57.144,11157504,13-09-2021 18:06:44.091,8191,
29-12-2020 20:21:57.144,11157504,13-09-2021 18:06:44.091,8191,
29-12-2020 20:21:57.144,11157504,13-09-2021 18:06:44.091,8191,
29-12-2020 20:21:57.144,11157504,13-09-2021 18:06:44.091,8191,
29-12-2020 20:21:57.144,11157504,13-09-2021 18:06:44.091,8191,
29-12-2020 20:21:57.144,11157504,13-09-2021 18:06:44.091,8191,
29-12-2020 20:21:57.144,11157504,13-09-2021 18:06:44.091,8191,
29-12-2020 20:21:57.144,11157504,13-09-2021 18:06:44.091,8191,
29-12-2020 20:21:57.144,11157504,13-09-2021 18:06:44.091,8191,
29-12-2020 20:21:57.144,11157504,13-09-2021 18:06:44.091,8191,
29-12-2020 20:21:57.144,11157504,13-09-2021 18:06:44.091,8191,
29-12-2020 20:21:57.144,11157504,13-09-2021 18:06:44.091,8191,
29-12-2020 20:21:57.144,11157504,13-09-2021 18:06:44.091,8191,
29-12-2020 20:21:57.144,11157504,13-09-2021 18:06:44.091,8191,
29-12-2020 20:21:57.144,11157504,13-09-2021 18:06:44.091,8191,
29-12-2020 20:21:57.144,11157504,13-09-2021 18:06:44.091,8191,
29-12-2020 20:21:57.144,11157504,13-09-2021 18:06:44.091,8191,
29-12-2020 20:21:57.144,11157504,13-09-2021 18:06:44.091,8191,
29-12-2020 20:21:57.144,11157504,13-09-2021 18:06:44.091,8191,
29-12-2020 20:21:57.144,11157504,13-09-2021 18:06:44.091,8191,
29-12-2020 20:21:57.144,11157504,13-09-2021 18:06:44.091,8191,
29-12-2020 20:21:57.144,11157504,13-09-2021 18:06:44.091,8191,
29-12-2020 20:21:57.144,11157504,13-09-2021 18:06:44.091,8191,
29-12-2020 20:21:57.144,11157504,13-09-2021 18:06:44.091,8191,
29-12-2020 20:21:57.144,11157504,13-09-2021 18:06:44.091,8191,
29-12-2020 20:21:57.144,11157504,13-09-2021 18:06:44.091,8191,
29-12-2020 20:21:57.144,11157504,13-09-2021 18:06:44.091,8191,
29-12-2020 20:21:57.144,11157504,13-09-2021 18:06:44.091,8191,
29-12-2020 20:21:57.144,11157504,13-09-2021 18:06:44.091,8191,
29-12-2020 20:21:57.144,11157504,13-09-2021 18:06:44.091,8191,
29-12-2020 20:21:57.144,11157504,13-09-2021 18:06:44.091,8191,
29-12-2020 20:21:57.144,11157504,13-09-2021 18:06:44.091,8191,
29-12-2020 20:21:57.144,11157504,13-09-2021 18:06:44.091,8191,
29-12-2020 20:21:57.144,11157504,13-09-2021 18:06:44.091,8191,
29-12-2020 20:21:57.144,11157504,13-09-2021 18:06:44.091,8191,
29-12-2020 20:21:57.144,11157504,13-09-2021 18:06:44.091,8191,
29-12-2020 20:21:57.144,11157504,13-09-2021 18:06:44.091,8191,
29-12-2020 20:21:57.144,11157504,13-09-2021 18:06:44.091,8191,
29-12-2020 20:21:57.144,11157504,13-09-2021 18:06:44.091,8191,
29-12-2020 20:21:57.144,11157504,13-09-2021 18:06:44.091,8191,
29-12-2020 20:21:57.144,11157504,13-09-2021 18:06:44.091,8191,
29-12-2020 20:21:57.144,11157504,13-09-2021 18:06:44.091,8191,
29-12-2020 20:21:57.144,11157504,13-09-2021 18:06:44.091,8191,
29-12-2020 20:21:57.144,11157504,13-09-2021 18:06:44.091,8191,
29-12-2020 20:21:57.144,11157504,13-09-2021 18:06:44.091,8191,
29-12-2020 20:21:57.144,11157504,13-09-2021 18:06:44.091,8191,
29-12-2020 20:21:57.144,11157504,13-09-2021 18:06:44.091,8191,
29-12-2020 20:21:57.144,11157504,13-09-2021 18:06:44.091,8191,
29-12-2020 20:21:57.144,11157504,13-09-2021 18:06:44.091,8191,
29-12-2020 20:21:57.144,11157504,13-09-2021 18:06:44.091,8191,
29-12-2020 20:21:57.144,11157504,13-09-2021 18:06:44.091,8191,
29-12-2020 20:21:57.144,11157504,13-09-2021 18:06:44.091,8191,
29-12-2020 20:21:57.144,11157504,13-09-2021 18:06:44.091,8191,
29-12-2020 20:21:57.144,11157504,13-09-2021 18:06:44.091,8191,
29-12-2020 20:21:57.144,11157504,13-09-2021 18:06:44.091,8191,
29-12-2020 20:21:57.144,11157504,13-09-2021 18:06:44.091,8191,
29-12-2020 20:21:57.144,11157504,13-09-2021 18:06:44.091,8191,
29-12-2020 20:21:57.144,11157504,13-09-2021 18:06:44.091,8191,
29-12-2020 20:21:57.144,11157504,13-09-2021 18:06:44.091,8191,
29-12-2020 20:21:57.144,11157504,13-09-2021 18:06:44.091,8191,
29-12-2020 20:21:57.144,11157504,13-09-2021 18:06:44.091,8191,
29-12-2020 20:21:57.144,11157504,13-09-2021 18:06:44.091,8191,
29-12-2020 20:21:57.144,11157504,13-09-2021 18:06:44.091,8191,
29-12-2020 20:21:57.144,11157504,13-09-2021 18:06:44.091,8191,
29-12-2020 20:21:57.144,11157504,13-09-2021 18:06:44.091,8191,
29-12-2020 20:21:57.144,11157504,13-09-2021 18:06:44.091,8191,
29-12-2020 20:21:57.144,11157504,13-09-2021 18:06:44.091,8191,
29-12-2020 20:21:57.144,11157504,13-09-2021 18:06:44.091,8191,
29-12-2020 20:21:57.144,11157504,13-09-2021 18:06:44.091,8191,
29-12-2020 20:21:57.144,11157504,13-09-2021 18:06:44.091,8191,
29-12-2020 20:21:57.144,11157504,13-09-2021 18:06:44.091,8191,
29-12-2020 20:21:57.144,11157504,13-09-2021 18:06:44.091,8191,
29-12-2020 20:21:57.144,11157504,13-09-2021 18:06:44.091,8191,
29-12-2020 20:21:57.144,11157504,13-09-2021 18:06:44.091,8191,
29-12-2020 20:21:57.144,11157504,13-09-2021 18:06:44.091,8191,
29-12-2020 20:21:57.144,11157504,13-09-2021 18:06:44.091,8191,
29-12-2020 20:21:57.144,11157504,13-09-2021 18:06:44.091,8191,
29-12-2020 20:21:57.144,11157504,13-09-2021 18:06:44.091,8191,
29-12-2020 20:21:57.144,11157504,13-09-2021 18:06:44.091,8191,
29-12-2020 20:21:57.144,11157504,13-09-2021 18:06:44.091,8191,
29-12-2020 20:21:57.144,11157504,13-09-2021 18:06:44.091,8191,
29-12-2020 20:21:57.144,11157504,13-09-2021 18:06:44.091,8191,
29-12-2020 20:21:57.144,11157504,13-09-2021 18:06:44.091,8191,
29-12-2020 20:21:57.144,11157504,13-09-2021 18:06:44.091,8191,
29-12-2020 20:21:57.144,11157504,13-09-2021 18:06:44.091,8191,
29-12-2020 20:21:57.144,11157504,13-09-2021 18:06:44.091,8191,
29-12-2020 20:21:57.144,11157504,13-09-2021 18:06:44.091,8191,
29-12-2020 20:21:57.144,11157504,13-09-2021 18:06:44.091,8191,
29-12-2020 20:21:57.144,11157504,13-09-2021 18:06:44.091,8191,
29-12-2020 20:21:57.144,11157504,13-09-2021 18:06:44.091,8191,
29-12-2020 20:21:57.144,11157504,13-09-2021 18:06:44.091,8191,
29-12-2020 20:21:57.144,11157504,13-09-2021 18:06:44.091,8191,
29-12-2020 20:21:57.144,11157504,13-09-2021 18:06:44.091,8191,
29-12-2020 20:21:57.144,11157504,13-09-2021 18:06:44.091,8191,
29-12-2020 20:21:57.144,11157504,13-09-2021 18:06:44.091,8191,
29-12-2020 20:21:57.144,11157504,13-09-2021 18:06:44.091,8191,
29-12-2020 20:21:57.144,11157504,13-09-2021 18:06:44.091,8191,
29-12-2020 20:21:57.144,11157504,13-09-2021 18:06:44.091,8191,
29-12-2020 20:21:57.144,11157504,13-09-2021 18:06:44.091,8191,
29-12-2020 20:21:57.144,11157504,13-09-2021 18:06:44.091,8191,
29-12-2020 20:21:57.144,11157504,13-09-2021 18:06:44.091,8191,
29-12-2020 20:21:57.144,11157504,13-09-2021 18:06:44.091,8191,
29-12-2020 20:21:57.144,11157504,13-09-2021 18:06:44.091,8191,
29-12-2020 20:21:57.144,11157504,13-09-2021 18:06:44.091,8191,
29-12-2020 20:21:57.144,11157504,13-09-2021 18:06:44.091,8191,
29-12-2020 20:21:57.144,11157504,13-09-2021 18:06:44.091,8191,
29-12-2020 20:21:57.144,11157504,13-09-2021 18:06:44.091,8191,
29-12-2020 20:21:57.144,11157504,13-09-2021 18:06:44.091,8191,
29-12-2020 20:21:57.400,11159552,13-09-2021 18:06:44.091,8191,
29-12-2020 20:21:57.400,11159552,13-09-2021 18:06:44.091,8191,
29-12-2020 20:21:57.400,11159552,13-09-2021 18:06:44.091,8191,
29-12-2020 20:21:57.400,11159552,13-09-2021 18:06:44.091,8191,
29-12-2020 20:21:57.400,11159552,13-09-2021 18:06:44.091,8191,
29-12-2020 20:21:57.400,11159552,13-09-2021 18:06:44.091,8191,
29-12-2020 20:21:57.400,11159552,13-09-2021 18:06:44.091,8191,
29-12-2020 20:21:57.400,11159552,13-09-2021 18:06:44.091,8191,
29-12-2020 20:21:57.400,11159552,13-09-2021 18:06:44.091,8191,
29-12-2020 20:21:57.400,11159552,13-09-2021 18:06:44.091,8191,
29-12-2020 20:21:57.400,11159552,13-09-2021 18:06:44.091,8191,
29-12-2020 20:21:57.400,11159552,13-09-2021 18:06:44.091,8191,
29-12-2020 20:21:57.400,11159552,13-09-2021 18:06:44.091,8191,
29-12-2020 20:21:57.400,11159552,13-09-2021 18:06:44.091,8191,
29-12-2020 20:21:57.400,11159552,13-09-2021 18:06:44.091,8191,
29-12-2020 20:21:57.400,11159552,13-09-2021 18:06:44.091,8191,
29-12-2020 20:21:57.400,11159552,13-09-2021 18:06:44.091,8191,
29-12-2020 20:21:57.400,11159552,13-09-2021 18:06:44.091,8191,
29-12-2020 20:21:57.400,11159552,13-09-2021 18:06:44.091,8191,
29-12-2020 20:21:57.400,11159552,13-09-2021 18:06:44.091,8191,
29-12-2020 20:21:57.400,11159552,13-09-2021 18:06:44.091,8191,
29-12-2020 20:21:57.400,11159552,13-09-2021 18:06:44.091,8191,
29-12-2020 20:21:57.400,11159552,13-09-2021 18:06:44.091,8191,
29-12-2020 20:21:57.400,11159552,13-09-2021 18:06:44.091,8191,
29-12-2020 20:21:57.400,11159552,13-09-2021 18:06:44.091,8191,
29-12-2020 20:21:57.400,11159552,13-09-2021 18:06:44.091,8191,
29-12-2020 20:21:57.400,11159552,13-09-2021 18:06:44.091,8191,
29-12-2020 20:21:57.400,11159552,13-09-2021 18:06:44.091,8191,
29-12-2020 20:21:57.400,11159552,13-09-2021 18:06:44.091,8191,
29-12-2020 20:21:57.400,11159552,13-09-2021 18:06:44.091,8191,
29-12-2020 20:21:57.400,11159552,13-09-2021 18:06:44.091,8191,
29-12-2020 20:21:57.400,11159552,13-09-2021 18:06:44.091,8191,
29-12-2020 20:21:57.400,11159552,13-09-2021 18:06:44.091,8191,
29-12-2020 20:21:57.400,11159552,13-09-2021 18:06:44.091,8191,
29-12-2020 20:21:57.400,11159552,13-09-2021 18:06:44.091,8191,
29-12-2020 20:21:57.400,11159552,13-09-2021 18:06:44.091,8191,
29-12-2020 20:21:57.400,11159552,13-09-2021 18:06:44.091,8191,
29-12-2020 20:21:57.400,11159552,13-09-2021 18:06:44.091,8191,
29-12-2020 20:21:57.400,11159552,13-09-2021 18:06:44.091,8191,
29-12-2020 20:21:57.400,11159552,13-09-2021 18:06:44.091,8191,
29-12-2020 20:21:57.400,11159552,13-09-2021 18:06:44.091,8191,
29-12-2020 20:21:57.400,11159552,13-09-2021 18:06:44.091,8191,
29-12-2020 20:21:57.400,11159552,13-09-2021 18:06:44.091,8191,
29-12-2020 20:21:57.400,11159552,13-09-2021 18:06:44.091,8191,
29-12-2020 20:21:57.400,11159552,13-09-2021 18:06:44.091,8191,
29-12-2020 20:21:57.400,11159552,13-09-2021 18:06:44.091,8191,
29-12-2020 20:21:57.400,11159552,13-09-2021 18:06:44.091,8191,
29-12-2020 20:21:57.400,11159552,13-09-2021 18:06:44.091,8191,
29-12-2020 20:21:57.400,11159552,13-09-2021 18:06:44.091,8191,
29-12-2020 20:21:57.400,11159552,13-09-2021 18:06:44.091,8191,
29-12-2020 20:21:57.400,11159552,13-09-2021 18:06:44.091,8191,
29-12-2020 20:21:57.400,11159552,13-09-2021 18:06:44.091,8191,
29-12-2020 20:21:57.400,11159552,13-09-2021 18:06:44.091,8191,
29-12-2020 20:21:57.400,11159552,13-09-2021 18:06:44.091,8191,
29-12-2020 20:21:57.400,11159552,13-09-2021 18:06:44.091,8191,
29-12-2020 20:21:57.400,11159552,13-09-2021 18:06:44.091,8191,
29-12-2020 20:21:57.400,11159552,13-09-2021 18:06:44.091,8191,
29-12-2020 20:21:57.400,11159552,13-09-2021 18:06:44.091,8191,
29-12-2020 20:21:57.400,11159552,13-09-2021 18:06:44.091,8191,
29-12-2020 20:21:57.400,11159552,13-09-2021 18:06:44.091,8191,
29-12-2020 20:21:57.400,11159552,13-09-2021 18:06:44.091,8191,
29-12-2020 20:21:57.400,11159552,13-09-2021 18:06:44.091,8191,
29-12-2020 20:21:57.400,11159552,13-09-2021 18:06:44.091,8191,
29-12-2020 20:21:57.400,11159552,13-09-2021 18:06:44.091,8191,
29-12-2020 20:21:57.400,11159552,13-09-2021 18:06:44.091,8191,
29-12-2020 20:21:57.400,11159552,13-09-2021 18:06:44.091,8191,
29-12-2020 20:21:57.400,11159552,13-09-2021 18:06:44.091,8191,
29-12-2020 20:21:57.400,11159552,13-09-2021 18:06:44.091,8191,
29-12-2020 20:21:57.400,11159552,13-09-2021 18:06:44.091,8191,
29-12-2020 20:21:57.400,11159552,13-09-2021 18:06:44.091,8191,
29-12-2020 20:21:57.400,11159552,13-09-2021 18:06:44.091,8191,
29-12-2020 20:21:57.400,11159552,13-09-2021 18:06:44.091,8191,
29-12-2020 20:21:57.400,11159552,13-09-2021 18:06:44.091,8191,
29-12-2020 20:21:57.400,11159552,13-09-2021 18:06:44.091,8191,
29-12-2020 20:21:57.400,11159552,13-09-2021 18:06:44.091,8191,
29-12-2020 20:21:57.400,11159552,13-09-2021 18:06:44.091,8191,
29-12-2020 20:21:57.400,11159552,13-09-2021 18:06:44.091,8191,
29-12-2020 20:21:57.400,11159552,13-09-2021 18:06:44.091,8191,
29-12-2020 20:21:57.400,11159552,13-09-2021 18:06:44.091,8191,
29-12-2020 20:21:57.400,11159552,13-09-2021 18:06:44.091,8191,
29-12-2020 20:21:57.400,11159552,13-09-2021 18:06:44.091,8191,
29-12-2020 20:21:57.400,11159552,13-09-2021 18:06:44.091,8191,
29-12-2020 20:21:57.400,11159552,13-09-2021 18:06:44.091,8191,
29-12-2020 20:21:57.400,11159552,13-09-2021 18:06:44.091,8191,
29-12-2020 20:21:57.400,11159552,13-09-2021 18:06:44.091,8191,
29-12-2020 20:21:57.400,11159552,13-09-2021 18:06:44.091,8191,
29-12-2020 20:21:57.400,11159552,13-09-2021 18:06:44.091,8191,
29-12-2020 20:21:57.400,11159552,13-09-2021 18:06:44.091,8191,
29-12-2020 20:21:57.400,11159552,13-09-2021 18:06:44.091,8191,
29-12-2020 20:21:57.400,11159552,13-09-2021 18:06:44.091,8191,
29-12-2020 20:21:57.400,11159552,13-09-2021 18:06:44.091,8191,
29-12-2020 20:21:57.400,11159552,13-09-2021 18:06:44.091,8191,
29-12-2020 20:21:57.400,11159552,13-09-2021 18:06:44.091,8191,
29-12-2020 20:21:57.400,11159552,13-09-2021 18:06:44.091,8191,
29-12-2020 20:21:57.400,11159552,13-09-2021 18:06:44.091,8191,
29-12-2020 20:21:57.400,11159552,13-09-2021 18:06:44.091,8191,
29-12-2020 20:21:57.400,11159552,13-09-2021 18:06:44.091,8191,
29-12-2020 20:21:57.400,11159552,13-09-2021 18:06:44.091,8191,
29-12-2020 20:21:57.400,11159552,13-09-2021 18:06:44.091,8191,
29-12-2020 20:21:57.400,11159552,13-09-2021 18:06:44.091,8191,
29-12-2020 20:21:57.400,11159552,13-09-2021 18:06:44.091,8191,
29-12-2020 20:21:57.400,11159552,13-09-2021 18:06:44.091,8191,
29-12-2020 20:21:57.400,11159552,13-09-2021 18:06:44.091,8191,
29-12-2020 20:21:57.400,11159552,13-09-2021 18:06:44.091,8191,
29-12-2020 20:21:57.400,11159552,13-09-2021 18:06:44.091,8191,
29-12-2020 20:21:57.400,11159552,13-09-2021 18:06:44.091,8191,
29-12-2020 20:21:57.400,11159552,13-09-2021 18:06:44.091,8191,
29-12-2020 20:21:57.400,11159552,13-09-2021 18:06:44.091,8191,
29-12-2020 20:21:57.400,11159552,13-09-2021 18:06:44.091,8191,
29-12-2020 20:21:57.400,11159552,13-09-2021 18:06:44.091,8191,
29-12-2020 20:21:57.400,11159552,13-09-2021 18:06:44.091,8191,
29-12-2020 20:21:57.400,11159552,13-09-2021 18:06:44.091,8191,
29-12-2020 20:21:57.400,11159552,13-09-2021 18:06:44.091,8191,
29-12-2020 20:21:57.400,11159552,13-09-2021 18:06:44.091,8191,
29-12-2020 20:21:57.400,11159552,13-09-2021 18:06:44.091,8191,
29-12-2020 20:21:57.400,11159552,13-09-2021 18:06:44.091,8191,
29-12-2020 20:21:57.400,11159552,13-09-2021 18:06:44.091,8191,
29-12-2020 20:21:57.400,11159552,13-09-2021 18:06:44.091,8191,
29-12-2020 20:21:57.400,11159552,13-09-2021 18:06:44.091,8191,
29-12-2020 20:21:57.400,11159552,13-09-2021 18:06:44.091,8191,
29-12-2020 20:21:57.400,11159552,13-09-2021 18:06:44.091,8191,
29-12-2020 20:21:57.400,11159552,13-09-2021 18:06:44.091,8191,
29-12-2020 20:21:57.400,11159552,13-09-2021 18:06:44.091,8191,
29-12-2020 20:21:57.400,11159552,13-09-2021 18:06:44.091,8191,
29-12-2020 20:21:57.400,11159552,13-09-2021 18:06:44.091,8191,
29-12-2020 20:21:57.400,11159552,13-09-2021 18:06:44.091,8191,
29-12-2020 20:21:57.400,11159552,13-09-2021 18:06:44.091,8191,
29-12-2020 20:21:57.400,11159552,13-09-2021 18:06:44.091,8191,
29-12-2020 20:21:57.656,11161600,13-09-2021 18:06:44.903,8191,
29-12-2020 20:21:57.656,11161600,13-09-2021 18:06:44.903,8191,
29-12-2020 20:21:57.656,11161600,13-09-2021 18:06:44.903,8191,
29-12-2020 20:21:57.656,11161600,13-09-2021 18:06:44.903,8191,
29-12-2020 20:21:57.656,11161600,13-09-2021 18:06:44.903,8191,
29-12-2020 20:21:57.656,11161600,13-09-2021 18:06:44.903,8191,
29-12-2020 20:21:57.656,11161600,13-09-2021 18:06:44.903,8191,
29-12-2020 20:21:57.656,11161600,13-09-2021 18:06:44.903,8191,
29-12-2020 20:21:57.656,11161600,13-09-2021 18:06:44.903,8191,
29-12-2020 20:21:57.656,11161600,13-09-2021 18:06:44.903,8191,
29-12-2020 20:21:57.656,11161600,13-09-2021 18:06:44.903,8191,
29-12-2020 20:21:57.656,11161600,13-09-2021 18:06:44.903,8191,
29-12-2020 20:21:57.656,11161600,13-09-2021 18:06:44.903,8191,
29-12-2020 20:21:57.656,11161600,13-09-2021 18:06:44.903,8191,
29-12-2020 20:21:57.656,11161600,13-09-2021 18:06:44.903,8191,
29-12-2020 20:21:57.656,11161600,13-09-2021 18:06:44.903,8191,
29-12-2020 20:21:57.656,11161600,13-09-2021 18:06:44.903,8191,
29-12-2020 20:21:57.656,11161600,13-09-2021 18:06:44.903,8191,
29-12-2020 20:21:57.656,11161600,13-09-2021 18:06:44.903,8191,
29-12-2020 20:21:57.656,11161600,13-09-2021 18:06:44.903,8191,
29-12-2020 20:21:57.656,11161600,13-09-2021 18:06:44.903,8191,
29-12-2020 20:21:57.656,11161600,13-09-2021 18:06:44.903,8191,
29-12-2020 20:21:57.656,11161600,13-09-2021 18:06:44.903,8191,
29-12-2020 20:21:57.656,11161600,13-09-2021 18:06:44.903,8191,
29-12-2020 20:21:57.656,11161600,13-09-2021 18:06:44.903,8191,
29-12-2020 20:21:57.656,11161600,13-09-2021 18:06:44.903,8191,
29-12-2020 20:21:57.656,11161600,13-09-2021 18:06:44.903,8191,
29-12-2020 20:21:57.656,11161600,13-09-2021 18:06:44.903,8191,
29-12-2020 20:21:57.656,11161600,13-09-2021 18:06:44.903,8191,
29-12-2020 20:21:57.656,11161600,13-09-2021 18:06:44.903,8191,
29-12-2020 20:21:57.656,11161600,13-09-2021 18:06:44.903,8191,
29-12-2020 20:21:57.656,11161600,13-09-2021 18:06:44.903,8191,
29-12-2020 20:21:57.656,11161600,13-09-2021 18:06:44.903,8191,
29-12-2020 20:21:57.656,11161600,13-09-2021 18:06:44.903,8191,
29-12-2020 20:21:57.656,11161600,13-09-2021 18:06:44.903,8191,
29-12-2020 20:21:57.656,11161600,13-09-2021 18:06:44.903,8191,
29-12-2020 20:21:57.656,11161600,13-09-2021 18:06:44.903,8191,
29-12-2020 20:21:57.656,11161600,13-09-2021 18:06:44.903,8191,
29-12-2020 20:21:57.656,11161600,13-09-2021 18:06:44.903,8191,
29-12-2020 20:21:57.656,11161600,13-09-2021 18:06:44.903,8191,
29-12-2020 20:21:57.656,11161600,13-09-2021 18:06:44.903,8191,
29-12-2020 20:21:57.656,11161600,13-09-2021 18:06:44.903,8191,
29-12-2020 20:21:57.656,11161600,13-09-2021 18:06:44.903,8191,
29-12-2020 20:21:57.656,11161600,13-09-2021 18:06:44.903,8191,
29-12-2020 20:21:57.656,11161600,13-09-2021 18:06:44.903,8191,
29-12-2020 20:21:57.656,11161600,13-09-2021 18:06:44.903,8191,
29-12-2020 20:21:57.656,11161600,13-09-2021 18:06:44.903,8191,
29-12-2020 20:21:57.656,11161600,13-09-2021 18:06:44.903,8191,
29-12-2020 20:21:57.656,11161600,13-09-2021 18:06:44.903,8191,
29-12-2020 20:21:57.656,11161600,13-09-2021 18:06:44.903,8191,
29-12-2020 20:21:57.656,11161600,13-09-2021 18:06:44.903,8191,
29-12-2020 20:21:57.656,11161600,13-09-2021 18:06:44.903,8191,
29-12-2020 20:21:57.656,11161600,13-09-2021 18:06:44.903,8191,
29-12-2020 20:21:57.656,11161600,13-09-2021 18:06:44.903,8191,
29-12-2020 20:21:57.656,11161600,13-09-2021 18:06:44.903,8191,
29-12-2020 20:21:57.656,11161600,13-09-2021 18:06:44.903,8191,
29-12-2020 20:21:57.656,11161600,13-09-2021 18:06:44.903,8191,
29-12-2020 20:21:57.656,11161600,13-09-2021 18:06:44.903,8191,
29-12-2020 20:21:57.656,11161600,13-09-2021 18:06:44.903,8191,
29-12-2020 20:21:57.656,11161600,13-09-2021 18:06:44.903,8191,
29-12-2020 20:21:57.656,11161600,13-09-2021 18:06:44.903,8191,
29-12-2020 20:21:57.656,11161600,13-09-2021 18:06:44.903,8191,
29-12-2020 20:21:57.656,11161600,13-09-2021 18:06:44.903,8191,
29-12-2020 20:21:57.656,11161600,13-09-2021 18:06:44.903,8191,
29-12-2020 20:21:57.656,11161600,13-09-2021 18:06:44.903,8191,
29-12-2020 20:21:57.656,11161600,13-09-2021 18:06:44.903,8191,
29-12-2020 20:21:57.656,11161600,13-09-2021 18:06:44.903,8191,
29-12-2020 20:21:57.656,11161600,13-09-2021 18:06:44.903,8191,
29-12-2020 20:21:57.656,11161600,13-09-2021 18:06:44.903,8191,
29-12-2020 20:21:57.656,11161600,13-09-2021 18:06:44.903,8191,
29-12-2020 20:21:57.656,11161600,13-09-2021 18:06:44.903,8191,
29-12-2020 20:21:57.656,11161600,13-09-2021 18:06:44.903,8191,
29-12-2020 20:21:57.656,11161600,13-09-2021 18:06:44.903,8191,
29-12-2020 20:21:57.656,11161600,13-09-2021 18:06:44.903,8191,
29-12-2020 20:21:57.656,11161600,13-09-2021 18:06:44.903,8191,
29-12-2020 20:21:57.656,11161600,13-09-2021 18:06:44.903,8191,
29-12-2020 20:21:57.656,11161600,13-09-2021 18:06:44.903,8191,
29-12-2020 20:21:57.656,11161600,13-09-2021 18:06:44.903,8191,
29-12-2020 20:21:57.656,11161600,13-09-2021 18:06:44.903,8191,
29-12-2020 20:21:57.656,11161600,13-09-2021 18:06:44.903,8191,
29-12-2020 20:21:57.656,11161600,13-09-2021 18:06:44.903,8191,
29-12-2020 20:21:57.656,11161600,13-09-2021 18:06:44.903,8191,
29-12-2020 20:21:57.656,11161600,13-09-2021 18:06:44.903,8191,
29-12-2020 20:21:57.656,11161600,13-09-2021 18:06:44.903,8191,
29-12-2020 20:21:57.656,11161600,13-09-2021 18:06:44.903,8191,
29-12-2020 20:21:57.656,11161600,13-09-2021 18:06:44.903,8191,
29-12-2020 20:21:57.656,11161600,13-09-2021 18:06:44.903,8191,
29-12-2020 20:21:57.656,11161600,13-09-2021 18:06:44.903,8191,
29-12-2020 20:21:57.656,11161600,13-09-2021 18:06:44.903,8191,
29-12-2020 20:21:57.656,11161600,13-09-2021 18:06:44.903,8191,
29-12-2020 20:21:57.656,11161600,13-09-2021 18:06:44.903,8191,
29-12-2020 20:21:57.656,11161600,13-09-2021 18:06:44.903,8191,
29-12-2020 20:21:57.656,11161600,13-09-2021 18:06:44.903,8191,
29-12-2020 20:21:57.656,11161600,13-09-2021 18:06:44.903,8191,
29-12-2020 20:21:57.656,11161600,13-09-2021 18:06:44.903,8191,
29-12-2020 20:21:57.656,11161600,13-09-2021 18:06:44.903,8191,
29-12-2020 20:21:57.656,11161600,13-09-2021 18:06:44.903,8191,
29-12-2020 20:21:57.656,11161600,13-09-2021 18:06:44.903,8191,
29-12-2020 20:21:57.656,11161600,13-09-2021 18:06:44.903,8191,
29-12-2020 20:21:57.656,11161600,13-09-2021 18:06:44.903,8191,
29-12-2020 20:21:57.656,11161600,13-09-2021 18:06:44.903,8191,
29-12-2020 20:21:57.656,11161600,13-09-2021 18:06:44.903,8191,
29-12-2020 20:21:57.656,11161600,13-09-2021 18:06:44.903,8191,
29-12-2020 20:21:57.656,11161600,13-09-2021 18:06:44.903,8191,
29-12-2020 20:21:57.656,11161600,13-09-2021 18:06:44.903,8191,
29-12-2020 20:21:57.656,11161600,13-09-2021 18:06:44.903,8191,
29-12-2020 20:21:57.656,11161600,13-09-2021 18:06:44.903,8191,
29-12-2020 20:21:57.656,11161600,13-09-2021 18:06:44.903,8191,
29-12-2020 20:21:57.656,11161600,13-09-2021 18:06:44.903,8191,
29-12-2020 20:21:57.656,11161600,13-09-2021 18:06:44.903,8191,
29-12-2020 20:21:57.656,11161600,13-09-2021 18:06:44.903,8191,
29-12-2020 20:21:57.656,11161600,13-09-2021 18:06:44.903,8191,
29-12-2020 20:21:57.656,11161600,13-09-2021 18:06:44.903,8191,
29-12-2020 20:21:57.656,11161600,13-09-2021 18:06:44.903,8191,
29-12-2020 20:21:57.656,11161600,13-09-2021 18:06:44.903,8191,
29-12-2020 20:21:57.656,11161600,13-09-2021 18:06:44.903,8191,
29-12-2020 20:21:57.656,11161600,13-09-2021 18:06:44.903,8191,
29-12-2020 20:21:57.656,11161600,13-09-2021 18:06:44.903,8191,
29-12-2020 20:21:57.656,11161600,13-09-2021 18:06:44.903,8191,
29-12-2020 20:21:57.656,11161600,13-09-2021 18:06:44.903,8191,
29-12-2020 20:21:57.656,11161600,13-09-2021 18:06:44.903,8191,
29-12-2020 20:21:57.656,11161600,13-09-2021 18:06:44.903,8191,
29-12-2020 20:21:57.656,11161600,13-09-2021 18:06:44.903,8191,
29-12-2020 20:21:57.656,11161600,13-09-2021 18:06:44.903,8191,
29-12-2020 20:21:57.656,11161600,13-09-2021 18:06:44.903,8191,
29-12-2020 20:21:57.656,11161600,13-09-2021 18:06:44.903,8191,
29-12-2020 20:21:57.656,11161600,13-09-2021 18:06:44.903,8191,
29-12-2020 20:21:57.656,11161600,13-09-2021 18:06:44.903,8191,
29-12-2020 20:21:57.912,11163648,13-09-2021 18:06:44.903,8191,
29-12-2020 20:21:57.912,11163648,13-09-2021 18:06:44.903,8191,
29-12-2020 20:21:57.912,11163648,13-09-2021 18:06:44.903,8191,
29-12-2020 20:21:57.912,11163648,13-09-2021 18:06:44.903,8191,
29-12-2020 20:21:57.912,11163648,13-09-2021 18:06:44.903,8191,
29-12-2020 20:21:57.912,11163648,13-09-2021 18:06:44.903,8191,
29-12-2020 20:21:57.912,11163648,13-09-2021 18:06:44.903,8191,
29-12-2020 20:21:57.912,11163648,13-09-2021 18:06:44.903,8191,
29-12-2020 20:21:57.912,11163648,13-09-2021 18:06:44.903,8191,
29-12-2020 20:21:57.912,11163648,13-09-2021 18:06:44.903,8191,
29-12-2020 20:21:57.912,11163648,13-09-2021 18:06:44.903,8191,
29-12-2020 20:21:57.912,11163648,13-09-2021 18:06:44.903,8191,
29-12-2020 20:21:57.912,11163648,13-09-2021 18:06:44.903,8191,
29-12-2020 20:21:57.912,11163648,13-09-2021 18:06:44.903,8191,
29-12-2020 20:21:57.912,11163648,13-09-2021 18:06:44.903,8191,
29-12-2020 20:21:57.912,11163648,13-09-2021 18:06:44.903,8191,
29-12-2020 20:21:57.912,11163648,13-09-2021 18:06:44.903,8191,
29-12-2020 20:21:57.912,11163648,13-09-2021 18:06:44.903,8191,
29-12-2020 20:21:57.912,11163648,13-09-2021 18:06:44.903,8191,
29-12-2020 20:21:57.912,11163648,13-09-2021 18:06:44.903,8191,
29-12-2020 20:21:57.912,11163648,13-09-2021 18:06:44.903,8191,
29-12-2020 20:21:57.912,11163648,13-09-2021 18:06:44.903,8191,
29-12-2020 20:21:57.912,11163648,13-09-2021 18:06:44.903,8191,
29-12-2020 20:21:57.912,11163648,13-09-2021 18:06:44.903,8191,
29-12-2020 20:21:57.912,11163648,13-09-2021 18:06:44.903,8191,
29-12-2020 20:21:57.912,11163648,13-09-2021 18:06:44.903,8191,
29-12-2020 20:21:57.912,11163648,13-09-2021 18:06:44.903,8191,
29-12-2020 20:21:57.912,11163648,13-09-2021 18:06:44.903,8191,
29-12-2020 20:21:57.912,11163648,13-09-2021 18:06:44.903,8191,
29-12-2020 20:21:57.912,11163648,13-09-2021 18:06:44.903,8191,
29-12-2020 20:21:57.912,11163648,13-09-2021 18:06:44.903,8191,
29-12-2020 20:21:57.912,11163648,13-09-2021 18:06:44.903,8191,
29-12-2020 20:21:57.912,11163648,13-09-2021 18:06:44.903,8191,
29-12-2020 20:21:57.912,11163648,13-09-2021 18:06:44.903,8191,
29-12-2020 20:21:57.912,11163648,13-09-2021 18:06:44.903,8191,
29-12-2020 20:21:57.912,11163648,13-09-2021 18:06:44.903,8191,
29-12-2020 20:21:57.912,11163648,13-09-2021 18:06:44.903,8191,
29-12-2020 20:21:57.912,11163648,13-09-2021 18:06:44.903,8191,
29-12-2020 20:21:57.912,11163648,13-09-2021 18:06:44.903,8191,
29-12-2020 20:21:57.912,11163648,13-09-2021 18:06:44.903,8191,
29-12-2020 20:21:57.912,11163648,13-09-2021 18:06:44.903,8191,
29-12-2020 20:21:57.912,11163648,13-09-2021 18:06:44.903,8191,
29-12-2020 20:21:57.912,11163648,13-09-2021 18:06:44.903,8191,
29-12-2020 20:21:57.912,11163648,13-09-2021 18:06:44.903,8191,
29-12-2020 20:21:57.912,11163648,13-09-2021 18:06:44.903,8191,
29-12-2020 20:21:57.912,11163648,13-09-2021 18:06:44.903,8191,
29-12-2020 20:21:57.912,11163648,13-09-2021 18:06:44.903,8191,
29-12-2020 20:21:57.912,11163648,13-09-2021 18:06:44.903,8191,
29-12-2020 20:21:57.912,11163648,13-09-2021 18:06:44.903,8191,
29-12-2020 20:21:57.912,11163648,13-09-2021 18:06:44.903,8191,
29-12-2020 20:21:57.912,11163648,13-09-2021 18:06:44.903,8191,
29-12-2020 20:21:57.912,11163648,13-09-2021 18:06:44.903,8191,
29-12-2020 20:21:57.912,11163648,13-09-2021 18:06:44.903,8191,
29-12-2020 20:21:57.912,11163648,13-09-2021 18:06:44.903,8191,
29-12-2020 20:21:57.912,11163648,13-09-2021 18:06:44.903,8191,
29-12-2020 20:21:57.912,11163648,13-09-2021 18:06:44.903,8191,
29-12-2020 20:21:57.912,11163648,13-09-2021 18:06:44.903,8191,
29-12-2020 20:21:57.912,11163648,13-09-2021 18:06:44.903,8191,
29-12-2020 20:21:57.912,11163648,13-09-2021 18:06:44.903,8191,
29-12-2020 20:21:57.912,11163648,13-09-2021 18:06:44.903,8191,
29-12-2020 20:21:57.912,11163648,13-09-2021 18:06:44.903,8191,
29-12-2020 20:21:57.912,11163648,13-09-2021 18:06:44.903,8191,
29-12-2020 20:21:57.912,11163648,13-09-2021 18:06:44.903,8191,
29-12-2020 20:21:57.912,11163648,13-09-2021 18:06:44.903,8191,
29-12-2020 20:21:57.912,11163648,13-09-2021 18:06:44.903,8191,
29-12-2020 20:21:57.912,11163648,13-09-2021 18:06:44.903,8191,
29-12-2020 20:21:57.912,11163648,13-09-2021 18:06:44.903,8191,
29-12-2020 20:21:57.912,11163648,13-09-2021 18:06:44.903,8191,
29-12-2020 20:21:57.912,11163648,13-09-2021 18:06:44.903,8191,
29-12-2020 20:21:57.912,11163648,13-09-2021 18:06:44.903,8191,
29-12-2020 20:21:57.912,11163648,13-09-2021 18:06:44.903,8191,
29-12-2020 20:21:57.912,11163648,13-09-2021 18:06:44.903,8191,
29-12-2020 20:21:57.912,11163648,13-09-2021 18:06:44.903,8191,
29-12-2020 20:21:57.912,11163648,13-09-2021 18:06:44.903,8191,
29-12-2020 20:21:57.912,11163648,13-09-2021 18:06:44.903,8191,
29-12-2020 20:21:57.912,11163648,13-09-2021 18:06:44.903,8191,
29-12-2020 20:21:57.912,11163648,13-09-2021 18:06:44.903,8191,
29-12-2020 20:21:57.912,11163648,13-09-2021 18:06:44.903,8191,
29-12-2020 20:21:57.912,11163648,13-09-2021 18:06:44.903,8191,
29-12-2020 20:21:57.912,11163648,13-09-2021 18:06:44.903,8191,
29-12-2020 20:21:57.912,11163648,13-09-2021 18:06:44.903,8191,
29-12-2020 20:21:57.912,11163648,13-09-2021 18:06:44.903,8191,
29-12-2020 20:21:57.912,11163648,13-09-2021 18:06:44.903,8191,
29-12-2020 20:21:57.912,11163648,13-09-2021 18:06:44.903,8191,
29-12-2020 20:21:57.912,11163648,13-09-2021 18:06:44.903,8191,
29-12-2020 20:21:57.912,11163648,13-09-2021 18:06:44.903,8191,
29-12-2020 20:21:57.912,11163648,13-09-2021 18:06:44.903,8191,
29-12-2020 20:21:57.912,11163648,13-09-2021 18:06:44.903,8191,
29-12-2020 20:21:57.912,11163648,13-09-2021 18:06:44.903,8191,
29-12-2020 20:21:57.912,11163648,13-09-2021 18:06:44.903,8191,
29-12-2020 20:21:57.912,11163648,13-09-2021 18:06:44.903,8191,
29-12-2020 20:21:57.912,11163648,13-09-2021 18:06:44.903,8191,
29-12-2020 20:21:57.912,11163648,13-09-2021 18:06:44.903,8191,
29-12-2020 20:21:57.912,11163648,13-09-2021 18:06:44.903,8191,
29-12-2020 20:21:57.912,11163648,13-09-2021 18:06:44.903,8191,
29-12-2020 20:21:57.912,11163648,13-09-2021 18:06:44.903,8191,
29-12-2020 20:21:57.912,11163648,13-09-2021 18:06:44.903,8191,
29-12-2020 20:21:57.912,11163648,13-09-2021 18:06:44.903,8191,
29-12-2020 20:21:57.912,11163648,13-09-2021 18:06:44.903,8191,
29-12-2020 20:21:57.912,11163648,13-09-2021 18:06:44.903,8191,
29-12-2020 20:21:57.912,11163648,13-09-2021 18:06:44.903,8191,
29-12-2020 20:21:57.912,11163648,13-09-2021 18:06:44.903,8191,
29-12-2020 20:21:57.912,11163648,13-09-2021 18:06:44.903,8191,
29-12-2020 20:21:57.912,11163648,13-09-2021 18:06:44.903,8191,
29-12-2020 20:21:57.912,11163648,13-09-2021 18:06:44.903,8191,
29-12-2020 20:21:57.912,11163648,13-09-2021 18:06:44.903,8191,
29-12-2020 20:21:57.912,11163648,13-09-2021 18:06:44.903,8191,
29-12-2020 20:21:57.912,11163648,13-09-2021 18:06:44.903,8191,
29-12-2020 20:21:57.912,11163648,13-09-2021 18:06:44.903,8191,
29-12-2020 20:21:57.912,11163648,13-09-2021 18:06:44.903,8191,
29-12-2020 20:21:57.912,11163648,13-09-2021 18:06:44.903,8191,
29-12-2020 20:21:57.912,11163648,13-09-2021 18:06:44.903,8191,
29-12-2020 20:21:57.912,11163648,13-09-2021 18:06:44.903,8191,
29-12-2020 20:21:57.912,11163648,13-09-2021 18:06:44.903,8191,
29-12-2020 20:21:57.912,11163648,13-09-2021 18:06:44.903,8191,
29-12-2020 20:21:57.912,11163648,13-09-2021 18:06:44.903,8191,
29-12-2020 20:21:57.912,11163648,13-09-2021 18:06:44.903,8191,
29-12-2020 20:21:57.912,11163648,13-09-2021 18:06:44.903,8191,
29-12-2020 20:21:57.912,11163648,13-09-2021 18:06:44.903,8191,
29-12-2020 20:21:57.912,11163648,13-09-2021 18:06:44.903,8191,
29-12-2020 20:21:57.912,11163648,13-09-2021 18:06:44.903,8191,
29-12-2020 20:21:57.912,11163648,13-09-2021 18:06:44.903,8191,
29-12-2020 20:21:57.912,11163648,13-09-2021 18:06:44.903,8191,
29-12-2020 20:21:57.912,11163648,13-09-2021 18:06:44.903,8191,
29-12-2020 20:21:57.912,11163648,13-09-2021 18:06:44.903,8191,
29-12-2020 20:21:57.912,11163648,13-09-2021 18:06:44.903,8191,
29-12-2020 20:21:57.912,11163648,13-09-2021 18:06:44.903,8191,
29-12-2020 20:21:57.912,11163648,13-09-2021 18:06:44.903,8191,
29-12-2020 20:21:58.168,11165696,13-09-2021 18:06:44.919,8191,
29-12-2020 20:21:58.168,11165696,13-09-2021 18:06:44.919,8191,
29-12-2020 20:21:58.168,11165696,13-09-2021 18:06:44.919,8191,
29-12-2020 20:21:58.168,11165696,13-09-2021 18:06:44.919,8191,
29-12-2020 20:21:58.168,11165696,13-09-2021 18:06:44.919,8191,
29-12-2020 20:21:58.168,11165696,13-09-2021 18:06:44.919,8191,
29-12-2020 20:21:58.168,11165696,13-09-2021 18:06:44.919,8191,
29-12-2020 20:21:58.168,11165696,13-09-2021 18:06:44.919,8191,
29-12-2020 20:21:58.168,11165696,13-09-2021 18:06:44.919,8191,
29-12-2020 20:21:58.168,11165696,13-09-2021 18:06:44.919,8191,
29-12-2020 20:21:58.168,11165696,13-09-2021 18:06:44.919,8191,
29-12-2020 20:21:58.168,11165696,13-09-2021 18:06:44.919,8191,
29-12-2020 20:21:58.168,11165696,13-09-2021 18:06:44.919,8191,
29-12-2020 20:21:58.168,11165696,13-09-2021 18:06:44.919,8191,
29-12-2020 20:21:58.168,11165696,13-09-2021 18:06:44.919,8191,
29-12-2020 20:21:58.168,11165696,13-09-2021 18:06:44.919,8191,
29-12-2020 20:21:58.168,11165696,13-09-2021 18:06:44.919,8191,
29-12-2020 20:21:58.168,11165696,13-09-2021 18:06:44.919,8191,
29-12-2020 20:21:58.168,11165696,13-09-2021 18:06:44.919,8191,
29-12-2020 20:21:58.168,11165696,13-09-2021 18:06:44.919,8191,
29-12-2020 20:21:58.168,11165696,13-09-2021 18:06:44.919,8191,
29-12-2020 20:21:58.168,11165696,13-09-2021 18:06:44.919,8191,
29-12-2020 20:21:58.168,11165696,13-09-2021 18:06:44.919,8191,
29-12-2020 20:21:58.168,11165696,13-09-2021 18:06:44.919,8191,
29-12-2020 20:21:58.168,11165696,13-09-2021 18:06:44.919,8191,
29-12-2020 20:21:58.168,11165696,13-09-2021 18:06:44.919,8191,
29-12-2020 20:21:58.168,11165696,13-09-2021 18:06:44.919,8191,
29-12-2020 20:21:58.168,11165696,13-09-2021 18:06:44.919,8191,
29-12-2020 20:21:58.168,11165696,13-09-2021 18:06:44.919,8191,
29-12-2020 20:21:58.168,11165696,13-09-2021 18:06:44.919,8191,
29-12-2020 20:21:58.168,11165696,13-09-2021 18:06:44.919,8191,
29-12-2020 20:21:58.168,11165696,13-09-2021 18:06:44.919,8191,
29-12-2020 20:21:58.168,11165696,13-09-2021 18:06:44.919,8191,
29-12-2020 20:21:58.168,11165696,13-09-2021 18:06:44.919,8191,
29-12-2020 20:21:58.168,11165696,13-09-2021 18:06:44.919,8191,
29-12-2020 20:21:58.168,11165696,13-09-2021 18:06:44.919,8191,
29-12-2020 20:21:58.168,11165696,13-09-2021 18:06:44.919,8191,
29-12-2020 20:21:58.168,11165696,13-09-2021 18:06:44.919,8191,
29-12-2020 20:21:58.168,11165696,13-09-2021 18:06:44.919,8191,
29-12-2020 20:21:58.168,11165696,13-09-2021 18:06:44.919,8191,
29-12-2020 20:21:58.168,11165696,13-09-2021 18:06:44.919,8191,
29-12-2020 20:21:58.168,11165696,13-09-2021 18:06:44.919,8191,
29-12-2020 20:21:58.168,11165696,13-09-2021 18:06:44.919,8191,
29-12-2020 20:21:58.168,11165696,13-09-2021 18:06:44.919,8191,
29-12-2020 20:21:58.168,11165696,13-09-2021 18:06:44.919,8191,
29-12-2020 20:21:58.168,11165696,13-09-2021 18:06:44.919,8191,
29-12-2020 20:21:58.168,11165696,13-09-2021 18:06:44.919,8191,
29-12-2020 20:21:58.168,11165696,13-09-2021 18:06:44.919,8191,
29-12-2020 20:21:58.168,11165696,13-09-2021 18:06:44.919,8191,
29-12-2020 20:21:58.168,11165696,13-09-2021 18:06:44.919,8191,
29-12-2020 20:21:58.168,11165696,13-09-2021 18:06:44.919,8191,
29-12-2020 20:21:58.168,11165696,13-09-2021 18:06:44.919,8191,
29-12-2020 20:21:58.168,11165696,13-09-2021 18:06:44.919,8191,
29-12-2020 20:21:58.168,11165696,13-09-2021 18:06:44.919,8191,
29-12-2020 20:21:58.168,11165696,13-09-2021 18:06:44.919,8191,
29-12-2020 20:21:58.168,11165696,13-09-2021 18:06:44.919,8191,
29-12-2020 20:21:58.168,11165696,13-09-2021 18:06:44.919,8191,
29-12-2020 20:21:58.168,11165696,13-09-2021 18:06:44.919,8191,
29-12-2020 20:21:58.168,11165696,13-09-2021 18:06:44.919,8191,
29-12-2020 20:21:58.168,11165696,13-09-2021 18:06:44.919,8191,
29-12-2020 20:21:58.168,11165696,13-09-2021 18:06:44.919,8191,
29-12-2020 20:21:58.168,11165696,13-09-2021 18:06:44.919,8191,
29-12-2020 20:21:58.168,11165696,13-09-2021 18:06:44.919,8191,
29-12-2020 20:21:58.168,11165696,13-09-2021 18:06:44.919,8191,
29-12-2020 20:21:58.168,11165696,13-09-2021 18:06:44.919,8191,
29-12-2020 20:21:58.168,11165696,13-09-2021 18:06:44.919,8191,
29-12-2020 20:21:58.168,11165696,13-09-2021 18:06:44.919,8191,
29-12-2020 20:21:58.168,11165696,13-09-2021 18:06:44.919,8191,
29-12-2020 20:21:58.168,11165696,13-09-2021 18:06:44.919,8191,
29-12-2020 20:21:58.168,11165696,13-09-2021 18:06:44.919,8191,
29-12-2020 20:21:58.168,11165696,13-09-2021 18:06:44.919,8191,
29-12-2020 20:21:58.168,11165696,13-09-2021 18:06:44.919,8191,
29-12-2020 20:21:58.168,11165696,13-09-2021 18:06:44.919,8191,
29-12-2020 20:21:58.168,11165696,13-09-2021 18:06:44.919,8191,
29-12-2020 20:21:58.168,11165696,13-09-2021 18:06:44.919,8191,
29-12-2020 20:21:58.168,11165696,13-09-2021 18:06:44.919,8191,
29-12-2020 20:21:58.168,11165696,13-09-2021 18:06:44.919,8191,
29-12-2020 20:21:58.168,11165696,13-09-2021 18:06:44.919,8191,
29-12-2020 20:21:58.168,11165696,13-09-2021 18:06:44.919,8191,
29-12-2020 20:21:58.168,11165696,13-09-2021 18:06:44.919,8191,
29-12-2020 20:21:58.168,11165696,13-09-2021 18:06:44.919,8191,
29-12-2020 20:21:58.168,11165696,13-09-2021 18:06:44.919,8191,
29-12-2020 20:21:58.168,11165696,13-09-2021 18:06:44.919,8191,
29-12-2020 20:21:58.168,11165696,13-09-2021 18:06:44.919,8191,
29-12-2020 20:21:58.168,11165696,13-09-2021 18:06:44.919,8191,
29-12-2020 20:21:58.168,11165696,13-09-2021 18:06:44.919,8191,
29-12-2020 20:21:58.168,11165696,13-09-2021 18:06:44.919,8191,
29-12-2020 20:21:58.168,11165696,13-09-2021 18:06:44.919,8191,
29-12-2020 20:21:58.168,11165696,13-09-2021 18:06:44.919,8191,
29-12-2020 20:21:58.168,11165696,13-09-2021 18:06:44.919,8191,
29-12-2020 20:21:58.168,11165696,13-09-2021 18:06:44.919,8191,
29-12-2020 20:21:58.168,11165696,13-09-2021 18:06:44.919,8191,
29-12-2020 20:21:58.168,11165696,13-09-2021 18:06:44.919,8191,
29-12-2020 20:21:58.168,11165696,13-09-2021 18:06:44.919,8191,
29-12-2020 20:21:58.168,11165696,13-09-2021 18:06:44.919,8191,
29-12-2020 20:21:58.168,11165696,13-09-2021 18:06:44.919,8191,
29-12-2020 20:21:58.168,11165696,13-09-2021 18:06:44.919,8191,
29-12-2020 20:21:58.168,11165696,13-09-2021 18:06:44.919,8191,
29-12-2020 20:21:58.168,11165696,13-09-2021 18:06:44.919,8191,
29-12-2020 20:21:58.168,11165696,13-09-2021 18:06:44.919,8191,
29-12-2020 20:21:58.168,11165696,13-09-2021 18:06:44.919,8191,
29-12-2020 20:21:58.168,11165696,13-09-2021 18:06:44.919,8191,
29-12-2020 20:21:58.168,11165696,13-09-2021 18:06:44.919,8191,
29-12-2020 20:21:58.168,11165696,13-09-2021 18:06:44.919,8191,
29-12-2020 20:21:58.168,11165696,13-09-2021 18:06:44.919,8191,
29-12-2020 20:21:58.168,11165696,13-09-2021 18:06:44.919,8191,
29-12-2020 20:21:58.168,11165696,13-09-2021 18:06:44.919,8191,
29-12-2020 20:21:58.168,11165696,13-09-2021 18:06:44.919,8191,
29-12-2020 20:21:58.168,11165696,13-09-2021 18:06:44.919,8191,
29-12-2020 20:21:58.168,11165696,13-09-2021 18:06:44.919,8191,
29-12-2020 20:21:58.168,11165696,13-09-2021 18:06:44.919,8191,
29-12-2020 20:21:58.168,11165696,13-09-2021 18:06:44.919,8191,
29-12-2020 20:21:58.168,11165696,13-09-2021 18:06:44.919,8191,
29-12-2020 20:21:58.168,11165696,13-09-2021 18:06:44.919,8191,
29-12-2020 20:21:58.168,11165696,13-09-2021 18:06:44.919,8191,
29-12-2020 20:21:58.168,11165696,13-09-2021 18:06:44.919,8191,
29-12-2020 20:21:58.168,11165696,13-09-2021 18:06:44.919,8191,
29-12-2020 20:21:58.168,11165696,13-09-2021 18:06:44.919,8191,
29-12-2020 20:21:58.168,11165696,13-09-2021 18:06:44.919,8191,
29-12-2020 20:21:58.168,11165696,13-09-2021 18:06:44.919,8191,
29-12-2020 20:21:58.168,11165696,13-09-2021 18:06:44.919,8191,
29-12-2020 20:21:58.168,11165696,13-09-2021 18:06:44.919,8191,
29-12-2020 20:21:58.168,11165696,13-09-2021 18:06:44.919,8191,
29-12-2020 20:21:58.168,11165696,13-09-2021 18:06:44.919,8191,
29-12-2020 20:21:58.168,11165696,13-09-2021 18:06:44.919,8191,
29-12-2020 20:21:58.168,11165696,13-09-2021 18:06:44.919,8191,
29-12-2020 20:21:58.168,11165696,13-09-2021 18:06:44.919,8191,
29-12-2020 20:21:58.168,11165696,13-09-2021 18:06:44.919,8191,
29-12-2020 20:21:58.424,11167744,13-09-2021 18:06:44.919,8191,
29-12-2020 20:21:58.424,11167744,13-09-2021 18:06:44.919,8191,
29-12-2020 20:21:58.424,11167744,13-09-2021 18:06:44.919,8191,
29-12-2020 20:21:58.424,11167744,13-09-2021 18:06:44.919,8191,
29-12-2020 20:21:58.424,11167744,13-09-2021 18:06:44.919,8191,
29-12-2020 20:21:58.424,11167744,13-09-2021 18:06:44.919,8191,
29-12-2020 20:21:58.424,11167744,13-09-2021 18:06:44.919,8191,
29-12-2020 20:21:58.424,11167744,13-09-2021 18:06:44.919,8191,
29-12-2020 20:21:58.424,11167744,13-09-2021 18:06:44.919,8191,
29-12-2020 20:21:58.424,11167744,13-09-2021 18:06:44.919,8191,
29-12-2020 20:21:58.424,11167744,13-09-2021 18:06:44.919,8191,
29-12-2020 20:21:58.424,11167744,13-09-2021 18:06:44.919,8191,
29-12-2020 20:21:58.424,11167744,13-09-2021 18:06:44.919,8191,
29-12-2020 20:21:58.424,11167744,13-09-2021 18:06:44.919,8191,
29-12-2020 20:21:58.424,11167744,13-09-2021 18:06:44.919,8191,
29-12-2020 20:21:58.424,11167744,13-09-2021 18:06:44.919,8191,
29-12-2020 20:21:58.424,11167744,13-09-2021 18:06:44.919,8191,
29-12-2020 20:21:58.424,11167744,13-09-2021 18:06:44.919,8191,
29-12-2020 20:21:58.424,11167744,13-09-2021 18:06:44.919,8191,
29-12-2020 20:21:58.424,11167744,13-09-2021 18:06:44.919,8191,
29-12-2020 20:21:58.424,11167744,13-09-2021 18:06:44.919,8191,
29-12-2020 20:21:58.424,11167744,13-09-2021 18:06:44.919,8191,
29-12-2020 20:21:58.424,11167744,13-09-2021 18:06:44.919,8191,
29-12-2020 20:21:58.424,11167744,13-09-2021 18:06:44.919,8191,
29-12-2020 20:21:58.424,11167744,13-09-2021 18:06:44.919,8191,
29-12-2020 20:21:58.424,11167744,13-09-2021 18:06:44.919,8191,
29-12-2020 20:21:58.424,11167744,13-09-2021 18:06:44.919,8191,
29-12-2020 20:21:58.424,11167744,13-09-2021 18:06:44.919,8191,
29-12-2020 20:21:58.424,11167744,13-09-2021 18:06:44.919,8191,
29-12-2020 20:21:58.424,11167744,13-09-2021 18:06:44.919,8191,
29-12-2020 20:21:58.424,11167744,13-09-2021 18:06:44.919,8191,
29-12-2020 20:21:58.424,11167744,13-09-2021 18:06:44.919,8191,
29-12-2020 20:21:58.424,11167744,13-09-2021 18:06:44.919,8191,
29-12-2020 20:21:58.424,11167744,13-09-2021 18:06:44.919,8191,
29-12-2020 20:21:58.424,11167744,13-09-2021 18:06:44.919,8191,
29-12-2020 20:21:58.424,11167744,13-09-2021 18:06:44.919,8191,
29-12-2020 20:21:58.424,11167744,13-09-2021 18:06:44.919,8191,
29-12-2020 20:21:58.424,11167744,13-09-2021 18:06:44.919,8191,
29-12-2020 20:21:58.424,11167744,13-09-2021 18:06:44.919,8191,
29-12-2020 20:21:58.424,11167744,13-09-2021 18:06:44.919,8191,
29-12-2020 20:21:58.424,11167744,13-09-2021 18:06:44.919,8191,
29-12-2020 20:21:58.424,11167744,13-09-2021 18:06:44.919,8191,
29-12-2020 20:21:58.424,11167744,13-09-2021 18:06:44.919,8191,
29-12-2020 20:21:58.424,11167744,13-09-2021 18:06:44.919,8191,
29-12-2020 20:21:58.424,11167744,13-09-2021 18:06:44.919,8191,
29-12-2020 20:21:58.424,11167744,13-09-2021 18:06:44.919,8191,
29-12-2020 20:21:58.424,11167744,13-09-2021 18:06:44.919,8191,
29-12-2020 20:21:58.424,11167744,13-09-2021 18:06:44.919,8191,
29-12-2020 20:21:58.424,11167744,13-09-2021 18:06:44.919,8191,
29-12-2020 20:21:58.424,11167744,13-09-2021 18:06:44.919,8191,
29-12-2020 20:21:58.424,11167744,13-09-2021 18:06:44.919,8191,
29-12-2020 20:21:58.424,11167744,13-09-2021 18:06:44.919,8191,
29-12-2020 20:21:58.424,11167744,13-09-2021 18:06:44.919,8191,
29-12-2020 20:21:58.424,11167744,13-09-2021 18:06:44.919,8191,
29-12-2020 20:21:58.424,11167744,13-09-2021 18:06:44.919,8191,
29-12-2020 20:21:58.424,11167744,13-09-2021 18:06:44.919,8191,
29-12-2020 20:21:58.424,11167744,13-09-2021 18:06:44.919,8191,
29-12-2020 20:21:58.424,11167744,13-09-2021 18:06:44.919,8191,
29-12-2020 20:21:58.424,11167744,13-09-2021 18:06:44.919,8191,
29-12-2020 20:21:58.424,11167744,13-09-2021 18:06:44.919,8191,
29-12-2020 20:21:58.424,11167744,13-09-2021 18:06:44.919,8191,
29-12-2020 20:21:58.424,11167744,13-09-2021 18:06:44.919,8191,
29-12-2020 20:21:58.424,11167744,13-09-2021 18:06:44.919,8191,
29-12-2020 20:21:58.424,11167744,13-09-2021 18:06:44.919,8191,
29-12-2020 20:21:58.424,11167744,13-09-2021 18:06:44.919,8191,
29-12-2020 20:21:58.424,11167744,13-09-2021 18:06:44.919,8191,
29-12-2020 20:21:58.424,11167744,13-09-2021 18:06:44.919,8191,
29-12-2020 20:21:58.424,11167744,13-09-2021 18:06:44.919,8191,
29-12-2020 20:21:58.424,11167744,13-09-2021 18:06:44.919,8191,
29-12-2020 20:21:58.424,11167744,13-09-2021 18:06:44.919,8191,
29-12-2020 20:21:58.424,11167744,13-09-2021 18:06:44.919,8191,
29-12-2020 20:21:58.424,11167744,13-09-2021 18:06:44.919,8191,
29-12-2020 20:21:58.424,11167744,13-09-2021 18:06:44.919,8191,
29-12-2020 20:21:58.424,11167744,13-09-2021 18:06:44.919,8191,
29-12-2020 20:21:58.424,11167744,13-09-2021 18:06:44.919,8191,
29-12-2020 20:21:58.424,11167744,13-09-2021 18:06:44.919,8191,
29-12-2020 20:21:58.424,11167744,13-09-2021 18:06:44.919,8191,
29-12-2020 20:21:58.424,11167744,13-09-2021 18:06:44.919,8191,
29-12-2020 20:21:58.424,11167744,13-09-2021 18:06:44.919,8191,
29-12-2020 20:21:58.424,11167744,13-09-2021 18:06:44.919,8191,
29-12-2020 20:21:58.424,11167744,13-09-2021 18:06:44.919,8191,
29-12-2020 20:21:58.424,11167744,13-09-2021 18:06:44.919,8191,
29-12-2020 20:21:58.424,11167744,13-09-2021 18:06:44.919,8191,
29-12-2020 20:21:58.424,11167744,13-09-2021 18:06:44.919,8191,
29-12-2020 20:21:58.424,11167744,13-09-2021 18:06:44.919,8191,
29-12-2020 20:21:58.424,11167744,13-09-2021 18:06:44.919,8191,
29-12-2020 20:21:58.424,11167744,13-09-2021 18:06:44.919,8191,
29-12-2020 20:21:58.424,11167744,13-09-2021 18:06:44.919,8191,
29-12-2020 20:21:58.424,11167744,13-09-2021 18:06:44.919,8191,
29-12-2020 20:21:58.424,11167744,13-09-2021 18:06:44.919,8191,
29-12-2020 20:21:58.424,11167744,13-09-2021 18:06:44.919,8191,
29-12-2020 20:21:58.424,11167744,13-09-2021 18:06:44.919,8191,
29-12-2020 20:21:58.424,11167744,13-09-2021 18:06:44.919,8191,
29-12-2020 20:21:58.424,11167744,13-09-2021 18:06:44.919,8191,
29-12-2020 20:21:58.424,11167744,13-09-2021 18:06:44.919,8191,
29-12-2020 20:21:58.424,11167744,13-09-2021 18:06:44.919,8191,
29-12-2020 20:21:58.424,11167744,13-09-2021 18:06:44.919,8191,
29-12-2020 20:21:58.424,11167744,13-09-2021 18:06:44.919,8191,
29-12-2020 20:21:58.424,11167744,13-09-2021 18:06:44.919,8191,
29-12-2020 20:21:58.424,11167744,13-09-2021 18:06:44.919,8191,
29-12-2020 20:21:58.424,11167744,13-09-2021 18:06:44.919,8191,
29-12-2020 20:21:58.424,11167744,13-09-2021 18:06:44.919,8191,
29-12-2020 20:21:58.424,11167744,13-09-2021 18:06:44.919,8191,
29-12-2020 20:21:58.424,11167744,13-09-2021 18:06:44.919,8191,
29-12-2020 20:21:58.424,11167744,13-09-2021 18:06:44.919,8191,
29-12-2020 20:21:58.424,11167744,13-09-2021 18:06:44.919,8191,
29-12-2020 20:21:58.424,11167744,13-09-2021 18:06:44.919,8191,
29-12-2020 20:21:58.424,11167744,13-09-2021 18:06:44.919,8191,
29-12-2020 20:21:58.424,11167744,13-09-2021 18:06:44.919,8191,
29-12-2020 20:21:58.424,11167744,13-09-2021 18:06:44.919,8191,
29-12-2020 20:21:58.424,11167744,13-09-2021 18:06:44.919,8191,
29-12-2020 20:21:58.424,11167744,13-09-2021 18:06:44.919,8191,
29-12-2020 20:21:58.424,11167744,13-09-2021 18:06:44.919,8191,
29-12-2020 20:21:58.424,11167744,13-09-2021 18:06:44.919,8191,
29-12-2020 20:21:58.424,11167744,13-09-2021 18:06:44.919,8191,
29-12-2020 20:21:58.424,11167744,13-09-2021 18:06:44.919,8191,
29-12-2020 20:21:58.424,11167744,13-09-2021 18:06:44.919,8191,
29-12-2020 20:21:58.424,11167744,13-09-2021 18:06:44.919,8191,
29-12-2020 20:21:58.424,11167744,13-09-2021 18:06:44.919,8191,
29-12-2020 20:21:58.424,11167744,13-09-2021 18:06:44.919,8191,
29-12-2020 20:21:58.424,11167744,13-09-2021 18:06:44.919,8191,
29-12-2020 20:21:58.424,11167744,13-09-2021 18:06:44.919,8191,
29-12-2020 20:21:58.424,11167744,13-09-2021 18:06:44.919,8191,
29-12-2020 20:21:58.424,11167744,13-09-2021 18:06:44.919,8191,
29-12-2020 20:21:58.424,11167744,13-09-2021 18:06:44.919,8191,
29-12-2020 20:21:58.424,11167744,13-09-2021 18:06:44.919,8191,
29-12-2020 20:21:58.424,11167744,13-09-2021 18:06:44.919,8191,
29-12-2020 20:21:58.424,11167744,13-09-2021 18:06:44.919,8191,
29-12-2020 20:21:58.680,11169792,13-09-2021 18:06:45.935,8191,
29-12-2020 20:21:58.680,11169792,13-09-2021 18:06:45.935,8191,
29-12-2020 20:21:58.680,11169792,13-09-2021 18:06:45.935,8191,
29-12-2020 20:21:58.680,11169792,13-09-2021 18:06:45.935,8191,
29-12-2020 20:21:58.680,11169792,13-09-2021 18:06:45.935,8191,
29-12-2020 20:21:58.680,11169792,13-09-2021 18:06:45.935,8191,
29-12-2020 20:21:58.680,11169792,13-09-2021 18:06:45.935,8191,
29-12-2020 20:21:58.680,11169792,13-09-2021 18:06:45.935,8191,
29-12-2020 20:21:58.680,11169792,13-09-2021 18:06:45.935,8191,
29-12-2020 20:21:58.680,11169792,13-09-2021 18:06:45.935,8191,
29-12-2020 20:21:58.680,11169792,13-09-2021 18:06:45.935,8191,
29-12-2020 20:21:58.680,11169792,13-09-2021 18:06:45.935,8191,
29-12-2020 20:21:58.680,11169792,13-09-2021 18:06:45.935,8191,
29-12-2020 20:21:58.680,11169792,13-09-2021 18:06:45.935,8191,
29-12-2020 20:21:58.680,11169792,13-09-2021 18:06:45.935,8191,
29-12-2020 20:21:58.680,11169792,13-09-2021 18:06:45.935,8191,
29-12-2020 20:21:58.680,11169792,13-09-2021 18:06:45.935,8191,
29-12-2020 20:21:58.680,11169792,13-09-2021 18:06:45.935,8191,
29-12-2020 20:21:58.680,11169792,13-09-2021 18:06:45.935,8191,
29-12-2020 20:21:58.680,11169792,13-09-2021 18:06:45.935,8191,
29-12-2020 20:21:58.680,11169792,13-09-2021 18:06:45.935,8191,
29-12-2020 20:21:58.680,11169792,13-09-2021 18:06:45.935,8191,
29-12-2020 20:21:58.680,11169792,13-09-2021 18:06:45.935,8191,
29-12-2020 20:21:58.680,11169792,13-09-2021 18:06:45.935,8191,
29-12-2020 20:21:58.680,11169792,13-09-2021 18:06:45.935,8191,
29-12-2020 20:21:58.680,11169792,13-09-2021 18:06:45.935,8191,
29-12-2020 20:21:58.680,11169792,13-09-2021 18:06:45.935,8191,
29-12-2020 20:21:58.680,11169792,13-09-2021 18:06:45.935,8191,
29-12-2020 20:21:58.680,11169792,13-09-2021 18:06:45.935,8191,
29-12-2020 20:21:58.680,11169792,13-09-2021 18:06:45.935,8191,
29-12-2020 20:21:58.680,11169792,13-09-2021 18:06:45.935,8191,
29-12-2020 20:21:58.680,11169792,13-09-2021 18:06:45.935,8191,
29-12-2020 20:21:58.680,11169792,13-09-2021 18:06:45.935,8191,
29-12-2020 20:21:58.680,11169792,13-09-2021 18:06:45.935,8191,
29-12-2020 20:21:58.680,11169792,13-09-2021 18:06:45.935,8191,
29-12-2020 20:21:58.680,11169792,13-09-2021 18:06:45.935,8191,
29-12-2020 20:21:58.680,11169792,13-09-2021 18:06:45.935,8191,
29-12-2020 20:21:58.680,11169792,13-09-2021 18:06:45.935,8191,
29-12-2020 20:21:58.680,11169792,13-09-2021 18:06:45.935,8191,
29-12-2020 20:21:58.680,11169792,13-09-2021 18:06:45.935,8191,
29-12-2020 20:21:58.680,11169792,13-09-2021 18:06:45.935,8191,
29-12-2020 20:21:58.680,11169792,13-09-2021 18:06:45.935,8191,
29-12-2020 20:21:58.680,11169792,13-09-2021 18:06:45.935,8191,
29-12-2020 20:21:58.680,11169792,13-09-2021 18:06:45.935,8191,
29-12-2020 20:21:58.680,11169792,13-09-2021 18:06:45.935,8191,
29-12-2020 20:21:58.680,11169792,13-09-2021 18:06:45.935,8191,
29-12-2020 20:21:58.680,11169792,13-09-2021 18:06:45.935,8191,
29-12-2020 20:21:58.680,11169792,13-09-2021 18:06:45.935,8191,
29-12-2020 20:21:58.680,11169792,13-09-2021 18:06:45.935,8191,
29-12-2020 20:21:58.680,11169792,13-09-2021 18:06:45.935,8191,
29-12-2020 20:21:58.680,11169792,13-09-2021 18:06:45.935,8191,
29-12-2020 20:21:58.680,11169792,13-09-2021 18:06:45.935,8191,
29-12-2020 20:21:58.680,11169792,13-09-2021 18:06:45.935,8191,
29-12-2020 20:21:58.680,11169792,13-09-2021 18:06:45.935,8191,
29-12-2020 20:21:58.680,11169792,13-09-2021 18:06:45.935,8191,
29-12-2020 20:21:58.680,11169792,13-09-2021 18:06:45.935,8191,
29-12-2020 20:21:58.680,11169792,13-09-2021 18:06:45.935,8191,
29-12-2020 20:21:58.680,11169792,13-09-2021 18:06:45.935,8191,
29-12-2020 20:21:58.680,11169792,13-09-2021 18:06:45.935,8191,
29-12-2020 20:21:58.680,11169792,13-09-2021 18:06:45.935,8191,
29-12-2020 20:21:58.680,11169792,13-09-2021 18:06:45.935,8191,
29-12-2020 20:21:58.680,11169792,13-09-2021 18:06:45.935,8191,
29-12-2020 20:21:58.680,11169792,13-09-2021 18:06:45.935,8191,
29-12-2020 20:21:58.680,11169792,13-09-2021 18:06:45.935,8191,
29-12-2020 20:21:58.680,11169792,13-09-2021 18:06:45.935,8191,
29-12-2020 20:21:58.680,11169792,13-09-2021 18:06:45.935,8191,
29-12-2020 20:21:58.680,11169792,13-09-2021 18:06:45.935,8191,
29-12-2020 20:21:58.680,11169792,13-09-2021 18:06:45.935,8191,
29-12-2020 20:21:58.680,11169792,13-09-2021 18:06:45.935,8191,
29-12-2020 20:21:58.680,11169792,13-09-2021 18:06:45.935,8191,
29-12-2020 20:21:58.680,11169792,13-09-2021 18:06:45.935,8191,
29-12-2020 20:21:58.680,11169792,13-09-2021 18:06:45.935,8191,
29-12-2020 20:21:58.680,11169792,13-09-2021 18:06:45.935,8191,
29-12-2020 20:21:58.680,11169792,13-09-2021 18:06:45.935,8191,
29-12-2020 20:21:58.680,11169792,13-09-2021 18:06:45.935,8191,
29-12-2020 20:21:58.680,11169792,13-09-2021 18:06:45.935,8191,
29-12-2020 20:21:58.680,11169792,13-09-2021 18:06:45.935,8191,
29-12-2020 20:21:58.680,11169792,13-09-2021 18:06:45.935,8191,
29-12-2020 20:21:58.680,11169792,13-09-2021 18:06:45.935,8191,
29-12-2020 20:21:58.680,11169792,13-09-2021 18:06:45.935,8191,
29-12-2020 20:21:58.680,11169792,13-09-2021 18:06:45.935,8191,
29-12-2020 20:21:58.680,11169792,13-09-2021 18:06:45.935,8191,
29-12-2020 20:21:58.680,11169792,13-09-2021 18:06:45.935,8191,
29-12-2020 20:21:58.680,11169792,13-09-2021 18:06:45.935,8191,
29-12-2020 20:21:58.680,11169792,13-09-2021 18:06:45.935,8191,
29-12-2020 20:21:58.680,11169792,13-09-2021 18:06:45.935,8191,
29-12-2020 20:21:58.680,11169792,13-09-2021 18:06:45.935,8191,
29-12-2020 20:21:58.680,11169792,13-09-2021 18:06:45.935,8191,
29-12-2020 20:21:58.680,11169792,13-09-2021 18:06:45.935,8191,
29-12-2020 20:21:58.680,11169792,13-09-2021 18:06:45.935,8191,
29-12-2020 20:21:58.680,11169792,13-09-2021 18:06:45.935,8191,
29-12-2020 20:21:58.680,11169792,13-09-2021 18:06:45.935,8191,
29-12-2020 20:21:58.680,11169792,13-09-2021 18:06:45.935,8191,
29-12-2020 20:21:58.680,11169792,13-09-2021 18:06:45.935,8191,
29-12-2020 20:21:58.680,11169792,13-09-2021 18:06:45.935,8191,
29-12-2020 20:21:58.680,11169792,13-09-2021 18:06:45.935,8191,
29-12-2020 20:21:58.680,11169792,13-09-2021 18:06:45.935,8191,
29-12-2020 20:21:58.680,11169792,13-09-2021 18:06:45.935,8191,
29-12-2020 20:21:58.680,11169792,13-09-2021 18:06:45.935,8191,
29-12-2020 20:21:58.680,11169792,13-09-2021 18:06:45.935,8191,
29-12-2020 20:21:58.680,11169792,13-09-2021 18:06:45.935,8191,
29-12-2020 20:21:58.680,11169792,13-09-2021 18:06:45.935,8191,
29-12-2020 20:21:58.680,11169792,13-09-2021 18:06:45.935,8191,
29-12-2020 20:21:58.680,11169792,13-09-2021 18:06:45.935,8191,
29-12-2020 20:21:58.680,11169792,13-09-2021 18:06:45.935,8191,
29-12-2020 20:21:58.680,11169792,13-09-2021 18:06:45.935,8191,
29-12-2020 20:21:58.680,11169792,13-09-2021 18:06:45.935,8191,
29-12-2020 20:21:58.680,11169792,13-09-2021 18:06:45.935,8191,
29-12-2020 20:21:58.680,11169792,13-09-2021 18:06:45.935,8191,
29-12-2020 20:21:58.680,11169792,13-09-2021 18:06:45.935,8191,
29-12-2020 20:21:58.680,11169792,13-09-2021 18:06:45.935,8191,
29-12-2020 20:21:58.680,11169792,13-09-2021 18:06:45.935,8191,
29-12-2020 20:21:58.680,11169792,13-09-2021 18:06:45.935,8191,
29-12-2020 20:21:58.680,11169792,13-09-2021 18:06:45.935,8191,
29-12-2020 20:21:58.680,11169792,13-09-2021 18:06:45.935,8191,
29-12-2020 20:21:58.680,11169792,13-09-2021 18:06:45.935,8191,
29-12-2020 20:21:58.680,11169792,13-09-2021 18:06:45.935,8191,
29-12-2020 20:21:58.680,11169792,13-09-2021 18:06:45.935,8191,
29-12-2020 20:21:58.680,11169792,13-09-2021 18:06:45.935,8191,
29-12-2020 20:21:58.680,11169792,13-09-2021 18:06:45.935,8191,
29-12-2020 20:21:58.680,11169792,13-09-2021 18:06:45.935,8191,
29-12-2020 20:21:58.680,11169792,13-09-2021 18:06:45.935,8191,
29-12-2020 20:21:58.680,11169792,13-09-2021 18:06:45.935,8191,
29-12-2020 20:21:58.680,11169792,13-09-2021 18:06:45.935,8191,
29-12-2020 20:21:58.680,11169792,13-09-2021 18:06:45.935,8191,
29-12-2020 20:21:58.680,11169792,13-09-2021 18:06:45.935,8191,
29-12-2020 20:21:58.680,11169792,13-09-2021 18:06:45.935,8191,
29-12-2020 20:21:58.680,11169792,13-09-2021 18:06:45.935,8191,
29-12-2020 20:21:58.936,11171840,13-09-2021 18:06:45.935,8191,
29-12-2020 20:21:58.936,11171840,13-09-2021 18:06:45.935,8191,
29-12-2020 20:21:58.936,11171840,13-09-2021 18:06:45.935,8191,
29-12-2020 20:21:58.936,11171840,13-09-2021 18:06:45.935,8191,
29-12-2020 20:21:58.936,11171840,13-09-2021 18:06:45.935,8191,
29-12-2020 20:21:58.936,11171840,13-09-2021 18:06:45.935,8191,
29-12-2020 20:21:58.936,11171840,13-09-2021 18:06:45.935,8191,
29-12-2020 20:21:58.936,11171840,13-09-2021 18:06:45.935,8191,
29-12-2020 20:21:58.936,11171840,13-09-2021 18:06:45.935,8191,
29-12-2020 20:21:58.936,11171840,13-09-2021 18:06:45.935,8191,
29-12-2020 20:21:58.936,11171840,13-09-2021 18:06:45.935,8191,
29-12-2020 20:21:58.936,11171840,13-09-2021 18:06:45.935,8191,
29-12-2020 20:21:58.936,11171840,13-09-2021 18:06:45.935,8191,
29-12-2020 20:21:58.936,11171840,13-09-2021 18:06:45.935,8191,
29-12-2020 20:21:58.936,11171840,13-09-2021 18:06:45.935,8191,
29-12-2020 20:21:58.936,11171840,13-09-2021 18:06:45.935,8191,
29-12-2020 20:21:58.936,11171840,13-09-2021 18:06:45.935,8191,
29-12-2020 20:21:58.936,11171840,13-09-2021 18:06:45.935,8191,
29-12-2020 20:21:58.936,11171840,13-09-2021 18:06:45.935,8191,
29-12-2020 20:21:58.936,11171840,13-09-2021 18:06:45.935,8191,
29-12-2020 20:21:58.936,11171840,13-09-2021 18:06:45.935,8191,
29-12-2020 20:21:58.936,11171840,13-09-2021 18:06:45.935,8191,
29-12-2020 20:21:58.936,11171840,13-09-2021 18:06:45.935,8191,
29-12-2020 20:21:58.936,11171840,13-09-2021 18:06:45.935,8191,
29-12-2020 20:21:58.936,11171840,13-09-2021 18:06:45.935,8191,
29-12-2020 20:21:58.936,11171840,13-09-2021 18:06:45.935,8191,
29-12-2020 20:21:58.936,11171840,13-09-2021 18:06:45.935,8191,
29-12-2020 20:21:58.936,11171840,13-09-2021 18:06:45.935,8191,
29-12-2020 20:21:58.936,11171840,13-09-2021 18:06:45.935,8191,
29-12-2020 20:21:58.936,11171840,13-09-2021 18:06:45.935,8191,
29-12-2020 20:21:58.936,11171840,13-09-2021 18:06:45.935,8191,
29-12-2020 20:21:58.936,11171840,13-09-2021 18:06:45.935,8191,
29-12-2020 20:21:58.936,11171840,13-09-2021 18:06:45.935,8191,
29-12-2020 20:21:58.936,11171840,13-09-2021 18:06:45.935,8191,
29-12-2020 20:21:58.936,11171840,13-09-2021 18:06:45.935,8191,
29-12-2020 20:21:58.936,11171840,13-09-2021 18:06:45.935,8191,
29-12-2020 20:21:58.936,11171840,13-09-2021 18:06:45.935,8191,
29-12-2020 20:21:58.936,11171840,13-09-2021 18:06:45.935,8191,
29-12-2020 20:21:58.936,11171840,13-09-2021 18:06:45.935,8191,
29-12-2020 20:21:58.936,11171840,13-09-2021 18:06:45.935,8191,
29-12-2020 20:21:58.936,11171840,13-09-2021 18:06:45.935,8191,
29-12-2020 20:21:58.936,11171840,13-09-2021 18:06:45.935,8191,
29-12-2020 20:21:58.936,11171840,13-09-2021 18:06:45.935,8191,
29-12-2020 20:21:58.936,11171840,13-09-2021 18:06:45.935,8191,
29-12-2020 20:21:58.936,11171840,13-09-2021 18:06:45.935,8191,
29-12-2020 20:21:58.936,11171840,13-09-2021 18:06:45.935,8191,
29-12-2020 20:21:58.936,11171840,13-09-2021 18:06:45.935,8191,
29-12-2020 20:21:58.936,11171840,13-09-2021 18:06:45.935,8191,
29-12-2020 20:21:58.936,11171840,13-09-2021 18:06:45.935,8191,
29-12-2020 20:21:58.936,11171840,13-09-2021 18:06:45.935,8191,
29-12-2020 20:21:58.936,11171840,13-09-2021 18:06:45.935,8191,
29-12-2020 20:21:58.936,11171840,13-09-2021 18:06:45.935,8191,
29-12-2020 20:21:58.936,11171840,13-09-2021 18:06:45.935,8191,
29-12-2020 20:21:58.936,11171840,13-09-2021 18:06:45.935,8191,
29-12-2020 20:21:58.936,11171840,13-09-2021 18:06:45.935,8191,
29-12-2020 20:21:58.936,11171840,13-09-2021 18:06:45.935,8191,
29-12-2020 20:21:58.936,11171840,13-09-2021 18:06:45.935,8191,
29-12-2020 20:21:58.936,11171840,13-09-2021 18:06:45.935,8191,
29-12-2020 20:21:58.936,11171840,13-09-2021 18:06:45.935,8191,
29-12-2020 20:21:58.936,11171840,13-09-2021 18:06:45.935,8191,
29-12-2020 20:21:58.936,11171840,13-09-2021 18:06:45.935,8191,
29-12-2020 20:21:58.936,11171840,13-09-2021 18:06:45.935,8191,
29-12-2020 20:21:58.936,11171840,13-09-2021 18:06:45.935,8191,
29-12-2020 20:21:58.936,11171840,13-09-2021 18:06:45.935,8191,
29-12-2020 20:21:58.936,11171840,13-09-2021 18:06:45.935,8191,
29-12-2020 20:21:58.936,11171840,13-09-2021 18:06:45.935,8191,
29-12-2020 20:21:58.936,11171840,13-09-2021 18:06:45.935,8191,
29-12-2020 20:21:58.936,11171840,13-09-2021 18:06:45.935,8191,
29-12-2020 20:21:58.936,11171840,13-09-2021 18:06:45.935,8191,
29-12-2020 20:21:58.936,11171840,13-09-2021 18:06:45.935,8191,
29-12-2020 20:21:58.936,11171840,13-09-2021 18:06:45.935,8191,
29-12-2020 20:21:58.936,11171840,13-09-2021 18:06:45.935,8191,
29-12-2020 20:21:58.936,11171840,13-09-2021 18:06:45.935,8191,
29-12-2020 20:21:58.936,11171840,13-09-2021 18:06:45.935,8191,
29-12-2020 20:21:58.936,11171840,13-09-2021 18:06:45.935,8191,
29-12-2020 20:21:58.936,11171840,13-09-2021 18:06:45.935,8191,
29-12-2020 20:21:58.936,11171840,13-09-2021 18:06:45.935,8191,
29-12-2020 20:21:58.936,11171840,13-09-2021 18:06:45.935,8191,
29-12-2020 20:21:58.936,11171840,13-09-2021 18:06:45.935,8191,
29-12-2020 20:21:58.936,11171840,13-09-2021 18:06:45.935,8191,
29-12-2020 20:21:58.936,11171840,13-09-2021 18:06:45.935,8191,
29-12-2020 20:21:58.936,11171840,13-09-2021 18:06:45.935,8191,
29-12-2020 20:21:58.936,11171840,13-09-2021 18:06:45.935,8191,
29-12-2020 20:21:58.936,11171840,13-09-2021 18:06:45.935,8191,
29-12-2020 20:21:58.936,11171840,13-09-2021 18:06:45.935,8191,
29-12-2020 20:21:58.936,11171840,13-09-2021 18:06:45.935,8191,
29-12-2020 20:21:58.936,11171840,13-09-2021 18:06:45.935,8191,
29-12-2020 20:21:58.936,11171840,13-09-2021 18:06:45.935,8191,
29-12-2020 20:21:58.936,11171840,13-09-2021 18:06:45.935,8191,
29-12-2020 20:21:58.936,11171840,13-09-2021 18:06:45.935,8191,
29-12-2020 20:21:58.936,11171840,13-09-2021 18:06:45.935,8191,
29-12-2020 20:21:58.936,11171840,13-09-2021 18:06:45.935,8191,
29-12-2020 20:21:58.936,11171840,13-09-2021 18:06:45.935,8191,
29-12-2020 20:21:58.936,11171840,13-09-2021 18:06:45.935,8191,
29-12-2020 20:21:58.936,11171840,13-09-2021 18:06:45.935,8191,
29-12-2020 20:21:58.936,11171840,13-09-2021 18:06:45.935,8191,
29-12-2020 20:21:58.936,11171840,13-09-2021 18:06:45.935,8191,
29-12-2020 20:21:58.936,11171840,13-09-2021 18:06:45.935,8191,
29-12-2020 20:21:58.936,11171840,13-09-2021 18:06:45.935,8191,
29-12-2020 20:21:58.936,11171840,13-09-2021 18:06:45.935,8191,
29-12-2020 20:21:58.936,11171840,13-09-2021 18:06:45.935,8191,
29-12-2020 20:21:58.936,11171840,13-09-2021 18:06:45.935,8191,
29-12-2020 20:21:58.936,11171840,13-09-2021 18:06:45.935,8191,
29-12-2020 20:21:58.936,11171840,13-09-2021 18:06:45.935,8191,
29-12-2020 20:21:58.936,11171840,13-09-2021 18:06:45.935,8191,
29-12-2020 20:21:58.936,11171840,13-09-2021 18:06:45.935,8191,
29-12-2020 20:21:58.936,11171840,13-09-2021 18:06:45.935,8191,
29-12-2020 20:21:58.936,11171840,13-09-2021 18:06:45.935,8191,
29-12-2020 20:21:58.936,11171840,13-09-2021 18:06:45.935,8191,
29-12-2020 20:21:58.936,11171840,13-09-2021 18:06:45.935,8191,
29-12-2020 20:21:58.936,11171840,13-09-2021 18:06:45.935,8191,
29-12-2020 20:21:58.936,11171840,13-09-2021 18:06:45.935,8191,
29-12-2020 20:21:58.936,11171840,13-09-2021 18:06:45.935,8191,
29-12-2020 20:21:58.936,11171840,13-09-2021 18:06:45.935,8191,
29-12-2020 20:21:58.936,11171840,13-09-2021 18:06:45.935,8191,
29-12-2020 20:21:58.936,11171840,13-09-2021 18:06:45.935,8191,
29-12-2020 20:21:58.936,11171840,13-09-2021 18:06:45.935,8191,
29-12-2020 20:21:58.936,11171840,13-09-2021 18:06:45.935,8191,
29-12-2020 20:21:58.936,11171840,13-09-2021 18:06:45.935,8191,
29-12-2020 20:21:58.936,11171840,13-09-2021 18:06:45.935,8191,
29-12-2020 20:21:58.936,11171840,13-09-2021 18:06:45.935,8191,
29-12-2020 20:21:58.936,11171840,13-09-2021 18:06:45.935,8191,
29-12-2020 20:21:58.936,11171840,13-09-2021 18:06:45.935,8191,
29-12-2020 20:21:58.936,11171840,13-09-2021 18:06:45.935,8191,
29-12-2020 20:21:58.936,11171840,13-09-2021 18:06:45.935,8191,
29-12-2020 20:21:58.936,11171840,13-09-2021 18:06:45.935,8191,
29-12-2020 20:21:58.936,11171840,13-09-2021 18:06:45.935,8191,
29-12-2020 20:21:58.936,11171840,13-09-2021 18:06:45.935,8191,
29-12-2020 20:21:59.192,11173888,13-09-2021 18:06:45.935,8191,
29-12-2020 20:21:59.192,11173888,13-09-2021 18:06:45.935,8191,
29-12-2020 20:21:59.192,11173888,13-09-2021 18:06:45.935,8191,
29-12-2020 20:21:59.192,11173888,13-09-2021 18:06:45.935,8191,
29-12-2020 20:21:59.192,11173888,13-09-2021 18:06:45.935,8191,
29-12-2020 20:21:59.192,11173888,13-09-2021 18:06:45.935,8191,
29-12-2020 20:21:59.192,11173888,13-09-2021 18:06:45.935,8191,
29-12-2020 20:21:59.192,11173888,13-09-2021 18:06:45.935,8191,
29-12-2020 20:21:59.192,11173888,13-09-2021 18:06:45.935,8191,
29-12-2020 20:21:59.192,11173888,13-09-2021 18:06:45.935,8191,
29-12-2020 20:21:59.192,11173888,13-09-2021 18:06:45.935,8191,
29-12-2020 20:21:59.192,11173888,13-09-2021 18:06:45.935,8191,
29-12-2020 20:21:59.192,11173888,13-09-2021 18:06:45.935,8191,
29-12-2020 20:21:59.192,11173888,13-09-2021 18:06:45.935,8191,
29-12-2020 20:21:59.192,11173888,13-09-2021 18:06:45.935,8191,
29-12-2020 20:21:59.192,11173888,13-09-2021 18:06:45.935,8191,
29-12-2020 20:21:59.192,11173888,13-09-2021 18:06:45.935,8191,
29-12-2020 20:21:59.192,11173888,13-09-2021 18:06:45.935,8191,
29-12-2020 20:21:59.192,11173888,13-09-2021 18:06:45.935,8191,
29-12-2020 20:21:59.192,11173888,13-09-2021 18:06:45.935,8191,
29-12-2020 20:21:59.192,11173888,13-09-2021 18:06:45.935,8191,
29-12-2020 20:21:59.192,11173888,13-09-2021 18:06:45.935,8191,
29-12-2020 20:21:59.192,11173888,13-09-2021 18:06:45.935,8191,
29-12-2020 20:21:59.192,11173888,13-09-2021 18:06:45.935,8191,
29-12-2020 20:21:59.192,11173888,13-09-2021 18:06:45.935,8191,
29-12-2020 20:21:59.192,11173888,13-09-2021 18:06:45.935,8191,
29-12-2020 20:21:59.192,11173888,13-09-2021 18:06:45.935,8191,
29-12-2020 20:21:59.192,11173888,13-09-2021 18:06:45.935,8191,
29-12-2020 20:21:59.192,11173888,13-09-2021 18:06:45.935,8191,
29-12-2020 20:21:59.192,11173888,13-09-2021 18:06:45.935,8191,
29-12-2020 20:21:59.192,11173888,13-09-2021 18:06:45.935,8191,
29-12-2020 20:21:59.192,11173888,13-09-2021 18:06:45.935,8191,
29-12-2020 20:21:59.192,11173888,13-09-2021 18:06:45.935,8191,
29-12-2020 20:21:59.192,11173888,13-09-2021 18:06:45.935,8191,
29-12-2020 20:21:59.192,11173888,13-09-2021 18:06:45.935,8191,
29-12-2020 20:21:59.192,11173888,13-09-2021 18:06:45.935,8191,
29-12-2020 20:21:59.192,11173888,13-09-2021 18:06:45.935,8191,
29-12-2020 20:21:59.192,11173888,13-09-2021 18:06:45.935,8191,
29-12-2020 20:21:59.192,11173888,13-09-2021 18:06:45.935,8191,
29-12-2020 20:21:59.192,11173888,13-09-2021 18:06:45.935,8191,
29-12-2020 20:21:59.192,11173888,13-09-2021 18:06:45.935,8191,
29-12-2020 20:21:59.192,11173888,13-09-2021 18:06:45.935,8191,
29-12-2020 20:21:59.192,11173888,13-09-2021 18:06:45.935,8191,
29-12-2020 20:21:59.192,11173888,13-09-2021 18:06:45.935,8191,
29-12-2020 20:21:59.192,11173888,13-09-2021 18:06:45.935,8191,
29-12-2020 20:21:59.192,11173888,13-09-2021 18:06:45.935,8191,
29-12-2020 20:21:59.192,11173888,13-09-2021 18:06:45.935,8191,
29-12-2020 20:21:59.192,11173888,13-09-2021 18:06:45.935,8191,
29-12-2020 20:21:59.192,11173888,13-09-2021 18:06:45.935,8191,
29-12-2020 20:21:59.192,11173888,13-09-2021 18:06:45.935,8191,
29-12-2020 20:21:59.192,11173888,13-09-2021 18:06:45.935,8191,
29-12-2020 20:21:59.192,11173888,13-09-2021 18:06:45.935,8191,
29-12-2020 20:21:59.192,11173888,13-09-2021 18:06:45.935,8191,
29-12-2020 20:21:59.192,11173888,13-09-2021 18:06:45.935,8191,
29-12-2020 20:21:59.192,11173888,13-09-2021 18:06:45.935,8191,
29-12-2020 20:21:59.192,11173888,13-09-2021 18:06:45.935,8191,
29-12-2020 20:21:59.192,11173888,13-09-2021 18:06:45.935,8191,
29-12-2020 20:21:59.192,11173888,13-09-2021 18:06:45.935,8191,
29-12-2020 20:21:59.192,11173888,13-09-2021 18:06:45.935,8191,
29-12-2020 20:21:59.192,11173888,13-09-2021 18:06:45.935,8191,
29-12-2020 20:21:59.192,11173888,13-09-2021 18:06:45.935,8191,
29-12-2020 20:21:59.192,11173888,13-09-2021 18:06:45.935,8191,
29-12-2020 20:21:59.192,11173888,13-09-2021 18:06:45.935,8191,
29-12-2020 20:21:59.192,11173888,13-09-2021 18:06:45.935,8191,
29-12-2020 20:21:59.192,11173888,13-09-2021 18:06:45.935,8191,
29-12-2020 20:21:59.192,11173888,13-09-2021 18:06:45.935,8191,
29-12-2020 20:21:59.192,11173888,13-09-2021 18:06:45.935,8191,
29-12-2020 20:21:59.192,11173888,13-09-2021 18:06:45.935,8191,
29-12-2020 20:21:59.192,11173888,13-09-2021 18:06:45.935,8191,
29-12-2020 20:21:59.192,11173888,13-09-2021 18:06:45.935,8191,
29-12-2020 20:21:59.192,11173888,13-09-2021 18:06:45.935,8191,
29-12-2020 20:21:59.192,11173888,13-09-2021 18:06:45.935,8191,
29-12-2020 20:21:59.192,11173888,13-09-2021 18:06:45.935,8191,
29-12-2020 20:21:59.192,11173888,13-09-2021 18:06:45.935,8191,
29-12-2020 20:21:59.192,11173888,13-09-2021 18:06:45.935,8191,
29-12-2020 20:21:59.192,11173888,13-09-2021 18:06:45.935,8191,
29-12-2020 20:21:59.192,11173888,13-09-2021 18:06:45.935,8191,
29-12-2020 20:21:59.192,11173888,13-09-2021 18:06:45.935,8191,
29-12-2020 20:21:59.192,11173888,13-09-2021 18:06:45.935,8191,
29-12-2020 20:21:59.192,11173888,13-09-2021 18:06:45.935,8191,
29-12-2020 20:21:59.192,11173888,13-09-2021 18:06:45.935,8191,
29-12-2020 20:21:59.192,11173888,13-09-2021 18:06:45.935,8191,
29-12-2020 20:21:59.192,11173888,13-09-2021 18:06:45.935,8191,
29-12-2020 20:21:59.192,11173888,13-09-2021 18:06:45.935,8191,
29-12-2020 20:21:59.192,11173888,13-09-2021 18:06:45.935,8191,
29-12-2020 20:21:59.192,11173888,13-09-2021 18:06:45.935,8191,
29-12-2020 20:21:59.192,11173888,13-09-2021 18:06:45.935,8191,
29-12-2020 20:21:59.192,11173888,13-09-2021 18:06:45.935,8191,
29-12-2020 20:21:59.192,11173888,13-09-2021 18:06:45.935,8191,
29-12-2020 20:21:59.192,11173888,13-09-2021 18:06:45.935,8191,
29-12-2020 20:21:59.192,11173888,13-09-2021 18:06:45.935,8191,
29-12-2020 20:21:59.192,11173888,13-09-2021 18:06:45.935,8191,
29-12-2020 20:21:59.192,11173888,13-09-2021 18:06:45.935,8191,
29-12-2020 20:21:59.192,11173888,13-09-2021 18:06:45.935,8191,
29-12-2020 20:21:59.192,11173888,13-09-2021 18:06:45.935,8191,
29-12-2020 20:21:59.192,11173888,13-09-2021 18:06:45.935,8191,
29-12-2020 20:21:59.192,11173888,13-09-2021 18:06:45.935,8191,
29-12-2020 20:21:59.192,11173888,13-09-2021 18:06:45.935,8191,
29-12-2020 20:21:59.192,11173888,13-09-2021 18:06:45.935,8191,
29-12-2020 20:21:59.192,11173888,13-09-2021 18:06:45.935,8191,
29-12-2020 20:21:59.192,11173888,13-09-2021 18:06:45.935,8191,
29-12-2020 20:21:59.192,11173888,13-09-2021 18:06:45.935,8191,
29-12-2020 20:21:59.192,11173888,13-09-2021 18:06:45.935,8191,
29-12-2020 20:21:59.192,11173888,13-09-2021 18:06:45.935,8191,
29-12-2020 20:21:59.192,11173888,13-09-2021 18:06:45.935,8191,
29-12-2020 20:21:59.192,11173888,13-09-2021 18:06:45.935,8191,
29-12-2020 20:21:59.192,11173888,13-09-2021 18:06:45.935,8191,
29-12-2020 20:21:59.192,11173888,13-09-2021 18:06:45.935,8191,
29-12-2020 20:21:59.192,11173888,13-09-2021 18:06:45.935,8191,
29-12-2020 20:21:59.192,11173888,13-09-2021 18:06:45.935,8191,
29-12-2020 20:21:59.192,11173888,13-09-2021 18:06:45.935,8191,
29-12-2020 20:21:59.192,11173888,13-09-2021 18:06:45.935,8191,
29-12-2020 20:21:59.192,11173888,13-09-2021 18:06:45.935,8191,
29-12-2020 20:21:59.192,11173888,13-09-2021 18:06:45.935,8191,
29-12-2020 20:21:59.192,11173888,13-09-2021 18:06:45.935,8191,
29-12-2020 20:21:59.192,11173888,13-09-2021 18:06:45.935,8191,
29-12-2020 20:21:59.192,11173888,13-09-2021 18:06:45.935,8191,
29-12-2020 20:21:59.192,11173888,13-09-2021 18:06:45.935,8191,
29-12-2020 20:21:59.192,11173888,13-09-2021 18:06:45.935,8191,
29-12-2020 20:21:59.192,11173888,13-09-2021 18:06:45.935,8191,
29-12-2020 20:21:59.192,11173888,13-09-2021 18:06:45.935,8191,
29-12-2020 20:21:59.192,11173888,13-09-2021 18:06:45.935,8191,
29-12-2020 20:21:59.192,11173888,13-09-2021 18:06:45.935,8191,
29-12-2020 20:21:59.192,11173888,13-09-2021 18:06:45.935,8191,
29-12-2020 20:21:59.192,11173888,13-09-2021 18:06:45.935,8191,
29-12-2020 20:21:59.192,11173888,13-09-2021 18:06:45.935,8191,
29-12-2020 20:21:59.192,11173888,13-09-2021 18:06:45.935,8191,
29-12-2020 20:21:59.192,11173888,13-09-2021 18:06:45.935,8191,
29-12-2020 20:21:59.448,11175936,13-09-2021 18:06:45.935,8191,
29-12-2020 20:21:59.448,11175936,13-09-2021 18:06:45.935,8191,
29-12-2020 20:21:59.448,11175936,13-09-2021 18:06:45.935,8191,
29-12-2020 20:21:59.448,11175936,13-09-2021 18:06:45.935,8191,
29-12-2020 20:21:59.448,11175936,13-09-2021 18:06:45.935,8191,
29-12-2020 20:21:59.448,11175936,13-09-2021 18:06:45.935,8191,
29-12-2020 20:21:59.448,11175936,13-09-2021 18:06:45.935,8191,
29-12-2020 20:21:59.448,11175936,13-09-2021 18:06:45.935,8191,
29-12-2020 20:21:59.448,11175936,13-09-2021 18:06:45.935,8191,
29-12-2020 20:21:59.448,11175936,13-09-2021 18:06:45.935,8191,
29-12-2020 20:21:59.448,11175936,13-09-2021 18:06:45.935,8191,
29-12-2020 20:21:59.448,11175936,13-09-2021 18:06:45.935,8191,
29-12-2020 20:21:59.448,11175936,13-09-2021 18:06:45.935,8191,
29-12-2020 20:21:59.448,11175936,13-09-2021 18:06:45.935,8191,
29-12-2020 20:21:59.448,11175936,13-09-2021 18:06:45.935,8191,
29-12-2020 20:21:59.448,11175936,13-09-2021 18:06:45.935,8191,
29-12-2020 20:21:59.448,11175936,13-09-2021 18:06:45.935,8191,
29-12-2020 20:21:59.448,11175936,13-09-2021 18:06:45.935,8191,
29-12-2020 20:21:59.448,11175936,13-09-2021 18:06:45.935,8191,
29-12-2020 20:21:59.448,11175936,13-09-2021 18:06:45.935,8191,
29-12-2020 20:21:59.448,11175936,13-09-2021 18:06:45.935,8191,
29-12-2020 20:21:59.448,11175936,13-09-2021 18:06:45.935,8191,
29-12-2020 20:21:59.448,11175936,13-09-2021 18:06:45.935,8191,
29-12-2020 20:21:59.448,11175936,13-09-2021 18:06:45.935,8191,
29-12-2020 20:21:59.448,11175936,13-09-2021 18:06:45.935,8191,
29-12-2020 20:21:59.448,11175936,13-09-2021 18:06:45.935,8191,
29-12-2020 20:21:59.448,11175936,13-09-2021 18:06:45.935,8191,
29-12-2020 20:21:59.448,11175936,13-09-2021 18:06:45.935,8191,
29-12-2020 20:21:59.448,11175936,13-09-2021 18:06:45.935,8191,
29-12-2020 20:21:59.448,11175936,13-09-2021 18:06:45.935,8191,
29-12-2020 20:21:59.448,11175936,13-09-2021 18:06:45.935,8191,
29-12-2020 20:21:59.448,11175936,13-09-2021 18:06:45.935,8191,
29-12-2020 20:21:59.448,11175936,13-09-2021 18:06:45.935,8191,
29-12-2020 20:21:59.448,11175936,13-09-2021 18:06:45.935,8191,
29-12-2020 20:21:59.448,11175936,13-09-2021 18:06:45.935,8191,
29-12-2020 20:21:59.448,11175936,13-09-2021 18:06:45.935,8191,
29-12-2020 20:21:59.448,11175936,13-09-2021 18:06:45.935,8191,
29-12-2020 20:21:59.448,11175936,13-09-2021 18:06:45.935,8191,
29-12-2020 20:21:59.448,11175936,13-09-2021 18:06:45.935,8191,
29-12-2020 20:21:59.448,11175936,13-09-2021 18:06:45.935,8191,
29-12-2020 20:21:59.448,11175936,13-09-2021 18:06:45.935,8191,
29-12-2020 20:21:59.448,11175936,13-09-2021 18:06:45.935,8191,
29-12-2020 20:21:59.448,11175936,13-09-2021 18:06:45.935,8191,
29-12-2020 20:21:59.448,11175936,13-09-2021 18:06:45.935,8191,
29-12-2020 20:21:59.448,11175936,13-09-2021 18:06:45.935,8191,
29-12-2020 20:21:59.448,11175936,13-09-2021 18:06:45.935,8191,
29-12-2020 20:21:59.448,11175936,13-09-2021 18:06:45.935,8191,
29-12-2020 20:21:59.448,11175936,13-09-2021 18:06:45.935,8191,
29-12-2020 20:21:59.448,11175936,13-09-2021 18:06:45.935,8191,
29-12-2020 20:21:59.448,11175936,13-09-2021 18:06:45.935,8191,
29-12-2020 20:21:59.448,11175936,13-09-2021 18:06:45.935,8191,
29-12-2020 20:21:59.448,11175936,13-09-2021 18:06:45.935,8191,
29-12-2020 20:21:59.448,11175936,13-09-2021 18:06:45.935,8191,
29-12-2020 20:21:59.448,11175936,13-09-2021 18:06:45.935,8191,
29-12-2020 20:21:59.448,11175936,13-09-2021 18:06:45.935,8191,
29-12-2020 20:21:59.448,11175936,13-09-2021 18:06:45.935,8191,
29-12-2020 20:21:59.448,11175936,13-09-2021 18:06:45.935,8191,
29-12-2020 20:21:59.448,11175936,13-09-2021 18:06:45.935,8191,
29-12-2020 20:21:59.448,11175936,13-09-2021 18:06:45.935,8191,
29-12-2020 20:21:59.448,11175936,13-09-2021 18:06:45.935,8191,
29-12-2020 20:21:59.448,11175936,13-09-2021 18:06:45.935,8191,
29-12-2020 20:21:59.448,11175936,13-09-2021 18:06:45.935,8191,
29-12-2020 20:21:59.448,11175936,13-09-2021 18:06:45.935,8191,
29-12-2020 20:21:59.448,11175936,13-09-2021 18:06:45.935,8191,
29-12-2020 20:21:59.448,11175936,13-09-2021 18:06:45.935,8191,
29-12-2020 20:21:59.448,11175936,13-09-2021 18:06:45.935,8191,
29-12-2020 20:21:59.448,11175936,13-09-2021 18:06:45.935,8191,
29-12-2020 20:21:59.448,11175936,13-09-2021 18:06:45.935,8191,
29-12-2020 20:21:59.448,11175936,13-09-2021 18:06:45.935,8191,
29-12-2020 20:21:59.448,11175936,13-09-2021 18:06:45.935,8191,
29-12-2020 20:21:59.448,11175936,13-09-2021 18:06:45.935,8191,
29-12-2020 20:21:59.448,11175936,13-09-2021 18:06:45.935,8191,
29-12-2020 20:21:59.448,11175936,13-09-2021 18:06:45.935,8191,
29-12-2020 20:21:59.448,11175936,13-09-2021 18:06:45.935,8191,
29-12-2020 20:21:59.448,11175936,13-09-2021 18:06:45.935,8191,
29-12-2020 20:21:59.448,11175936,13-09-2021 18:06:45.935,8191,
29-12-2020 20:21:59.448,11175936,13-09-2021 18:06:45.935,8191,
29-12-2020 20:21:59.448,11175936,13-09-2021 18:06:45.935,8191,
29-12-2020 20:21:59.448,11175936,13-09-2021 18:06:45.935,8191,
29-12-2020 20:21:59.448,11175936,13-09-2021 18:06:45.935,8191,
29-12-2020 20:21:59.448,11175936,13-09-2021 18:06:45.935,8191,
29-12-2020 20:21:59.448,11175936,13-09-2021 18:06:45.935,8191,
29-12-2020 20:21:59.448,11175936,13-09-2021 18:06:45.935,8191,
29-12-2020 20:21:59.448,11175936,13-09-2021 18:06:45.935,8191,
29-12-2020 20:21:59.448,11175936,13-09-2021 18:06:45.935,8191,
29-12-2020 20:21:59.448,11175936,13-09-2021 18:06:45.935,8191,
29-12-2020 20:21:59.448,11175936,13-09-2021 18:06:45.935,8191,
29-12-2020 20:21:59.448,11175936,13-09-2021 18:06:45.935,8191,
29-12-2020 20:21:59.448,11175936,13-09-2021 18:06:45.935,8191,
29-12-2020 20:21:59.448,11175936,13-09-2021 18:06:45.935,8191,
29-12-2020 20:21:59.448,11175936,13-09-2021 18:06:45.935,8191,
29-12-2020 20:21:59.448,11175936,13-09-2021 18:06:45.935,8191,
29-12-2020 20:21:59.448,11175936,13-09-2021 18:06:45.935,8191,
29-12-2020 20:21:59.448,11175936,13-09-2021 18:06:45.935,8191,
29-12-2020 20:21:59.448,11175936,13-09-2021 18:06:45.935,8191,
29-12-2020 20:21:59.448,11175936,13-09-2021 18:06:45.935,8191,
29-12-2020 20:21:59.448,11175936,13-09-2021 18:06:45.935,8191,
29-12-2020 20:21:59.448,11175936,13-09-2021 18:06:45.935,8191,
29-12-2020 20:21:59.448,11175936,13-09-2021 18:06:45.935,8191,
29-12-2020 20:21:59.448,11175936,13-09-2021 18:06:45.935,8191,
29-12-2020 20:21:59.448,11175936,13-09-2021 18:06:45.935,8191,
29-12-2020 20:21:59.448,11175936,13-09-2021 18:06:45.935,8191,
29-12-2020 20:21:59.448,11175936,13-09-2021 18:06:45.935,8191,
29-12-2020 20:21:59.448,11175936,13-09-2021 18:06:45.935,8191,
29-12-2020 20:21:59.448,11175936,13-09-2021 18:06:45.935,8191,
29-12-2020 20:21:59.448,11175936,13-09-2021 18:06:45.935,8191,
29-12-2020 20:21:59.448,11175936,13-09-2021 18:06:45.935,8191,
29-12-2020 20:21:59.448,11175936,13-09-2021 18:06:45.935,8191,
29-12-2020 20:21:59.448,11175936,13-09-2021 18:06:45.935,8191,
29-12-2020 20:21:59.448,11175936,13-09-2021 18:06:45.935,8191,
29-12-2020 20:21:59.448,11175936,13-09-2021 18:06:45.935,8191,
29-12-2020 20:21:59.448,11175936,13-09-2021 18:06:45.935,8191,
29-12-2020 20:21:59.448,11175936,13-09-2021 18:06:45.935,8191,
29-12-2020 20:21:59.448,11175936,13-09-2021 18:06:45.935,8191,
29-12-2020 20:21:59.448,11175936,13-09-2021 18:06:45.935,8191,
29-12-2020 20:21:59.448,11175936,13-09-2021 18:06:45.935,8191,
29-12-2020 20:21:59.448,11175936,13-09-2021 18:06:45.935,8191,
29-12-2020 20:21:59.448,11175936,13-09-2021 18:06:45.935,8191,
29-12-2020 20:21:59.448,11175936,13-09-2021 18:06:45.935,8191,
29-12-2020 20:21:59.448,11175936,13-09-2021 18:06:45.935,8191,
29-12-2020 20:21:59.448,11175936,13-09-2021 18:06:45.935,8191,
29-12-2020 20:21:59.448,11175936,13-09-2021 18:06:45.935,8191,
29-12-2020 20:21:59.448,11175936,13-09-2021 18:06:45.935,8191,
29-12-2020 20:21:59.448,11175936,13-09-2021 18:06:45.935,8191,
29-12-2020 20:21:59.448,11175936,13-09-2021 18:06:45.935,8191,
29-12-2020 20:21:59.448,11175936,13-09-2021 18:06:45.935,8191,
29-12-2020 20:21:59.448,11175936,13-09-2021 18:06:45.935,8191,
29-12-2020 20:21:59.448,11175936,13-09-2021 18:06:45.935,8191,
